Random waveform, supplied seed
Total number of intervals = 82 (7434, 67201, 85927, 63953, 31595, 87879, 7287, 62295, 6561, 22532, 60653, 59076, 60154, 22964, 8172, 27652, 37594, 24367, 33771, 84944, 85666, 51918, 34406, 28664, 38289, 20658, 13840, 93419, 98284, 71313, 42089, 46458, 30755, 42889, 93552, 65694, 29574, 51355, 67361, 16287, 81508, 87619, 99068, 51267, 11822, 97494, 97350, 55460, 85984, 82043, 52873, 13911, 49984, 9274, 27187, 18735, 86505, 93039, 75999, 32324, 84255, 81759, 37291, 53818, 30297, 31569, 38927, 10652, 98119, 48176, 34929, 69735, 20753, 84642, 42333, 61587, 77998, 97625, 23781, 66723, 31016, 47394)
Average QPS expected = 52040
Timestamp start: 1715796063816
Timestamp end: 1715796884620

#type       avg     std     min      p5     p10     p50     p67     p75     p80     p85     p90     p95     p99    p999   p9999      QPS   target
read      386.2   917.1    74.4   134.5   161.6   314.0   360.1   387.1   407.1   433.9   476.1   561.0  1950.7 10390.5 35625.9   7399.4     7434
read      377.9   435.9    74.4   129.5   149.9   323.2   405.9   457.2   497.0   545.4   610.0   723.5  1414.8  4804.3 14584.1  67309.9    67201
read      372.5   338.8    68.9   133.1   156.3   328.3   409.5   459.7   499.2   547.3   614.1   723.6  1063.5  3384.2 12338.2  85998.6    85927
read      375.1   433.4    68.9   129.1   149.3   324.3   406.8   456.8   495.3   541.5   600.9   700.7  1298.7  5145.3 13467.8  63794.5    63953
read      349.1   357.2    74.4   122.6   140.5   314.3   390.8   437.5   475.6   516.7   565.3   638.6   965.4  4056.6 13362.0  31659.2    31595
read      399.6   494.0    68.9   135.6   159.8   337.1   420.9   472.9   514.7   567.7   639.6   771.2  1497.9  6346.1 21650.3  87887.7    87879
read      421.1  1215.2    74.4   132.7   163.0   320.7   369.2   397.4   418.8   445.2   485.6   569.8  2494.1 25623.2 36699.4   7281.8     7287
read      359.1   330.3    68.9   127.0   146.5   320.5   401.1   449.1   486.4   531.6   587.1   675.9  1061.0  3429.0 12181.3  62103.0    62295
read      430.3  1244.3    74.4   137.6   170.3   316.1   362.5   389.2   408.9   435.4   480.5   590.3  3268.5 25230.2 37132.4   6577.0     6561
read      455.6   689.8    68.9   126.1   146.4   348.6   481.6   581.2   657.4   736.8   826.4   953.5  1476.0  8839.7 29705.0  22573.5    22532
read      357.1   277.2    68.9   127.6   147.3   321.4   402.6   452.2   490.5   535.8   591.4   681.5  1012.5  1996.6  9859.3  60659.2    60653
read      369.4   328.0    74.4   129.1   149.1   327.4   410.0   460.7   499.9   546.8   606.2   701.2  1142.6  3222.4 12516.5  59023.9    59076
read      362.2   318.3    68.9   127.9   147.5   324.3   404.7   454.1   492.1   537.6   594.2   686.5  1057.6  2889.6 10603.7  60166.7    60154
read      420.1   721.1    68.9   122.0   141.0   324.3   421.3   489.2   544.2   625.5   743.4   903.0  1528.2  8985.2 31373.6  22939.7    22964
read      403.6  1024.3    74.4   131.0   156.1   310.0   358.3   388.5   412.1   443.7   490.6   588.8  2641.5 12696.4 32513.3   8117.5     8172
read      347.9   474.9    68.9   119.4   136.8   301.8   374.5   421.1   457.3   499.9   549.6   640.0  1088.1  7166.3 19660.9  27649.7    27652
read      350.4   316.0    74.4   122.9   141.4   315.4   391.6   437.7   476.5   521.2   574.7   657.8  1017.1  2810.1 10975.6  37666.5    37594
read      398.8   557.4    68.9   121.0   139.2   318.0   412.1   475.8   528.5   601.1   723.1   890.3  1366.5  5820.9 28493.6  24361.2    24367
read      346.6   394.2    68.9   121.8   140.1   311.4   386.4   432.4   469.8   513.2   563.0   635.9   940.2  3876.7 14755.0  33667.0    33771
read      378.0   321.5    68.9   131.8   153.9   323.8   410.5   464.7   507.0   560.4   632.0   760.3  1333.6  2939.9  9492.5  85026.0    84944
read      371.8   334.4    68.9   129.9   151.3   318.5   404.8   458.4   500.1   552.3   624.4   750.8  1215.6  3161.4 12391.5  85576.8    85666
read      369.6   335.4    68.9   126.8   146.3   324.1   406.6   457.6   498.0   547.2   611.6   725.2  1196.9  4014.6 10652.3  52039.8    51918
read      361.8   286.7    68.9   125.4   144.4   324.0   403.0   453.8   493.9   540.6   598.9   704.1  1124.9  2659.8  8129.3  34326.3    34406
read      393.4   493.2    68.9   128.1   147.3   331.9   416.1   468.9   510.1   560.6   628.4   779.1  1498.1  5731.6 19086.8  28640.2    28664
read      385.8   348.1    74.4   130.9   150.8   337.8   421.8   475.6   517.9   569.0   634.8   760.4  1322.4  4143.9 13074.2  38313.6    38289
read      400.3   668.0    74.4   125.4   143.6   331.5   408.9   455.7   493.1   540.3   614.1   780.7  1611.2  8318.4 30192.8  20677.1    20658
read      339.1   287.5    74.4   128.0   145.6   326.7   379.5   408.1   430.5   460.4   501.6   579.0   871.0  2831.9 12459.3  13862.9    13840
read      388.3   352.6    68.9   136.9   160.6   332.5   418.5   471.6   514.4   568.3   641.7   783.8  1306.4  3780.4 11708.3  93397.5    93419
read      441.0   384.2    68.9   145.3   173.3   363.2   462.2   527.7   581.9   653.5   760.9   967.4  1673.5  3917.4  9804.0  98232.6    98284
read      382.5   350.8    68.9   129.5   149.6   321.8   413.8   471.4   518.3   575.5   653.7   805.5  1346.2  3029.2 11348.8  71357.7    71313
read      389.1   377.5    74.4   128.0   147.1   334.1   422.3   479.1   524.2   578.3   649.5   803.1  1393.3  3296.0 14329.8  42224.2    42089
read      375.3   379.7    74.4   128.8   148.3   331.7   413.9   464.9   505.1   554.0   616.9   734.4  1163.1  3423.4 15774.4  46576.1    46458
read      368.1   360.7    74.4   129.8   148.9   331.1   409.6   459.5   497.7   541.7   595.9   690.3  1082.7  2597.1 12469.0  30801.9    30755
read      363.2   363.3    68.9   129.0   148.6   326.9   402.3   448.8   486.0   530.3   583.7   668.2  1004.7  4491.2 11962.6  42926.3    42889
read      376.5   284.3    74.4   138.1   162.0   333.6   417.7   468.7   507.8   555.7   621.2   731.4  1067.5  2608.7  9505.2  93430.0    93552
read      367.4   344.5    74.4   130.2   150.7   327.0   411.0   460.9   498.7   544.5   604.3   699.9  1064.5  2773.2 10930.1  65724.8    65694
read      379.0   444.8    74.4   129.8   148.7   330.7   411.8   463.9   502.8   546.9   604.3   714.6  1222.0  4848.7 17901.1  29594.5    29574
read      389.6   346.1    74.4   130.4   150.3   336.8   426.8   482.9   526.5   579.5   650.4   800.2  1345.9  2997.6 12480.2  51384.2    51355
read      380.8   332.2    74.4   131.1   151.5   331.7   421.7   475.3   517.3   568.8   635.7   762.5  1236.6  2879.5 10823.5  67394.4    67361
read      347.6   444.9    80.4   127.3   144.6   322.3   383.4   416.7   441.4   473.4   517.3   595.8   947.5  5049.2 16588.2  16267.1    16287
read      410.4   375.7    68.9   136.3   158.3   337.4   432.2   491.9   539.6   602.0   692.8   891.4  1702.1  3848.6  9308.2  81324.2    81508
read      376.7   301.5    74.4   134.6   156.8   326.9   411.9   464.8   505.9   557.2   627.6   748.9  1233.1  2808.6 10206.8  87547.8    87619
read      389.6   355.1    68.9   142.0   167.9   343.9   426.7   476.7   516.0   565.7   632.9   747.1  1081.2  3961.2 12066.0  99088.0    99068
read      360.6   298.2    74.4   129.3   148.7   327.3   406.7   454.7   491.8   536.6   591.6   679.6   987.1  2224.4 11064.1  51290.4    51267
read      333.3   609.6    74.4   127.4   144.8   306.1   355.2   381.2   400.6   424.5   457.5   515.9   769.5  7561.8 30234.2  11901.1    11822
read      381.0   325.7    74.4   139.8   164.7   338.0   420.1   469.0   507.6   556.0   623.0   735.1  1053.3  2982.7 12719.7  97508.8    97494
read      390.3   333.6    74.4   142.3   167.6   344.4   429.4   481.3   521.4   571.9   639.7   761.3  1140.5  2770.4 11930.3  97334.0    97350
read      367.2   317.2    68.9   129.8   149.8   327.8   409.6   458.6   496.7   542.5   601.1   696.4  1098.9  3303.4  9705.7  55339.1    55460
read      364.7   309.0    74.4   132.7   154.4   323.7   404.4   454.6   492.9   539.5   600.3   698.7  1029.4  2630.7  9631.0  86113.6    85984
read      369.8   376.8    68.9   133.1   155.0   327.9   410.6   460.7   499.4   546.1   608.5   707.5   998.4  2997.3 12353.9  81970.6    82043
read      360.3   266.5    68.9   129.9   149.7   330.7   411.4   459.2   495.7   538.9   591.8   673.5   932.9  2026.2  9274.7  52911.1    52873
read      338.1   437.4    74.4   128.7   146.6   317.0   376.5   407.9   431.5   461.5   499.5   556.8   788.3  7594.4 19010.8  13934.3    13911
read      356.8   287.1    74.4   128.3   147.5   325.3   404.2   452.1   489.0   533.2   586.9   671.2   945.6  2020.1 10031.5  49917.4    49984
read      324.1   401.5    80.4   132.2   152.4   305.7   346.5   370.1   387.8   408.0   438.9   497.9   745.0  5499.0 16198.3   9298.5     9274
read      356.2   471.8    68.9   128.1   145.7   313.0   393.3   440.7   476.8   518.2   571.3   656.3   957.4  5677.8 20071.0  27119.1    27187
read      338.0   465.9    74.4   126.3   143.3   309.8   377.8   413.7   439.3   471.2   511.4   577.4   814.4  6228.2 18696.2  18800.6    18735
read      368.4   345.9    68.9   132.7   154.9   326.1   407.8   458.0   496.7   543.7   605.7   704.4  1044.4  2595.4 12399.1  86523.1    86505
read      376.0   356.6    74.4   136.7   160.0   332.2   414.7   465.0   504.1   551.7   617.6   723.9  1052.4  2753.8 11874.8  92895.9    93039
read      362.5   290.8    68.9   130.8   151.7   323.7   407.1   457.9   496.7   543.4   604.3   700.1  1007.3  2114.8 10616.4  76012.5    75999
read      354.4   453.1    74.4   126.1   144.3   314.4   393.1   441.6   480.3   522.3   571.0   641.5   908.4  4811.0 16210.7  32394.9    32324
read      370.9   329.7    68.9   133.6   155.8   330.8   414.2   464.4   503.0   549.5   614.3   717.0  1012.4  2121.3 12568.5  84226.1    84255
read      374.0   346.5    68.9   132.0   153.7   327.8   410.9   462.7   502.9   551.5   617.9   726.7  1216.4  2600.3 12611.6  81816.1    81759
read      356.4   419.4    68.9   127.4   145.9   320.9   395.3   441.1   479.2   522.9   573.7   645.7   907.6  4688.0 13720.8  37325.8    37291
read      361.3   336.1    74.4   129.1   148.8   328.9   408.1   455.0   491.3   534.6   588.3   672.8   978.1  2181.1 12935.9  53824.9    53818
read      347.9   337.4    74.4   126.2   144.6   314.7   389.5   434.2   470.1   512.0   561.0   635.3   932.1  3644.5 12981.3  30303.2    30297
read      345.0   287.0    68.9   125.6   144.1   313.7   391.7   438.7   476.2   518.0   566.5   636.6   875.3  2065.2 10229.4  31590.8    31569
read      363.4   423.5    74.4   127.8   147.0   325.9   401.0   448.3   485.6   528.3   579.8   658.8  1000.8  4287.6 15804.3  38825.5    38927
read      300.9   352.7    74.4   128.1   145.3   290.3   330.1   350.7   366.6   386.1   411.9   458.7   595.0  4188.1 14985.4  10642.4    10652
read      348.1   220.1    68.9   134.9   157.4   317.4   393.8   439.3   474.1   517.4   573.7   661.8   847.4  1402.6  8466.1  97966.2    98119
read      329.2   203.6    68.9   125.4   144.7   309.2   378.4   419.1   450.7   489.7   536.7   600.8   759.2  1697.2  8009.2  48293.4    48176
read      327.4   235.5    68.9   124.1   142.2   301.1   369.0   409.2   440.1   479.8   527.8   593.4   797.4  2887.4  7918.2  34931.8    34929
read      348.6   605.4    68.9   131.1   151.3   316.8   394.1   438.1   472.4   513.9   565.9   639.4   821.5  1577.4 21221.6  69688.3    69735
read      321.4   262.3    68.9   126.0   143.5   304.5   372.6   407.7   432.4   462.8   500.7   554.7   693.2  3059.5 10138.0  20756.9    20753
read      344.2   344.9    63.8   129.9   151.1   313.5   390.3   435.2   470.6   513.8   569.7   651.3   829.3  1518.9  9401.3  84669.8    84642
read      330.1   225.0    68.9   125.7   144.7   307.9   378.3   420.3   453.1   493.5   540.9   606.7   757.2  1650.6  9614.9  42324.6    42333
read      333.1   205.6    63.8   126.9   146.4   311.0   385.6   428.0   460.5   499.3   547.1   616.8   769.7  1292.6  7232.5  61544.1    61587
read      340.2   213.8    68.9   128.2   148.4   312.7   389.7   434.7   469.8   512.1   566.1   644.5   824.0  1325.2  7522.1  78177.8    77998
read      341.6   203.6    68.9   133.9   155.9   311.3   387.1   431.9   466.6   508.8   564.5   648.0   826.5  1372.1  7449.8  97476.6    97625
read      321.5   277.0    68.9   122.9   140.7   299.4   373.7   412.3   439.3   472.4   510.1   566.9   705.2  2607.8 10686.8  23711.5    23781
read      334.2   214.1    68.9   126.5   146.0   309.4   385.7   429.2   462.8   502.9   551.4   622.8   786.6  1563.2  7295.7  66739.2    66723
read      319.6   223.3    68.9   122.7   140.8   296.4   368.3   410.1   440.9   478.8   522.6   581.4   718.3  1819.7  9657.0  31139.1    31016
read      332.4   200.5    68.9   125.8   144.9   311.7   384.0   425.7   458.4   498.2   546.2   614.3   756.8  1421.8  7668.7  47508.4    47394

Total QPS = 52040.5 (42673176 / 820.0s)

Total connections = 64
Misses = 0 (0.0%)
Skipped TXs = 0 (0.0%)

RX 10540274225 bytes :   12.3 MB/s
TX          0 bytes :    0.0 MB/s
Warning! Detected max cpu usage > 95%
CPU Usage Stats (avg/min/max): 100.00%,49.24%,100.00%
