Random waveform, supplied seed
Total number of intervals = 320 (7434, 67201, 85927, 63953, 31595, 87879, 7287, 62295, 6561, 22532, 60653, 59076, 60154, 22964, 8172, 27652, 37594, 24367, 33771, 84944, 85666, 51918, 34406, 28664, 38289, 20658, 13840, 93419, 98284, 71313, 42089, 46458, 30755, 42889, 93552, 65694, 29574, 51355, 67361, 16287, 81508, 87619, 99068, 51267, 11822, 97494, 97350, 55460, 85984, 82043, 52873, 13911, 49984, 9274, 27187, 18735, 86505, 93039, 75999, 32324, 84255, 81759, 37291, 53818, 30297, 31569, 38927, 10652, 98119, 48176, 34929, 69735, 20753, 84642, 42333, 61587, 77998, 97625, 23781, 66723, 31016, 47394, 95335, 5252, 65908, 16889, 42912, 99898, 26385, 22616, 50605, 90283, 26273, 48521, 34058, 75648, 19482, 15054, 75754, 5187, 17656, 96343, 36665, 85269, 31525, 61798, 12253, 25710, 79937, 7271, 85861, 91467, 72217, 31080, 76878, 84584, 12492, 57106, 96245, 6791, 90728, 5151, 82969, 42635, 99337, 95192, 69200, 49459, 29055, 64324, 5705, 84816, 23714, 74116, 19948, 44213, 19454, 7190, 47657, 44399, 6481, 5807, 83137, 9580, 37385, 33706, 35204, 50438, 48878, 42682, 27416, 64424, 64364, 5481, 26227, 26586, 86286, 24452, 26832, 29795, 46224, 84587, 63389, 46953, 90536, 12508, 38491, 97806, 11813, 39665, 53571, 63215, 78767, 8615, 67903, 16398, 53434, 38068, 9130, 69227, 37496, 83925, 51037, 33690, 51474, 73708, 98618, 81977, 91567, 48236, 91726, 52458, 70467, 71151, 65016, 42057, 78821, 60720, 39911, 10628, 73736, 7334, 91868, 76670, 10405, 26019, 55530, 29615, 66057, 55281, 21177, 88239, 70227, 23421, 97104, 6235, 58045, 23729, 40897, 53312, 87262, 81836, 92274, 47252, 75747, 80994, 98224, 7737, 37514, 10640, 90490, 92514, 89245, 73823, 46565, 21419, 66915, 31667, 72255, 99535, 9226, 67844, 71413, 97328, 55113, 53743, 15253, 90605, 25767, 93458, 95080, 88399, 95681, 33003, 98809, 64610, 51183, 20194, 7602, 46677, 5577, 23035, 57516, 62851, 38431, 25729, 19443, 19461, 42341, 5691, 40223, 29941, 41162, 43863, 20318, 93421, 48578, 40595, 17677, 78948, 9703, 9686, 7968, 15830, 8192, 79410, 76582, 54634, 72177, 15101, 8167, 44130, 53047, 97171, 81360, 77277, 38294, 11165, 74155, 12255, 52404, 17057, 6005, 85707, 79742, 58322, 26212, 69487, 29507, 51412, 67374, 55125, 53048, 12192, 36138, 60799, 36368, 39729, 95693, 40999)
Average QPS expected = 50456
Timestamp start: 1715607578948
Timestamp end: 1715608539674

#type       avg     std     min      p5     p10     p50     p67     p75     p80     p85     p90     p95     p99    p999   p9999      QPS   target
read      448.7  1078.7   160.7   217.4   238.3   353.8   393.1   415.5   431.8   455.8   497.3   616.6  2367.7 19851.2 32473.1   7374.3     7434
read      411.4   416.9   148.8   203.0   217.8   348.6   424.3   470.7   508.4   558.9   629.5   764.0  1282.9  5270.7 12737.4  67007.3    67201
read      482.3   738.0   148.8   207.0   225.4   372.4   449.3   501.1   545.7   608.7   713.8   987.6  2011.4 10475.3 31252.9  85821.0    85927
read      402.3   454.2   148.8   200.4   214.7   338.8   412.5   458.8   495.6   542.1   607.6   730.6  1392.0  5250.6 14467.7  63804.0    63953
read      415.0   442.2   148.8   198.6   212.2   342.7   434.5   488.3   527.9   572.5   630.6   762.8  1283.0  5697.1 15688.2  31609.7    31595
read      396.1   387.3   148.8   203.4   219.0   339.8   406.7   449.6   483.4   529.2   594.2   719.8  1157.0  5536.7 12514.6  87741.3    87879
read      414.3   713.6   160.7   216.4   237.8   353.2   395.0   421.1   441.4   468.1   514.5   613.0  1544.3  8153.5 34175.9   7304.0     7287
read      412.7   417.3   148.8   200.2   214.8   343.0   418.2   464.3   502.0   551.6   627.3   787.8  1586.2  4748.2 12705.2  62017.0    62295
read      392.7   505.7   160.7   220.4   243.7   346.8   380.1   399.1   414.4   432.7   463.8   536.7  1426.4  7908.1 13446.4   6576.7     6561
read      412.8   497.6   148.8   196.6   210.3   348.1   434.0   475.6   505.7   542.2   591.6   731.9  1376.3  7062.1 20850.3  22612.7    22532
read      416.6   447.9   148.8   203.2   218.0   349.4   428.7   476.7   514.8   565.6   636.1   781.8  1420.4  5381.9 13391.0  60535.0    60653
read      392.4   353.9   148.8   199.0   213.4   334.3   406.8   453.2   489.7   536.5   601.8   724.3  1258.0  3872.5 10975.1  59174.3    59076
read      388.5   401.7   148.8   197.7   211.6   329.0   399.1   444.7   481.2   529.4   593.1   707.5  1235.4  4064.7 12919.6  59951.0    60154
read      418.2   428.0   148.8   199.8   213.4   357.7   448.1   495.1   529.7   570.4   629.0   774.6  1268.2  5370.5 10701.7  23019.3    22964
read      423.3   639.4   160.7   212.5   233.0   360.2   405.8   432.2   454.2   482.8   530.8   649.8  1775.6  7802.2 27398.2   8235.7     8172
read      440.1   572.5   148.8   198.2   212.7   350.0   447.7   503.2   544.9   595.8   686.9   907.5  1478.3  7893.4 28377.0  27791.3    27652
read      409.2   614.2   148.8   197.2   211.3   336.7   419.9   469.7   508.3   553.5   610.6   714.0  1183.7 10663.1 25021.8  37500.3    37594
read      449.7   712.4   148.8   198.8   212.9   357.2   452.1   501.7   539.0   584.7   670.2   861.9  1687.5 11770.2 31205.1  24284.3    24367
read      403.6   431.7   148.8   196.5   210.4   338.2   424.5   475.7   513.5   557.5   614.5   730.9  1245.0  6502.6 15337.4  33652.7    33771
read      394.8   387.9   148.8   200.3   215.7   336.8   406.3   449.5   483.3   528.9   596.6   736.3  1196.3  3477.3 16351.2  84799.7    84944
read      397.4   290.4   148.8   201.8   217.0   342.3   412.6   457.2   493.2   539.5   609.0   743.6  1261.0  2973.3 11367.5  85659.3    85666
read      408.7   491.5   148.8   199.5   214.0   343.5   420.2   466.4   503.5   551.8   621.7   748.0  1319.0  6607.6 13892.0  52005.7    51918
read      402.6   451.3   148.8   197.4   211.6   342.4   426.1   475.8   514.6   559.3   616.4   723.0  1217.1  3973.7 14677.9  34489.7    34406
read      408.9   582.5   148.8   197.6   211.4   341.6   431.7   481.4   516.1   556.5   611.4   718.7  1148.1  7557.8 30685.8  28595.3    28664
read      392.7   264.4   148.8   196.9   210.8   338.4   420.0   469.5   508.6   555.9   616.7   728.3  1192.3  2035.4  9823.6  38409.3    38289
read      421.9   385.0   148.8   198.2   212.5   365.6   452.2   498.2   533.0   578.1   648.9   796.9  1312.7  3956.4 15704.9  20739.3    20658
read      429.5   456.0   148.8   203.5   219.2   373.0   436.8   471.1   501.0   540.3   605.1   746.3  1692.8  4306.2 12862.4  13892.0    13840
read      402.4   286.5   148.8   205.8   223.0   349.4   418.4   462.5   498.0   544.3   611.9   742.3  1213.6  3524.8  9177.3  93292.7    93419
read      399.9   353.4   148.8   205.7   223.3   349.5   415.5   456.8   490.3   535.1   600.3   731.5  1106.5  3669.5 12593.4  98453.3    98284
read      423.0   454.8   148.8   201.5   216.9   349.2   423.3   468.6   507.4   559.5   637.2   804.0  1621.5  6232.0 11680.2  71357.7    71313
read      411.2   423.7   148.8   199.5   214.3   348.1   427.0   476.8   516.6   567.2   634.1   764.5  1260.1  7263.2 12204.3  42395.0    42089
read      405.5   411.0   148.8   199.6   214.3   345.7   422.7   470.0   509.0   559.7   627.2   748.4  1217.4  6985.2 10676.8  46555.3    46458
read      392.0   458.2   148.8   195.3   209.2   333.7   418.8   466.8   502.6   543.1   593.9   686.1  1093.0  5897.2 13766.3  30795.0    30755
read      402.8   342.8   148.8   197.9   212.3   342.5   421.5   471.0   511.3   562.5   629.9   753.4  1328.8  3375.9  9561.8  43033.7    42889
read      411.5   394.9   148.8   205.6   223.5   356.9   426.5   470.9   508.1   557.2   629.0   761.5  1189.8  3286.3 16025.0  93238.3    93552
read      408.4   525.6   148.8   198.2   213.1   338.8   411.4   457.6   494.2   542.4   613.1   754.4  1474.8  5721.4 26468.0  65809.3    65694
read      390.4   257.1   148.8   199.0   213.3   339.5   426.5   473.1   508.0   547.6   597.9   704.4  1110.2  2479.3  7758.1  29308.0    29574
read      397.7   300.3   148.8   199.0   213.5   343.4   418.7   466.0   504.0   552.3   618.2   735.6  1218.1  3459.4 11459.4  51363.7    51355
read      394.1   356.9   148.8   197.1   211.8   336.7   406.3   451.3   487.7   535.8   604.1   736.6  1280.0  3444.0 13507.8  67501.7    67361
read      435.3   790.5   148.8   204.0   218.9   370.1   437.9   473.2   500.6   535.2   587.4   714.1  1438.3 12467.4 38014.1  16239.0    16287
read      405.3   393.2   148.8   203.1   218.8   347.5   419.4   463.6   500.9   547.8   615.7   739.0  1213.9  4483.4 15963.1  81235.3    81508
read      387.2   363.9   148.8   200.9   216.6   339.2   404.5   444.7   475.6   518.8   581.6   696.4  1074.6  2990.8 15731.1  87716.3    87619
read      424.2   410.5   148.8   208.9   228.7   366.9   437.7   485.1   523.1   573.3   645.3   781.3  1202.6  4570.0 15351.3  99415.7    99068
read      397.9   358.3   148.8   198.7   213.5   342.1   417.4   464.9   503.5   552.2   618.9   740.5  1203.4  3327.3 11548.8  51298.7    51267
read      506.3  1212.5   160.7   206.6   224.0   383.0   452.4   495.7   532.1   581.4   649.7   808.6  2131.0 23085.2 35925.2  11927.3    11822
read      399.0   432.3   148.8   202.4   219.3   343.4   408.5   450.9   485.4   531.4   595.7   723.4  1149.7  4687.2 13916.2  97408.7    97494
read      428.8   407.0   148.8   209.6   229.0   368.2   441.0   489.4   529.3   581.4   659.1   806.0  1305.3  3412.2 12830.5  97372.0    97350
read      387.9   291.1   148.8   197.3   211.7   334.9   409.3   456.0   492.4   540.1   605.8   722.6  1188.2  2220.5  8922.9  55409.7    55460
read      399.8   406.2   148.8   199.6   215.5   339.2   408.6   453.5   490.2   538.7   609.2   743.1  1323.0  3636.0 14605.9  85865.7    85984
read      388.5   475.4   148.8   197.0   212.2   333.7   399.4   440.2   471.9   515.1   577.3   686.9  1082.3  7202.4 14975.0  82042.3    82043
read      403.8   435.4   148.8   198.7   213.5   342.2   416.9   463.9   502.3   550.0   618.9   741.7  1281.3  4365.1 13583.4  52976.3    52873
read      431.3   762.5   160.7   203.9   218.9   369.1   430.5   462.9   489.2   524.9   579.8   684.6  1261.3 11793.8 29995.2  13870.7    13911
read      386.6   245.5   148.8   197.0   211.6   336.3   409.9   457.7   495.5   542.9   607.2   713.7  1145.9  2054.7  9044.6  49717.7    49984
read      439.9   768.0   160.7   211.2   229.9   365.9   415.7   443.5   466.1   498.6   547.3   676.5  2082.4  8539.8 31680.9   9334.7     9274
read      431.6   752.1   148.8   199.0   213.5   348.2   439.2   487.8   521.8   562.5   618.3   741.1  1258.6 10695.4 31827.4  27272.7    27187
read      423.3   713.4   148.8   201.0   214.8   363.4   437.8   474.9   503.1   539.8   596.2   735.6  1260.9  7606.2 39019.4  18574.7    18735
read      409.5   353.5   148.8   203.2   219.7   351.8   422.6   467.3   505.1   553.7   626.5   763.3  1298.2  3866.1 10112.0  86189.3    86505
read      406.5   482.6   148.8   202.5   219.2   347.5   413.7   457.3   493.6   541.3   608.4   732.4  1143.4  7200.3 19435.1  92968.0    93039
read      389.0   258.6   148.8   198.2   213.4   338.2   405.3   448.8   483.6   530.5   594.6   722.4  1257.5  2669.6  7988.1  75845.0    75999
read      399.3   291.1   148.8   201.4   216.2   346.5   430.4   478.9   515.1   557.6   614.3   725.8  1129.4  3201.1  9331.6  32302.7    32324
read      404.2   585.9   148.8   198.1   213.8   340.5   406.7   448.9   482.7   528.9   593.3   722.3  1276.9  7221.8 31230.5  84257.3    84255
read      401.7   408.1   148.8   199.4   215.6   344.6   412.2   456.0   491.8   539.3   609.4   740.2  1264.8  4701.6 10929.6  81675.7    81759
read      403.8   266.7   148.8   200.5   215.7   351.9   435.4   486.9   525.8   573.6   632.8   743.6  1182.8  2079.4  9236.8  37302.3    37291
read      417.1   599.5   148.8   198.2   213.1   342.9   419.4   466.9   506.8   557.0   628.0   766.4  1340.3  9106.8 17547.1  53649.7    53818
read      392.8   254.8   148.8   200.6   215.6   346.4   430.2   478.1   513.2   553.3   606.4   698.8  1044.5  1981.8  8048.2  30187.3    30297
read      398.0   311.9   148.8   199.6   214.4   343.4   427.7   476.2   512.2   553.8   609.3   713.4  1174.0  4056.0 10398.6  31557.7    31569
read      436.9   738.7   148.8   200.1   215.3   352.5   436.3   489.5   530.3   580.4   647.1   798.1  1359.6 12100.4 31758.8  38905.7    38927
read      390.7   367.5   160.7   206.7   223.7   361.6   408.2   433.2   452.9   475.4   513.5   593.0  1025.2  5637.1 11021.4  10632.3    10652
read      412.7   427.6   148.8   204.8   222.8   357.5   425.3   468.2   505.2   551.4   621.9   752.4  1171.8  4645.5 15930.6  97991.3    98119
read      395.2   277.4   148.8   197.4   212.3   339.3   415.4   464.6   504.2   554.7   619.5   737.8  1261.1  2541.2  9469.9  48232.0    48176
read      400.6   485.7   148.8   197.4   211.7   335.4   418.5   469.8   508.6   552.1   605.8   699.9  1190.6  6196.1 18806.8  34953.0    34929
read      402.4   449.5   148.8   198.8   213.7   340.2   412.4   458.0   494.4   542.7   614.3   753.6  1302.1  4156.5 13778.0  69957.3    69735
read      405.9   430.3   148.8   202.0   216.3   359.4   443.4   483.1   511.0   544.8   590.9   693.0  1093.8  4425.1 13830.8  20763.0    20753
read      396.8   382.6   148.8   198.9   214.2   335.1   402.0   445.0   479.1   525.4   591.6   736.0  1511.2  4071.1 14053.5  84699.3    84642
read      397.6   328.0   148.8   196.6   211.1   339.4   420.3   470.3   509.7   558.8   620.9   732.1  1208.5  3828.3 12350.2  42431.3    42333
read      399.1   325.3   148.8   198.7   213.5   340.9   414.0   460.9   499.3   548.7   620.6   750.3  1289.4  3719.3  8959.8  61726.0    61587
read      394.6   456.4   148.8   197.8   212.8   337.1   404.6   447.6   481.6   527.1   591.4   712.5  1182.7  4754.9 15048.0  77938.7    77998
read      414.4   294.6   148.8   206.2   224.8   360.6   431.5   478.0   516.3   567.5   637.2   773.6  1221.2  3771.6 10087.3  97878.3    97625
read      445.1   543.2   148.8   199.5   214.0   369.6   469.9   530.2   574.9   636.3   738.6   896.5  1277.5  3874.8 27632.3  23740.0    23781
read      445.1   691.9   148.8   201.1   216.1   349.7   423.8   469.2   507.1   560.1   638.9   852.1  1822.3  8553.7 31683.1  66450.7    66723
read      399.7   457.5   148.8   197.0   210.8   338.5   426.2   476.3   512.9   554.7   607.4   702.9  1173.8  4902.4 16107.4  30900.3    31016
read      390.6   331.9   148.8   196.4   210.4   334.9   409.9   458.4   496.1   543.0   605.9   715.5  1204.5  4293.2  9196.0  47437.7    47394
read      438.4   560.5   148.8   208.9   228.5   369.0   443.3   493.3   534.3   587.6   666.3   807.7  1257.8  8116.4 27270.7  95313.7    95335
read      382.6   424.1   160.7   222.6   249.2   335.0   368.2   388.1   401.8   424.2   459.1   540.5  1445.9  7614.4 12345.3   5321.0     5252
read      391.9   291.2   148.8   199.9   214.5   337.7   408.6   453.9   489.6   536.5   603.8   729.9  1266.4  2847.8  9991.5  65629.0    65908
read      442.6   678.1   148.8   203.1   218.1   373.0   448.4   486.6   514.8   551.3   612.9   758.0  1553.3  8372.2 31434.6  16902.0    16889
read      396.9   315.1   148.8   198.4   212.9   339.6   418.8   468.6   509.3   558.1   619.8   730.8  1204.8  3987.6  8811.4  42933.3    42912
read      410.9   398.9   148.8   208.9   227.7   357.9   425.0   468.3   504.0   548.9   615.4   738.2  1162.2  4127.9 13703.0  99844.0    99898
read      468.8   679.7   148.8   201.3   216.9   366.3   469.1   530.9   576.6   640.0   760.8   962.7  1620.7  9500.3 30196.8  26327.3    26385
read      467.0   834.2   148.8   198.1   213.0   364.4   456.8   507.8   549.8   614.1   732.8   917.7  1596.9 12722.1 35559.7  22552.3    22616
read      398.6   329.8   148.8   197.3   211.7   338.1   414.4   463.6   502.4   550.3   618.7   748.0  1299.2  4170.2 12253.2  50517.7    50605
read      400.4   471.5   148.8   200.5   216.6   342.9   408.9   451.0   484.8   529.9   594.4   723.7  1137.9  7696.2 14994.7  90082.7    90283
read      418.4   357.0   148.8   198.8   213.4   352.7   447.4   499.6   538.8   586.4   662.6   839.1  1299.3  3500.9 10832.1  26272.7    26273
read      404.6   316.3   148.8   197.0   211.7   339.9   417.9   466.9   506.9   558.8   632.3   787.5  1455.9  2669.5  8113.7  48780.0    48521
read      409.2   569.0   148.8   197.2   211.7   341.4   423.7   472.0   509.6   554.8   612.6   716.8  1184.1  7744.5 30882.8  34066.7    34058
read      401.2   289.7   148.8   199.3   214.4   341.0   412.4   458.2   495.0   543.2   617.1   770.9  1458.8  3019.1  9847.4  75567.7    75648
read      423.8   417.1   148.8   201.1   215.5   367.8   448.5   490.5   522.5   565.2   632.3   789.6  1306.6  4389.1 15937.9  19423.7    19482
read      433.5   591.4   148.8   203.0   218.0   375.3   444.0   483.4   514.8   557.7   625.3   746.3  1282.7  8113.6 30345.0  15075.7    15054
read      394.7   418.8   148.8   196.7   211.6   333.7   402.1   446.6   481.4   528.5   596.0   732.9  1301.6  5090.0 13399.7  75952.0    75754
read      404.4   714.6   160.7   224.5   250.3   335.5   368.8   389.7   404.1   428.2   466.4   561.8  1910.0  7981.5 31568.0   5292.3     5187
read      426.9   453.2   148.8   199.7   214.0   365.2   440.4   477.8   505.5   541.8   601.6   774.4  1809.9  7350.4 14730.9  17664.7    17656
read      407.1   384.9   148.8   203.4   220.4   351.9   421.0   464.5   501.1   549.6   623.7   756.3  1172.6  4334.8 14381.4  96426.3    96343
read      400.0   498.2   148.8   196.4   211.0   340.0   420.7   469.2   507.3   553.3   611.3   712.0  1113.6  5313.7 25815.5  36683.7    36665
read      413.5   633.6   148.8   199.5   215.5   343.0   412.8   458.3   495.8   543.8   614.6   743.0  1282.6  8461.6 31211.4  85409.3    85269
read      397.3   368.5   148.8   197.6   211.8   339.3   425.1   473.9   509.5   552.0   607.5   712.0  1172.6  4791.1 12454.4  31489.7    31525
read      395.6   397.9   148.8   198.0   212.3   337.1   412.7   458.8   496.0   544.1   612.6   740.1  1217.8  3206.5 16587.7  61952.0    61798
read      438.8   731.0   148.8   205.1   221.3   374.3   435.4   468.6   496.5   533.2   585.9   695.3  1448.0  8636.9 31449.3  12256.7    12253
read      464.0   580.9   148.8   199.9   214.9   368.3   470.0   529.8   575.7   640.2   763.1   946.4  1712.3  7205.6 30213.3  25715.3    25710
read      400.6   345.8   148.8   199.8   215.1   340.6   409.7   454.3   489.6   536.1   603.5   741.4  1483.5  4455.4  9872.2  80018.7    79937
read      409.9   731.7   160.7   211.2   232.2   345.4   384.5   407.5   426.0   449.2   485.1   565.8  1703.4 11974.1 29914.7   7265.3     7271
read      390.4   305.9   148.8   200.1   215.7   341.1   409.7   452.9   487.6   533.3   599.0   723.5  1150.8  2240.4 15578.4  85485.3    85861
read      416.9   512.2   148.8   203.1   219.9   352.9   424.3   469.6   507.4   557.0   628.0   764.1  1270.6  7218.6 23005.5  91695.7    91467
read      407.8   498.9   148.8   199.2   213.9   340.6   413.6   459.2   495.9   543.7   616.2   749.4  1322.2  7477.5 19854.6  72297.7    72217
read      398.8   450.1   148.8   195.8   209.9   339.9   428.9   479.0   514.4   554.4   603.5   690.9  1142.8  4951.5 15739.6  31069.0    31080
read      431.4   323.2   148.8   204.4   220.8   353.3   429.6   480.3   522.4   580.1   667.6   900.7  1742.3  2883.3  8265.2  76775.0    76878
read      415.1   481.5   148.8   204.8   221.4   352.5   425.2   471.0   509.1   558.9   630.6   772.3  1243.4  4970.0 17170.0  84652.0    84584
read      468.2  1013.6   160.7   206.7   224.0   374.5   434.3   468.3   497.2   534.9   593.2   737.0  2210.4 12653.0 37401.3  12538.3    12492
read      405.3   374.5   148.8   199.7   214.3   346.6   422.2   468.2   506.7   557.8   630.0   762.4  1303.1  3019.8 13713.1  57139.7    57106
read      402.5   380.0   148.8   203.9   221.1   349.1   417.3   460.1   494.5   539.0   603.9   728.4  1167.3  4824.6 15516.6  96279.3    96245
read      491.0  1432.7   160.7   215.4   238.7   353.1   398.3   426.8   449.0   477.2   529.6   651.6  3803.3 25516.2 41977.3   6930.3     6791
read      441.1   449.5   148.8   205.1   223.3   364.2   438.5   490.5   533.5   588.9   673.9   860.0  1725.0  4277.5 14920.1  90521.3    90728
read      414.3   780.3   160.7   221.5   246.1   329.8   361.9   381.5   397.8   421.1   457.3   549.2  2752.6 10012.8 31273.0   5193.7     5151
read      426.3   562.3   148.8   200.9   216.9   350.8   424.2   470.9   511.3   565.3   643.7   807.4  1577.1  6291.5 24166.8  82425.3    82969
read      402.1   396.6   148.8   198.4   212.9   345.8   424.6   472.5   512.7   562.9   626.5   739.1  1173.7  2468.3 14779.6  42863.7    42635
read      420.5   332.0   148.8   208.8   228.4   369.0   441.0   489.6   529.0   580.0   651.3   782.4  1167.8  2381.2 14252.5  99157.0    99337
read      427.2   491.6   148.8   204.1   222.3   360.9   433.7   481.2   520.6   573.0   648.3   794.4  1294.3  7312.0 16196.6  95166.3    95192
read      420.1   441.6   148.8   199.6   215.0   350.2   426.1   474.1   513.7   565.1   638.1   801.9  1576.4  5074.9 13720.9  69140.3    69200
read      479.7   821.3   148.8   200.5   216.2   355.7   443.3   501.3   548.1   612.0   711.6   995.4  2291.4 11134.5 31977.2  49228.3    49459
read      405.3   470.0   148.8   199.3   213.7   345.1   431.0   477.9   511.9   550.6   605.0   703.2  1148.6  5956.7 10974.5  29074.7    29055
read      393.3   321.3   148.8   197.8   212.4   335.7   405.8   451.0   487.2   535.0   604.9   751.4  1307.0  2837.9  9274.1  64160.3    64324
read      404.1   752.5   160.7   223.4   246.2   336.1   371.6   394.4   411.8   434.2   470.5   558.2  1646.0  8365.4 31692.4   5754.3     5705
read      471.6   730.9   148.8   207.0   225.4   366.8   447.7   499.7   541.1   596.3   686.5   920.0  1940.2  9530.8 31185.8  84443.7    84816
read      437.8   539.3   148.8   201.9   216.2   360.0   453.9   502.7   536.8   578.6   639.7   821.2  1557.4  7570.6 20376.1  23859.0    23714
read      393.1   434.9   148.8   198.5   213.1   334.8   403.8   447.7   482.4   529.2   593.5   720.9  1277.0  4081.1 14553.4  74307.0    74116
read      420.3   478.0   148.8   199.0   213.0   360.6   442.3   484.3   515.5   553.5   612.0   753.9  1354.8  6356.6 23919.3  19977.3    19948
read      400.4   391.1   148.8   197.2   211.7   341.4   421.5   470.2   510.3   561.8   627.2   743.2  1251.8  4354.9 10873.8  44144.0    44213
read      437.5   744.6   148.8   201.1   215.3   369.0   449.4   491.1   523.3   566.6   634.4   784.9  1299.3 14494.1 35662.1  19519.3    19454
read      477.7  1469.0   160.7   212.3   234.1   346.2   386.0   409.3   428.9   455.1   494.2   590.0  3625.5 28001.8 44194.0   7280.7     7190
read      392.5   354.9   148.8   194.4   208.3   328.7   404.3   455.3   495.1   545.3   612.3   742.6  1281.5  3096.7 12575.2  47293.0    47657
read      402.1   391.0   148.8   196.4   211.0   339.6   418.0   467.0   507.5   557.6   623.8   746.2  1271.8  4511.7 11015.5  44458.3    44399
read      433.8  1154.3   160.7   216.6   239.3   340.4   374.0   394.9   410.2   431.4   464.4   549.4  1784.9 16222.3 34104.3   6545.3     6481
read      438.9  1131.4   148.8   218.4   241.4   333.4   367.7   389.2   404.4   429.0   466.6   568.2  2348.8 15398.9 34171.5   5779.3     5807
read      382.6   260.6   148.8   196.9   211.7   331.6   399.5   441.4   474.2   518.6   582.8   707.1  1197.0  2925.1  7315.8  82550.0    83137
read      487.2  1403.5   160.7   207.0   224.3   354.4   399.8   426.1   446.0   470.9   516.4   618.6  3235.1 22730.4 46322.6   9664.0     9580
read      391.3   243.7   148.8   196.3   210.8   339.7   420.5   470.1   508.4   554.1   612.6   720.0  1181.5  1951.4  8501.2  37398.7    37385
read      390.5   250.5   148.8   196.9   211.3   338.2   423.2   473.5   511.8   554.6   607.8   712.3  1120.5  2341.0  9593.9  33583.0    33706
read      407.4   468.9   148.8   196.0   210.5   339.1   423.8   475.4   513.6   559.2   618.6   740.0  1270.8  5397.9 14908.8  35000.7    35204
read      394.7   327.9   148.8   194.9   208.9   334.4   407.8   455.6   494.1   544.2   612.7   739.5  1316.7  4002.7  8777.0  50475.3    50438
read      379.0   233.2   148.8   195.0   209.0   331.5   402.4   448.8   485.7   532.4   590.2   687.9  1148.0  1887.6  8368.2  48827.7    48878
read      395.5   479.6   148.8   195.9   210.1   335.9   413.0   460.3   497.3   543.5   603.8   713.0  1212.9  4984.8 18405.5  42713.0    42682
read      400.4   704.0   148.8   195.5   209.1   332.1   420.3   465.0   495.4   529.9   574.0   647.8  1039.0 12095.4 35371.0  27386.3    27416
read      393.6   395.1   148.8   195.7   210.1   333.6   403.6   448.1   483.6   530.8   597.6   728.7  1382.1  4025.9 10450.2  64263.0    64424
read      394.9   351.7   148.8   197.5   212.0   337.0   409.5   455.0   490.9   538.5   607.0   736.1  1290.9  3228.8 13213.2  64193.7    64364
read      442.2  1230.2   160.7   220.4   246.1   336.0   370.8   393.2   409.9   432.6   467.1   564.7  2410.6 12668.9 58344.5   5548.3     5481
read      433.0   459.5   148.8   197.6   212.0   356.5   452.4   506.4   547.3   602.4   698.7   891.5  1392.5  5136.1 28325.7  26007.0    26227
read      440.1   614.0   148.8   199.1   213.8   353.0   449.8   501.3   539.6   587.5   673.5   859.6  1486.4 10731.3 19053.3  26500.3    26586
read      403.9   490.4   148.8   201.6   217.8   344.5   413.6   457.2   492.4   539.2   605.8   733.8  1187.1  6505.6 19032.2  86426.7    86286
read      436.6   465.6   148.8   198.9   213.7   361.7   457.8   510.4   549.9   607.6   707.4   868.0  1350.6  5747.5 20809.7  24752.3    24452
read      429.2   420.1   148.8   198.1   212.6   352.6   449.9   502.8   543.2   596.6   687.2   854.2  1328.0  6697.5 16880.1  26876.0    26832
read      403.9   519.5   148.8   197.0   211.3   337.7   425.3   473.8   508.8   549.4   602.1   707.9  1214.8  8054.1 28339.5  29932.0    29795
read      395.6   268.9   148.8   196.1   210.5   335.2   413.1   465.5   506.0   556.4   622.5   763.8  1251.2  3029.2  8581.5  46413.0    46224
read      397.1   363.2   148.8   200.0   215.8   339.0   408.2   452.8   488.0   534.7   603.2   744.7  1286.6  3706.4 12628.4  84704.0    84587
read      405.5   523.6   148.8   198.2   213.0   336.7   409.0   454.4   491.4   539.4   605.6   737.5  1320.7  8567.6 24385.8  63323.7    63389
read      392.7   295.2   148.8   197.5   212.2   338.0   413.8   462.9   502.2   551.0   616.0   732.2  1186.4  2384.0 12037.2  47277.7    46953
read      394.8   339.4   148.8   202.5   218.6   342.6   407.6   449.2   482.8   529.2   596.8   731.4  1238.7  2491.0 10854.2  90470.3    90536
read      459.6   898.1   160.7   208.0   224.9   375.1   436.2   471.0   498.9   537.9   597.4   737.9  1829.2 14026.0 31193.3  12540.3    12508
read      495.9   908.8   148.8   200.4   216.3   357.7   447.1   504.6   549.4   605.6   691.7   966.3  3334.7 11865.8 34455.0  38386.3    38491
read      486.5   459.8   148.8   214.3   237.8   401.1   494.8   555.3   607.1   677.2   790.3  1018.0  1650.8  4249.2 20571.2  97699.3    97806
read      437.7   802.2   148.8   207.5   224.3   363.0   416.0   444.1   464.7   492.7   537.9   656.3  1689.3 11690.1 31284.3  11911.0    11813
read      390.9   278.5   148.8   196.0   210.2   334.2   415.9   468.6   509.2   557.1   617.8   741.4  1172.1  1935.0  8736.7  39682.0    39665
read      409.4   453.0   148.8   197.8   212.6   340.3   417.9   467.2   508.0   561.7   633.7   793.8  1345.1  5149.2 16778.9  53486.3    53571
read      404.2   490.2   148.8   197.5   212.4   339.0   413.0   458.6   496.1   544.9   614.5   747.3  1280.9  4948.9 17487.7  63232.3    63215
read      391.6   355.8   148.8   198.5   213.4   335.4   403.4   447.5   482.0   527.9   592.8   724.5  1346.2  3447.4 12000.2  78567.7    78767
read      408.9   699.5   160.7   209.7   228.2   353.4   395.3   420.2   438.6   466.3   510.7   611.5  1318.4 11092.3 31485.4   8623.7     8615
read      393.2   395.5   148.8   196.3   211.1   335.5   404.6   449.3   484.6   531.7   597.8   722.2  1249.1  4500.2 13841.0  67865.3    67903
read      521.5  1321.2   148.8   200.9   215.9   372.5   444.2   482.3   513.2   555.2   631.2   858.6  3862.5 28922.5 37995.8  16339.7    16398
read      419.7   414.8   148.8   201.5   216.6   356.7   437.4   486.7   527.3   578.9   651.7   792.0  1374.1  4076.7 15350.3  53510.0    53434
read      403.2   329.6   148.8   198.0   212.4   344.3   424.9   475.7   516.7   567.4   631.8   757.3  1251.9  3414.7 12744.1  38118.7    38068
read      504.3  1272.5   148.8   208.6   227.9   365.6   416.9   447.5   471.4   508.3   572.8   734.9  4404.7 24958.2 36301.7   9150.0     9130
read      412.8   505.7   148.8   199.6   214.7   341.7   412.8   456.8   492.2   538.0   604.6   732.1  1707.1  7467.1 20890.8  69197.0    69227
read      391.3   391.1   148.8   196.6   210.7   337.0   413.9   461.0   497.2   540.4   594.2   683.5  1158.3  5227.9 13724.3  37683.3    37496
read      404.5   492.0   148.8   201.3   216.8   343.4   410.6   451.9   483.6   524.3   583.2   689.0  1435.6  8164.1 13690.5  84170.7    83925
read      436.1   658.8   148.8   198.5   213.4   344.0   419.0   466.9   506.6   560.1   632.0   797.3  1890.7  8656.6 29484.6  51303.7    51037
read      405.6   377.7   148.8   198.2   212.6   342.0   427.7   479.6   517.9   564.1   624.6   755.8  1228.5  4215.9 12477.3  33751.0    33690
read      401.9   387.9   148.8   198.4   213.0   342.7   418.3   465.1   503.4   551.1   617.6   740.8  1246.7  5306.7 13359.0  51422.7    51474
read      407.1   521.2   148.8   199.6   214.9   344.0   416.6   461.9   498.5   545.8   613.7   742.1  1237.9  7114.9 18970.9  73365.0    73708
read      412.6   435.9   148.8   206.8   225.6   358.6   426.9   470.3   507.2   555.4   623.7   745.1  1111.5  4285.5 13849.3  98901.7    98618
read      403.3   387.9   148.8   202.4   218.0   347.2   418.8   462.5   498.3   545.6   615.5   741.1  1225.0  4142.1 12843.8  82115.7    81977
read      423.9   515.5   148.8   205.9   224.5   360.5   430.0   475.5   513.4   564.6   637.2   772.8  1216.3  7819.4 19524.4  91596.3    91567
read      404.9   289.6   148.8   202.3   217.3   348.3   426.5   475.5   515.8   566.7   633.4   756.8  1266.1  2857.4 10126.1  48351.0    48236
read      391.6   744.3   148.8   202.9   219.6   342.3   406.7   446.8   478.8   522.5   586.1   704.1  1128.8  2642.0 12893.5  91940.7    91726
read      407.7   476.6   148.8   200.2   215.2   343.1   419.2   468.5   509.1   560.4   626.0   750.0  1260.3  7677.2 16426.6  52132.0    52458
read      393.3   346.0   148.8   201.0   216.3   340.0   410.3   454.2   489.8   536.3   601.1   722.9  1177.8  2905.5 11906.2  70448.0    70467
read      412.9   458.0   148.8   200.3   215.5   342.5   415.8   462.2   500.1   548.6   621.9   779.4  1555.7  5688.1 12878.3  71305.7    71151
read      396.1   492.9   148.8   197.3   211.9   337.2   406.0   450.4   486.6   534.2   599.9   716.6  1219.4  5625.7 24559.8  65359.7    65016
read      409.1   307.4   148.8   199.8   214.5   351.2   432.6   484.3   525.3   575.4   639.2   769.5  1265.2  3536.9 10087.2  42183.0    42057
read      395.7   409.4   148.8   199.0   214.2   337.0   404.2   446.4   480.2   526.1   591.8   724.5  1324.3  4925.2 12008.1  78462.3    78821
read      410.0   521.9   148.8   199.3   213.8   342.1   417.5   464.5   502.6   551.7   620.6   750.7  1305.7  8106.1 24738.6  60863.7    60720
read      411.5   556.0   148.8   198.1   212.8   345.4   426.0   475.2   515.6   564.0   626.1   745.5  1174.9  8552.4 29233.8  39917.3    39911
read      413.1   829.6   148.8   203.4   218.6   357.9   406.0   431.3   450.8   472.6   513.1   597.9  1107.6 14623.1 33035.0  10716.0    10628
read      412.6   545.4   148.8   199.3   214.6   345.1   417.9   463.6   501.1   549.3   623.1   756.6  1292.0  7566.0 25788.6  73596.3    73736
read      499.2  1365.6   160.7   214.8   236.7   349.6   389.5   413.5   432.1   459.3   504.5   635.1  4857.4 27580.7 32202.2   7343.0     7334
read      446.8   472.2   148.8   207.0   225.9   370.8   448.1   500.6   544.7   604.5   693.0   869.7  1622.7  4730.4 18461.4  91617.0    91868
read      426.1   697.3   148.8   199.9   215.4   343.7   413.0   456.8   492.8   538.8   606.7   747.1  1555.6  9592.5 31123.9  76812.7    76670
read      460.7  1053.3   148.8   206.9   224.0   363.2   413.5   442.1   464.5   497.2   547.0   643.9  2840.2 10109.7 37740.3  10465.0    10405
read      472.0   917.2   148.8   200.1   215.1   361.0   457.9   512.9   555.5   613.2   714.3   874.0  1773.6 17876.6 31859.8  25860.0    26019
read      494.7   778.3   148.8   203.1   219.3   356.9   443.4   505.1   558.0   637.2   790.7  1200.5  2157.4 11257.8 30986.7  55527.3    55530
read      396.7   332.7   148.8   200.6   215.3   344.2   432.7   482.1   516.8   555.6   603.4   688.6  1034.3  4718.6  8842.3  29507.0    29615
read      400.1   395.9   148.8   199.4   214.1   340.3   411.1   456.8   493.7   541.7   610.0   739.6  1340.5  4300.7 11634.2  65556.7    66057
read      391.0   350.3   148.8   196.9   211.0   336.0   409.1   455.8   493.8   541.6   606.4   726.6  1183.5  2879.5 12837.9  55354.7    55281
read      440.8   374.8   160.7   202.6   217.3   377.0   468.0   519.3   556.9   611.2   703.5   869.3  1377.9  4132.9 12730.6  21290.3    21177
read      429.8   459.1   148.8   202.8   220.0   355.7   427.2   473.2   513.8   567.4   647.5   824.7  1655.2  7157.2 12905.8  88061.7    88239
read      393.2   262.0   148.8   198.2   212.9   341.5   413.8   458.4   494.4   541.2   608.1   732.2  1255.5  3084.5  8034.3  70144.0    70227
read      450.9   539.5   148.8   199.3   214.3   369.0   463.3   516.0   556.4   617.6   720.5   885.1  1447.8  9161.1 14790.6  23278.7    23421
read      440.7   439.1   148.8   211.8   232.5   379.1   455.2   505.3   546.3   599.4   676.5   819.7  1228.5  5914.6 13424.6  96968.7    97104
read      497.5  1240.7   160.7   215.6   239.6   350.1   392.8   418.1   436.4   463.1   504.2   621.1  4408.4 19885.8 36600.8   6336.3     6235
read      446.7   631.3   148.8   200.6   215.7   347.0   427.2   481.2   527.3   588.7   690.7   970.9  1720.5  6388.3 28734.2  57615.7    58045
read      436.1   578.0   148.8   202.8   217.4   361.2   451.6   499.0   533.1   573.4   629.0   792.0  1487.8  7277.7 25623.5  23673.7    23729
read      398.3   446.5   148.8   197.2   211.6   339.5   415.6   463.5   500.8   545.2   602.1   690.6  1161.4  5408.4 11864.9  41063.7    40897
read      379.9   257.0   148.8   197.2   211.3   336.6   405.6   448.3   481.8   526.4   585.5   682.9  1049.0  1940.3  8674.2  53439.0    53312
read      380.8   334.4   148.8   198.7   213.6   335.4   400.3   440.1   470.8   510.2   565.4   661.9  1068.0  3955.1 12628.7  87337.7    87262
read      383.7   318.7   148.8   199.0   214.0   338.0   404.9   445.7   476.8   516.6   572.9   672.5  1129.9  2851.4  8128.5  81888.0    81836
read      377.9   293.9   148.8   198.4   213.4   332.0   395.5   434.5   465.6   505.2   560.4   659.4  1218.6  2861.0  9826.6  92281.3    92274
read      380.0   247.2   148.8   196.1   210.2   333.2   406.9   452.9   487.9   532.3   589.0   677.2  1105.1  2511.4  7992.7  47099.7    47252
read      380.4   332.6   148.8   198.3   213.1   335.5   402.7   443.5   473.9   515.4   572.9   668.4  1043.6  2769.6 15557.2  75825.0    75747
read      378.0   382.1   148.8   197.7   212.2   331.3   396.8   435.7   466.5   505.7   560.8   656.4  1061.9  3439.2 15736.1  80983.3    80994
read      391.5   416.1   148.8   202.3   218.5   342.2   406.1   446.7   477.4   519.5   578.0   676.9  1070.1  5794.5 13308.0  98029.3    98224
read      369.0   337.9   160.7   212.4   231.1   344.7   379.0   397.3   410.7   427.4   450.2   494.6   841.7  5520.0 12282.7   7745.3     7737
read      404.9   428.2   148.8   198.7   212.9   346.9   427.2   474.9   512.6   558.4   617.4   717.4  1222.3  4210.8 15379.1  37393.7    37514
read      416.3   805.2   160.7   208.8   225.1   360.0   405.2   429.6   446.9   465.9   495.7   555.2  1765.1  8274.8 35696.9  10625.3    10640
read      390.1   469.9   148.8   200.6   216.5   339.5   404.5   444.9   476.3   517.5   573.7   669.5  1054.9  4512.9 13740.1  90228.7    90490
read      374.6   322.2   148.8   200.1   215.4   334.5   397.7   435.3   465.3   503.1   554.5   641.4   935.3  2900.6 14285.2  92569.0    92514
read      389.9   349.4   148.8   204.9   221.3   345.8   414.0   454.8   486.6   527.3   584.5   683.2   955.3  3795.9 14429.2  89379.3    89245
read      403.2   494.2   148.8   199.9   214.9   339.7   409.9   452.3   485.3   528.7   588.4   688.3  1282.0  6851.6 15648.1  73549.3    73823
read      396.9   374.3   148.8   197.3   211.6   339.4   414.8   461.8   498.4   544.8   605.1   694.3  1308.0  5312.1 11073.9  46664.0    46565
read      381.4   366.0   148.8   198.4   212.0   346.0   425.8   463.3   488.9   517.5   551.7   607.8   860.5  5166.2 12742.8  21455.7    21419
read      389.1   421.2   148.8   198.2   212.5   339.1   410.1   452.6   485.8   528.2   584.9   681.3  1034.4  4287.0 12915.0  66747.7    66915
read      366.0   224.8   148.8   194.9   208.3   325.7   404.2   450.3   482.9   520.2   564.0   624.3   832.9  2114.8  8689.3  31550.3    31667
read      376.9   364.4   148.8   195.9   209.9   332.2   398.4   437.3   468.6   508.6   563.8   653.2   980.0  4532.8  9650.6  71839.7    72255
read      393.3   342.9   148.8   204.4   221.4   349.3   415.0   455.8   487.8   528.4   584.1   678.1  1001.1  3759.0 12488.4  99425.3    99535
read      379.4   505.6   148.8   206.5   223.7   347.8   388.3   409.1   424.5   441.8   467.0   513.0   817.2  7999.9 19146.8   9257.0     9226
read      372.9   227.5   148.8   196.5   210.6   332.8   400.8   441.6   472.7   514.3   571.4   663.3   957.2  2232.3  8231.2  67644.3    67844
read      382.2   404.6   148.8   197.1   211.4   336.4   405.1   446.6   477.6   518.6   574.3   661.4   912.0  5182.8 14778.0  71531.0    71413
read      378.8   307.0   148.8   202.5   218.8   340.7   402.2   438.9   468.3   506.3   559.6   643.5   863.5  3771.0 10221.6  97632.7    97328
read      373.0   281.1   148.8   195.8   210.1   333.6   400.6   442.7   475.8   518.5   574.4   655.9   891.1  2357.3  9137.5  55105.0    55113
read      389.2   252.8   148.8   198.1   212.7   342.9   416.9   460.8   495.6   540.6   601.9   697.3  1114.9  3341.4  8664.9  53851.3    53743
read      384.7   571.9   148.8   199.2   212.6   351.3   411.4   440.0   459.7   482.5   511.5   568.1   829.0  8395.4 30951.2  15234.7    15253
read      375.1   338.2   148.8   198.4   213.3   331.8   395.5   433.8   464.1   501.7   552.0   635.4  1041.8  3468.7 12723.3  90178.0    90605
read      379.5   260.8   148.8   197.9   211.6   339.7   424.2   467.8   497.9   532.2   574.1   637.4   902.6  3020.1  8856.6  25723.3    25767
read      370.5   346.1   148.8   198.3   213.4   332.2   394.7   432.0   460.8   496.9   546.0   630.2   867.1  2799.0 15647.8  93366.0    93458
read      380.1   347.0   148.8   202.1   218.0   340.0   402.9   441.1   470.4   509.0   564.0   655.5   930.6  2788.8 15799.7  95136.3    95080
read      385.7   449.0   148.8   200.9   216.2   340.3   406.8   447.0   477.0   516.6   572.1   666.7   921.6  4079.7 16395.3  88078.0    88399
read      381.6   368.6   148.8   203.2   219.4   341.4   404.2   443.2   473.4   513.3   569.4   661.7   897.1  2823.7 15916.6  95828.7    95681
read      384.7   400.9   148.8   197.7   212.1   334.9   414.0   461.0   495.1   534.6   581.4   653.2   937.5  4399.1 12062.0  32974.7    33003
read      380.4   302.5   148.8   200.8   216.9   336.9   397.4   434.3   463.8   501.7   555.0   647.9  1139.5  3455.3 10002.1  98839.7    98809
read      384.6   309.2   148.8   198.4   212.8   340.3   411.1   453.0   485.7   528.1   584.9   679.4   990.0  3481.5 10613.8  64535.3    64610
read      374.5   345.1   148.8   195.3   209.1   328.8   396.5   438.6   471.8   516.1   573.0   655.6   953.0  4415.6  8340.9  51268.0    51183
read      381.4   319.4   148.8   198.9   212.6   348.1   428.0   463.3   487.8   515.2   548.8   605.5   845.7  4433.9 12248.6  20307.3    20194
read      372.9   479.3   160.7   212.0   231.9   339.8   372.6   391.2   403.1   420.5   440.5   480.6   946.1  8454.4 13653.1   7621.7     7602
read      373.0   248.3   148.8   195.6   209.9   332.0   400.2   444.6   479.1   521.9   575.5   652.6   907.5  2342.2 11077.4  46604.3    46677
read      388.7   910.7   160.7   221.8   244.6   327.2   356.4   372.0   385.8   401.0   426.3   477.6  1833.3  8351.9 45778.1   5680.0     5577
read      392.5   478.8   148.8   201.6   215.4   343.2   427.4   467.7   494.9   524.6   559.4   616.3   910.4  8206.5 23972.0  22875.0    23035
read      395.7   331.1   148.8   201.6   215.8   345.9   421.6   466.5   502.6   547.6   607.9   711.5  1130.4  3467.0  9167.2  57492.3    57516
read      382.2   291.4   148.8   198.8   213.1   335.1   404.5   449.1   483.6   528.3   587.4   678.5  1012.3  3509.2 10316.2  63076.7    62851
read      392.7   380.0   148.8   198.3   212.6   339.5   421.7   474.7   514.6   559.7   612.1   685.3   937.2  3793.1 12750.5  38309.7    38431
read      389.7   346.8   160.7   200.0   214.1   343.0   433.3   479.1   509.9   543.6   583.9   639.9   868.2  5152.1 13234.8  25883.7    25729
read      390.4   322.9   148.8   204.0   218.6   357.7   436.7   473.3   499.3   527.7   561.2   616.5   876.8  4350.8 12626.6  19380.3    19443
read      378.9   224.1   148.8   203.5   217.8   353.6   430.1   465.2   488.9   514.5   545.0   590.4   810.8  3409.3  8157.7  19525.0    19461
read      382.0   252.2   148.8   196.8   211.0   335.1   413.1   462.7   502.3   547.8   602.0   677.5   941.9  2289.4  8747.5  41969.7    42341
read      394.3   588.1   173.5   229.0   253.6   337.7   366.9   383.8   396.6   413.1   435.7   498.8  1807.4 10259.6 19437.9   5656.0     5691
read      372.4   270.7   148.8   196.7   211.6   330.4   411.0   462.2   498.0   536.4   580.1   637.4   807.0  1484.7  9636.8  40189.7    40223
read      371.6   218.4   148.8   199.2   214.0   333.0   424.2   470.8   499.9   530.7   565.1   611.4   737.9  1757.0  7923.3  29794.0    29941
read      359.7   203.8   148.8   194.9   209.4   323.5   397.1   445.0   479.5   516.1   557.4   613.3   745.9  1203.2  8401.9  41287.0    41162
read      369.4   183.9   148.8   197.1   212.1   331.7   405.8   452.7   485.9   523.3   568.2   633.6   852.7  1474.1  5020.1  43824.3    43863
read      368.8   249.6   148.8   202.6   216.6   347.7   420.4   452.0   471.5   493.9   520.1   559.5   685.1  3738.0 10206.3  20409.7    20318
read      344.1   168.8   148.8   194.5   208.7   317.3   374.6   408.0   433.4   464.9   507.2   578.5   744.1  1454.6  6339.3  93394.3    93421
read      352.9   166.5   148.8   193.5   207.8   323.3   389.3   430.3   461.1   497.1   539.2   594.5   738.2  1236.0  6212.3  48664.7    48578
read      359.3   225.6   148.8   194.8   209.1   325.3   396.6   441.2   472.1   506.3   545.3   600.2   752.8  1188.5  9446.7  40666.0    40595
read      367.0   261.4   148.8   203.1   217.0   354.4   417.3   444.9   462.9   483.8   507.6   548.4   692.6  2402.1 10527.5  17768.7    17677
read      352.2   185.5   148.8   194.2   208.6   322.5   385.5   422.8   451.1   485.5   531.0   600.3   772.4  1391.0  8050.2  78742.0    78948
read      354.6   252.4   148.8   210.4   228.1   343.4   380.5   399.2   413.0   428.3   448.5   479.4   610.5  3993.6 12002.0   9700.7     9703
read      362.1   306.4   148.8   212.0   230.4   349.7   387.3   405.6   420.0   434.4   456.6   490.3   593.8  4083.5 13038.1   9605.7     9686
read      368.2   336.3   160.7   220.3   240.0   349.3   382.4   399.5   412.4   427.5   447.7   482.7   620.7  5017.2 10725.5   8079.7     7968
read      378.0   290.8   160.7   209.5   225.8   363.8   421.4   448.4   466.0   486.8   509.2   548.3   702.8  4120.7 11751.2  15680.7    15830
read      376.4   365.0   160.7   221.9   242.2   354.3   388.0   404.8   418.6   432.5   454.7   492.6   701.1  5643.2 13446.4   8198.0     8192
read      353.4   192.2   148.8   194.6   209.1   322.8   384.8   422.1   451.1   486.7   532.4   598.8   773.2  1680.9  8235.6  79383.7    79410
read      356.1   192.6   148.8   194.4   208.9   325.7   389.9   426.6   454.9   489.5   534.6   604.2   788.0  1771.4  7536.9  76632.7    76582
read      357.9   200.4   148.8   194.4   208.9   328.2   393.4   433.1   464.1   500.0   543.0   602.9   749.8  1443.8  8854.2  54848.3    54634
read      352.1   155.3   148.8   194.5   208.7   324.6   388.5   426.8   456.0   491.2   535.5   598.3   743.1  1087.8  5147.6  71979.3    72177
read      369.9   257.4   148.8   207.7   223.3   360.0   414.4   439.2   456.6   474.7   499.6   537.7   640.3  2970.7 10118.8  15099.7    15101
read      365.7   324.4   148.8   219.1   238.2   347.3   380.9   398.7   411.8   427.3   447.4   481.1   633.9  4681.3 11553.5   8192.7     8167
read      365.2   205.4   148.8   196.3   211.4   331.7   402.0   447.2   479.2   515.8   558.6   620.3   776.2  1435.3  8746.1  44012.0    44130
read      366.5   211.8   148.8   195.6   210.7   329.4   399.9   445.2   478.9   519.0   565.7   628.2   794.2  1816.0  9176.6  52675.3    53047
read      350.0   179.2   148.8   198.5   213.5   323.5   381.1   415.5   441.5   473.2   517.2   584.4   737.4  1232.1  7796.8  97035.7    97171
read      357.4   168.4   148.8   197.7   212.5   327.0   391.0   430.0   460.1   496.8   543.6   613.1   771.9  1202.3  4875.3  81119.0    81360
read      359.9   209.1   148.8   198.5   213.5   328.0   392.3   430.9   460.9   497.6   544.6   615.4   783.5  1304.9  8697.8  77102.3    77277
read      370.5   196.0   148.8   198.0   213.9   332.3   410.4   460.2   494.2   530.8   572.6   627.9   792.8  1278.8  7894.5  38310.3    38294
read      367.7   256.3   160.7   215.1   232.3   359.9   401.7   422.4   435.5   452.3   469.6   502.2   610.2  3219.0 12470.4  11092.0    11165
read      353.8   172.0   148.8   194.2   208.8   324.9   387.7   426.1   455.6   491.2   536.1   601.8   764.5  1435.4  6193.5  74121.7    74155
read      377.6   286.1   160.7   214.6   232.1   367.9   413.2   434.1   449.6   465.6   488.2   521.8   631.8  4264.2 10085.0  12211.7    12255
read      363.2   181.6   148.8   195.5   210.3   329.6   397.7   441.7   476.0   515.4   562.2   624.0   780.4  1392.4  6298.9  52259.3    52404
read      377.1   224.2   148.8   209.8   226.5   365.2   426.0   453.6   471.0   491.9   515.2   550.2   658.4  3754.4  8767.4  17018.7    17057
read      364.5   316.8   160.7   228.6   253.7   339.3   366.9   382.9   395.0   409.1   431.1   470.2   761.5  5595.2 10750.3   5958.0     6005
read      354.0   192.5   148.8   196.2   210.8   322.5   382.5   419.6   448.6   484.2   529.7   597.4   793.1  1743.9  6793.9  85208.7    85707
read      358.9   190.2   148.8   196.7   211.5   327.6   391.9   430.2   460.0   495.6   542.4   615.0   796.8  1550.5  7353.4  79941.7    79742
read      363.9   222.8   148.8   195.7   210.4   328.9   395.3   438.0   470.8   510.9   559.3   624.0   797.1  1578.4  8708.1  58350.3    58322
read      374.7   231.0   148.8   203.4   219.3   342.2   428.2   469.3   495.1   523.0   554.8   599.1   736.3  1802.2 11180.2  26264.3    26212
read      356.5   230.3   148.8   195.5   210.1   323.9   387.5   427.2   458.7   496.7   543.5   611.1   764.7  1463.0  8610.6  69200.0    69487
read      371.1   207.7   148.8   200.2   215.8   334.7   421.2   466.9   495.2   525.1   558.3   601.5   720.2  2087.4  7006.9  29482.3    29507
read      364.3   201.0   148.8   196.6   211.0   328.5   400.3   445.0   478.5   518.4   565.0   626.1   769.4  1548.0  7895.4  51419.3    51412
read      355.3   182.0   148.8   196.1   210.2   323.2   388.3   428.5   460.4   498.2   544.3   610.4   748.0  1469.7  6175.1  67318.0    67374
read      359.7   236.5   148.8   195.3   209.6   323.1   390.9   435.3   469.6   510.0   557.8   619.4   769.5  1363.0 10602.1  55248.0    55125
read      355.9   178.6   137.8   194.7   208.8   323.8   391.8   434.0   466.2   503.3   547.0   608.1   745.4  1183.9  7548.0  53009.0    53048
read      360.8   226.5   160.7   206.9   222.6   355.4   397.9   419.1   433.0   450.9   470.5   506.7   637.2  3067.7  7945.5  12020.3    12192
read      364.9   246.1   148.8   196.7   211.4   329.0   404.2   448.7   477.8   508.4   546.7   604.4   773.4  1994.0 10083.7  35943.0    36138
read      371.6   256.7   148.8   194.8   209.3   325.5   391.4   432.6   464.8   504.1   557.7   654.3  1202.9  1992.3  9608.2  60817.3    60799
read      369.4   261.0   148.8   197.7   212.9   332.0   408.9   454.4   484.7   518.1   557.1   616.4   781.4  1782.7 12172.1  36289.7    36368
read      360.8   201.4   148.8   196.8   211.6   326.4   398.2   442.7   472.9   506.9   545.5   599.7   743.4  1567.8  7997.9  39580.3    39729
read      349.9   179.4   148.8   196.7   211.4   324.6   381.4   414.5   438.9   469.9   511.6   582.9   746.7  1469.7  7574.2  95619.0    95693
read      361.6   208.5   148.8   195.3   209.5   326.7   399.7   444.0   475.2   511.2   552.1   614.1   777.4  1295.3  9417.4  41082.7    40999

Total QPS = 50434.3 (48416932 / 960.0s)

Total connections = 64
Misses = 0 (0.0%)
Skipped TXs = 0 (0.0%)

RX 11958981957 bytes :   11.9 MB/s
TX          0 bytes :    0.0 MB/s
Warning! Detected max cpu usage > 95%
CPU Usage Stats (avg/min/max): 100.00%,48.48%,100.00%
