Random waveform, supplied seed
Total number of intervals = 90 (7434, 67201, 85927, 63953, 31595, 87879, 7287, 62295, 6561, 22532, 60653, 59076, 60154, 22964, 8172, 27652, 37594, 24367, 33771, 84944, 85666, 51918, 34406, 28664, 38289, 20658, 13840, 93419, 98284, 71313, 42089, 46458, 30755, 42889, 93552, 65694, 29574, 51355, 67361, 16287, 81508, 87619, 99068, 51267, 11822, 97494, 97350, 55460, 85984, 82043, 52873, 13911, 49984, 9274, 27187, 18735, 86505, 93039, 75999, 32324, 84255, 81759, 37291, 53818, 30297, 31569, 38927, 10652, 98119, 48176, 34929, 69735, 20753, 84642, 42333, 61587, 77998, 97625, 23781, 66723, 31016, 47394, 95335, 5252, 65908, 16889, 42912, 99898, 26385, 22616)
Average QPS expected = 51583
Timestamp start: 1715602464019
Timestamp end: 1715603364559

#type       avg     std     min      p5     p10     p50     p67     p75     p80     p85     p90     p95     p99    p999   p9999      QPS   target
read      493.9  1251.9   160.7   219.2   240.4   365.0   410.0   436.4   459.8   489.8   538.6   673.7  3809.4 15913.7 37779.1   7391.6     7434
read      424.7   524.1   148.8   203.8   219.1   349.8   429.1   477.8   516.7   567.1   638.2   785.7  1531.4  6949.5 26986.0  67174.5    67201
read      423.2   490.0   148.8   205.7   222.5   353.8   428.4   476.1   514.4   564.9   638.1   789.1  1454.1  6208.3 16279.2  85979.2    85927
read      410.7   455.2   148.8   201.3   215.7   342.5   419.0   467.3   505.7   555.7   626.2   765.1  1412.4  4873.1 16207.0  63944.0    63953
read      416.0   517.0   148.8   199.3   213.3   348.6   442.5   495.1   532.4   576.4   632.7   744.4  1208.1  6196.5 26166.2  31663.6    31595
read      415.7   441.0   148.8   205.6   222.4   354.3   427.8   472.7   509.2   558.8   631.0   774.9  1286.6  4857.0 16326.7  87741.0    87879
read      431.8   737.2   160.7   219.2   241.4   361.6   402.2   428.3   449.1   475.4   519.5   634.2  1760.6  8784.9 31226.4   7232.1     7287
read      412.8   420.8   148.8   202.5   216.8   345.3   424.4   473.0   512.1   564.0   635.6   784.2  1414.3  4052.0 13562.9  62242.7    62295
read      421.9   621.3   160.7   225.0   249.7   360.6   400.2   425.4   445.0   470.4   514.3   623.0  1671.8  8097.4 28387.2   6549.1     6561
read      438.2   527.0   148.8   203.4   217.9   370.8   463.8   509.1   542.6   584.4   646.7   809.3  1471.3  6863.1 21279.0  22522.3    22532
read      407.8   447.8   148.8   201.4   215.6   341.6   418.6   466.7   504.7   554.0   623.8   752.6  1334.3  5474.9 14277.7  60644.4    60653
read      410.3   391.1   148.8   202.6   216.8   347.2   427.0   474.9   513.2   563.3   632.0   762.8  1362.8  4133.0 16271.7  58962.2    59076
read      407.5   401.8   148.8   202.8   217.0   344.9   422.8   470.4   508.1   557.3   626.3   755.2  1325.6  4612.2 14199.2  60206.9    60154
read      429.2   450.5   148.8   201.1   215.1   367.8   462.1   508.3   542.1   584.1   649.9   816.8  1365.0  4369.2 16963.9  23072.0    22964
read      452.1   904.1   160.7   216.9   237.0   371.7   418.2   445.5   466.0   494.8   540.5   650.1  1989.4 12775.1 32061.0   8191.2     8172
read      417.3   508.8   148.8   199.4   213.3   352.7   449.7   499.2   533.6   573.4   625.3   735.1  1209.9  7604.5 22266.4  27704.1    27652
read      409.7   374.7   148.8   199.9   214.1   345.9   436.9   491.8   531.2   578.5   638.1   756.5  1262.7  3771.4 14805.3  37584.8    37594
read      445.5   567.6   148.8   201.3   215.3   368.0   467.3   517.0   553.2   601.2   681.3   868.3  1494.2  6821.2 29029.0  24355.2    24367
read      412.2   565.8   148.8   198.6   212.6   342.5   438.2   493.0   530.6   574.3   629.4   736.4  1229.3  5544.4 19902.2  33782.0    33771
read      413.9   390.5   148.8   206.1   222.6   353.7   427.3   473.0   509.2   557.6   628.8   770.2  1328.8  3951.6 14897.3  84855.0    84944
read      406.1   387.0   148.8   204.5   220.7   347.7   419.4   463.8   499.3   545.0   614.1   746.1  1300.5  4240.7 12692.1  85657.3    85666
read      404.9   392.7   148.8   200.6   214.7   342.6   422.3   472.0   511.5   562.7   630.1   755.4  1311.8  3408.6 13604.0  52013.1    51918
read      411.1   422.3   148.8   199.4   213.4   346.4   439.8   493.8   532.1   577.4   634.1   746.1  1233.6  4918.7 16664.3  34430.7    34406
read      411.4   470.6   148.8   199.3   213.2   349.0   446.4   496.3   531.0   571.1   622.9   727.7  1178.7  5203.9 16109.2  28608.0    28664
read      405.8   427.2   148.8   198.6   212.6   341.3   430.8   484.4   523.8   571.1   630.6   740.4  1223.5  4223.6 15917.7  38312.7    38289
read      444.3   525.0   148.8   201.7   215.6   377.5   466.8   510.6   544.1   588.4   668.9   850.1  1488.9  7562.5 17094.0  20569.5    20658
read      443.4   671.5   160.7   206.5   222.4   384.5   449.4   483.9   508.6   546.5   610.5   740.3  1432.3  8480.1 32655.6  13848.5    13840
read      426.2   437.7   148.8   208.8   227.2   365.4   438.8   487.0   526.5   578.6   652.9   792.1  1239.9  5083.8 13939.8  93340.7    93419
read      423.5   411.3   148.8   210.7   229.9   368.3   439.9   487.0   525.1   575.3   646.9   780.4  1193.9  3678.1 15409.3  98145.1    98284
read      404.7   377.9   148.8   202.0   216.5   342.3   417.3   464.0   501.2   548.9   619.6   753.8  1350.0  4216.0 12604.8  71358.4    71313
read      416.9   496.3   148.8   200.8   214.9   348.5   435.6   489.8   530.7   580.6   644.0   764.8  1282.1  7167.7 19295.7  42114.4    42089
read      414.5   380.1   148.8   201.8   216.0   349.7   435.4   488.7   529.9   581.2   646.9   778.3  1343.4  3882.8 15418.9  46365.4    46458
read      410.6   349.6   137.8   199.6   213.5   349.1   446.3   498.9   535.5   578.3   633.0   744.2  1224.6  4256.8 12479.4  30789.9    30755
read      418.3   419.9   148.8   201.0   215.2   350.2   438.6   494.2   536.4   587.3   654.0   785.8  1335.4  4745.5 14243.6  42930.1    42889
read      416.8   428.5   148.8   207.5   225.5   359.7   431.2   476.4   513.3   562.0   630.6   763.9  1177.6  5292.7 14320.1  93672.9    93552
read      411.0   436.4   148.8   202.7   217.2   346.2   425.2   473.3   511.4   560.5   630.3   765.1  1345.5  4386.0 16656.8  65575.4    65694
read      413.5   455.0   148.8   199.2   213.1   348.6   445.9   496.9   532.4   573.7   626.8   730.2  1211.3  6740.8 15560.2  29480.2    29574
read      411.4   389.3   148.8   201.5   215.6   347.5   430.6   482.1   522.5   574.1   640.1   771.2  1322.7  4446.7 13603.2  51352.0    51355
read      439.1   603.6   148.8   203.4   218.7   351.1   430.1   479.7   520.4   574.4   654.6   840.9  1761.8  8056.6 29735.9  67379.3    67361
read      483.7  1002.9   148.8   203.3   218.2   383.1   456.5   494.9   524.6   565.7   636.4   789.1  2583.0 13976.7 35668.9  16330.6    16287
read      411.4   453.6   148.8   204.2   220.1   349.3   424.2   470.1   507.1   556.2   627.8   766.7  1257.3  4577.1 16986.8  81628.7    81508
read      454.9   643.9   148.8   207.9   226.1   367.3   444.6   495.5   537.2   592.1   675.1   845.7  1711.4  8410.6 30129.9  87655.1    87619
read      437.3   498.7   148.8   211.6   231.6   372.3   446.5   495.3   535.5   587.5   664.0   804.3  1291.4  6018.3 18550.8  99142.5    99068
read      405.6   383.0   148.8   200.1   214.2   342.4   423.7   474.5   514.3   565.6   633.5   760.9  1315.0  3742.6 13659.9  51157.2    51267
read      437.1   710.8   148.8   206.6   223.1   378.8   433.7   463.7   486.6   514.7   567.9   681.4  1587.9  8711.4 31173.2  11851.0    11822
read      427.6   438.7   148.8   209.0   227.9   367.4   440.6   488.2   526.9   577.9   652.0   794.1  1224.6  5244.8 13670.0  97506.8    97494
read      417.1   426.9   148.8   208.5   227.1   361.9   432.1   476.4   512.3   560.9   630.0   757.5  1152.1  4847.7 16165.4  97217.5    97350
read      406.9   397.3   148.8   200.0   214.2   341.9   422.1   471.5   510.8   561.0   629.8   758.1  1353.0  4409.8 12835.0  55319.8    55460
read      403.7   397.6   148.8   203.8   219.9   346.8   418.8   462.8   497.7   542.9   610.1   738.0  1215.6  4563.0 13852.6  86027.5    85984
read      406.5   455.1   148.8   202.2   217.5   344.1   416.1   461.0   496.7   542.9   612.9   749.9  1286.4  5456.4 17631.2  81943.7    82043
read      410.0   407.8   148.8   199.9   214.2   343.6   425.5   477.5   518.4   569.7   637.7   774.7  1338.5  4462.0 13014.8  52754.4    52873
read      703.9 12115.2   148.8   205.6   221.3   381.9   447.6   482.4   508.3   548.1   616.5   757.0  1977.5 13931.2 770933.1  13946.8    13911
read      453.3   641.4   148.8   199.7   214.6   349.1   435.8   493.3   538.7   597.6   686.9   933.3  2061.6  6977.2 30939.9  50017.0    49984
read      454.9   835.1   160.7   211.9   231.1   373.3   423.5   454.0   477.4   510.1   570.2   696.5  2244.4 12237.0 32408.0   9241.3     9274
read      422.8   486.5   148.8   200.6   214.4   355.8   453.6   504.0   540.2   583.5   639.0   760.1  1250.5  7373.6 18351.0  27228.6    27187
read      485.9   959.3   148.8   201.6   215.9   378.2   459.4   500.4   532.6   577.4   656.9   847.3  2504.7 12092.8 35767.8  18803.4    18735
read      478.5  2946.7   148.8   207.9   226.8   369.8   446.4   495.5   535.2   587.3   663.6   797.9  1477.1 10233.9 93032.3  86589.9    86505
read      409.2   420.7   148.8   205.8   223.2   353.1   423.6   466.8   501.7   546.6   614.8   741.2  1161.6  5387.2 13647.7  92958.4    93039
read      407.4   449.3   148.8   202.6   217.6   344.2   419.5   465.2   501.3   546.8   615.3   745.6  1359.8  4469.2 17274.3  75942.1    75999
read      410.1   458.1   148.8   198.2   212.0   342.7   438.6   492.5   530.2   574.2   629.5   736.7  1198.2  6267.6 16011.6  32287.4    32324
read      421.0   440.2   148.8   206.1   222.8   356.8   431.5   477.0   513.1   562.2   633.6   776.0  1389.7  5100.5 15578.1  84140.9    84255
read      411.6   404.0   148.8   204.4   220.5   351.3   425.1   470.2   506.6   553.4   625.2   762.8  1320.4  4395.3 12487.0  81722.5    81759
read      412.1   491.3   148.8   198.7   212.6   343.7   432.2   487.3   527.3   575.4   635.1   745.3  1258.7  5216.1 17347.6  37412.3    37291
read      416.8   467.3   148.8   201.5   215.7   346.9   426.9   477.8   518.7   571.5   642.9   786.0  1425.5  4806.5 19455.2  53876.4    53818
read      415.0   535.8   148.8   198.8   212.6   348.1   442.1   495.0   531.7   574.2   628.3   729.4  1206.7  6189.8 30477.9  30234.9    30297
read      410.1   436.3   148.8   198.1   212.2   345.8   438.0   491.5   528.6   571.6   626.6   730.8  1216.2  5743.6 12894.9  31701.6    31569
read      416.1   412.2   148.8   199.7   214.0   349.5   437.2   492.5   533.0   582.2   641.9   754.6  1354.9  4763.4 12599.5  38958.7    38927
read      397.4   533.1   148.8   208.5   224.9   366.9   413.6   437.0   454.6   472.5   501.0   550.5   990.5  6965.3 28310.0  10664.1    10652
read      409.5   409.9   148.8   208.0   226.1   359.1   428.3   470.4   504.4   548.1   612.0   724.4  1057.3  4591.8 16150.3  97980.7    98119
read      390.1   315.1   148.8   198.2   212.3   339.3   417.9   467.3   505.0   551.2   611.1   699.9  1057.4  2899.3 11918.8  48227.5    48176
read      398.8   302.6   148.8   198.6   212.8   343.6   433.0   485.7   523.5   567.7   622.1   711.1  1139.7  3589.8 12030.5  34984.2    34929
read      395.4   478.7   148.8   202.4   216.7   338.3   410.2   454.7   488.9   532.3   591.3   690.1  1098.9  5750.8 23967.9  69677.8    69735
read      403.3   495.1   160.7   200.7   214.1   356.2   441.2   479.9   504.8   534.7   572.9   635.7  1056.7  6845.2 19173.9  20741.4    20753
read      387.6   395.9   148.8   203.2   218.1   340.7   410.5   452.4   484.0   524.2   578.9   669.3   948.0  4323.9 15845.2  84526.5    84642
read      390.4   279.9   148.8   198.2   212.1   341.8   423.8   474.3   512.5   557.9   615.1   696.0  1011.0  2437.1 12211.8  42376.0    42333
read      386.1   328.5   148.8   199.5   213.5   338.2   411.1   456.1   490.6   534.1   592.8   685.9  1008.0  3656.6 12172.7  61633.6    61587
read      384.0   374.3   148.8   200.6   215.0   335.7   406.2   449.3   481.2   521.3   576.9   670.6   992.8  3609.7 15016.2  77961.4    77998
read      384.8   367.5   148.8   204.9   221.0   342.0   405.4   444.4   473.8   511.3   565.5   656.6   937.4  3544.3 14043.0  97474.6    97625
read      385.7   308.6   148.8   198.6   212.2   346.6   438.7   481.8   508.8   540.0   578.4   635.1   853.3  3704.0 10784.9  23757.5    23781
read      386.6   383.1   148.8   200.2   214.2   338.5   411.0   454.7   487.8   529.7   586.5   679.3   983.5  3423.6 15479.5  66805.8    66723
read      392.2   380.0   148.8   197.7   211.5   339.2   430.8   482.0   516.4   554.3   600.6   672.0   959.2  4618.9 12728.8  30925.6    31016
read      393.6   301.3   148.8   199.6   213.7   344.0   423.5   472.1   510.5   557.7   617.6   704.9  1063.3  2835.6 10400.8  47397.0    47394
read      381.4   298.1   148.8   204.1   220.0   340.3   403.3   442.5   471.7   509.5   564.0   656.2   965.7  2976.3  9936.6  95413.6    95335
read      380.1   562.3   160.7   231.2   256.4   336.1   364.0   379.5   392.0   404.5   428.5   475.3  1520.2  8102.4 28438.3   5254.9     5252
read      359.7   195.6   148.8   196.9   211.1   326.7   394.2   434.3   465.2   502.3   548.1   618.2   785.2  1544.5  7814.0  65785.6    65908
read      376.4   264.0   148.8   203.8   218.8   366.1   429.3   457.0   474.6   495.2   519.8   558.0   687.4  3910.0 10283.6  16850.8    16889
read      368.5   200.6   148.8   196.6   210.8   330.1   407.2   457.6   492.4   530.3   573.9   633.8   790.6  1450.1  6944.1  42853.4    42912
read      360.4   194.9   148.8   204.2   219.9   333.4   391.9   426.3   452.4   483.9   526.8   594.3   765.0  1622.0  7878.4  99919.7    99898
read      370.4   252.3   148.8   197.1   211.5   335.6   427.8   469.5   494.6   521.2   550.2   595.3   728.9  2065.2  9828.3  26473.3    26385
read      373.8   236.2   148.8   199.6   214.1   348.7   433.7   469.8   492.2   515.9   544.4   588.5   712.5  2343.5  9931.0  22543.9    22616

Total QPS = 51573.0 (46415672 / 900.0s)

Total connections = 64
Misses = 0 (0.0%)
Skipped TXs = 0 (0.0%)

RX 11464671478 bytes :   12.1 MB/s
TX          0 bytes :    0.0 MB/s
Warning! Detected max cpu usage > 95%
CPU Usage Stats (avg/min/max): 99.96%,48.99%,100.00%
