Random waveform, supplied seed                                                                                                                                                                                                                                                                                                                                                                                                                                                                
Total number of intervals = 90 (7434, 67201, 85927, 63953, 31595, 87879, 7287, 62295, 6561, 22532, 60653, 59076, 60154, 22964, 8172, 27652, 37594, 24367, 33771, 84944, 85666, 51918, 34406, 28664, 38289, 20658, 13840, 93419, 98284, 71313, 42089, 46458, 30755, 42889, 93552, 65694, 29574, 51355, 67361, 16287, 81508, 87619, 99068, 51267, 11822, 97494, 97350, 55460, 85984, 82043, 52873, 13911, 49984, 9274, 27187, 18735, 86505, 93039, 75999, 32324, 84255, 81759, 37291, 53818, 302
97, 31569, 38927, 10652, 98119, 48176, 34929, 69735, 20753, 84642, 42333, 61587, 77998, 97625, 23781, 66723, 31016, 47394, 95335, 5252, 65908, 16889, 42912, 99898, 26385, 22616)                                                                                                                                                                                                                                                                                                             
Average QPS expected = 51583                                                                                                                                                                                                                                                                                                                                                                                                                                                                  
Timestamp start: 1715595616277                                                                                                                                                                                                                                                                                                                                                                                                                                                                
Timestamp end: 1715596516969                                                                                                                                                                                                                                                                                                                                                                                                                                                                  
                                                                                                                                                                                                                                                                                                                                                                                                                                                                                              
#type       avg     std     min      p5     p10     p50     p67     p75     p80     p85     p90     p95     p99    p999   p9999      QPS   target                                                                                                                                                                                                                                                                                                                                             
read      461.1   926.8   160.7   223.6   245.9   373.1   416.6   441.4   462.1   489.8   533.7   648.8  2699.3 12218.6 32232.7   7420.2     7434                                                                                                                                                                                                                                                                                                                                             
read      462.4   540.1   148.8   210.8   228.6   385.4   478.2   533.2   575.6   628.6   703.8   862.0  1557.7  6111.0 28072.2  67157.8    67201                                                                                                                                                                                                                                                                                                                                             
read      502.7   502.1   148.8   220.5   243.8   415.5   505.7   565.2   614.3   680.7   786.4  1022.2  1824.9  5444.5 17535.2  86041.3    85927                                                                                                                                                                                                                                                                                                                                             
read      444.7   455.2   148.8   208.7   225.8   378.7   470.1   524.1   564.9   616.4   686.4   831.5  1427.7  4141.6 16076.4  64110.3    63953                                                                                                                                                                                                                                                                                                                                             
read      438.1   530.4   148.8   203.5   219.1   369.8   473.7   530.5   569.2   612.9   667.4   780.1  1293.5  6430.3 27975.5  31632.1    31595                                                                                                                                                                                                                                                                                                                                             
read      488.6   470.2   148.8   222.8   247.4   421.4   511.3   568.7   615.0   675.3   761.8   927.0  1428.0  5381.2 16926.5  87890.0    87879                                                                                                                                                                                                                                                                                                                                             
read      466.5  1107.0   160.7   220.8   243.0   369.7   413.1   437.2   458.2   483.8   523.7   619.1  2532.6 15638.7 37794.4   7252.4     7287                                                                                                                                                                                                                                                                                                                                             
read      451.8   478.1   148.8   208.5   225.5   379.1   472.5   528.1   569.6   621.2   690.8   842.2  1595.0  5532.8 17012.5  62148.7    62295                                                                                                                                                                                                                                                                                                                                             
read      453.1  1028.0   160.7   223.3   248.1   362.3   404.2   430.6   451.1   475.3   515.9   615.3  2002.8 14228.9 32324.2   6573.7     6561                                                                                                                                                                                                                                                                                                                                             
read      466.8   708.6   148.8   204.4   220.2   384.6   485.0   534.2   569.1   612.4   679.3   863.2  1626.8 10126.7 32446.5  22516.2    22532                                                                                                                                                                                                                                                                                                                                             
read      442.4   435.8   148.8   209.3   226.5   374.6   464.9   518.7   559.6   611.1   680.1   818.8  1445.5  5021.3 14536.7  60623.9    60653                                                                                                                                                                                                                                                                                                                                             
read      439.8   454.3   148.8   206.7   223.4   373.0   463.3   516.4   557.4   609.7   679.4   820.6  1454.9  3883.8 14957.7  59038.7    59076                                                                                                                                                                                                                                                                                                                                             
read      440.7   413.5   148.8   207.2   223.9   375.6   466.1   520.1   561.0   613.1   683.4   827.6  1435.1  3724.3 13933.7  60133.6    60154                                                                                                                                                                                                                                                                                                                                             
read      475.3   719.2   148.8   204.6   220.3   389.4   493.2   543.3   581.0   628.6   713.1   929.7  1641.8 10066.0 31612.9  22995.5    22964                                                                                                                                                                                                                                                                                                                                             
read      442.7   770.5   160.7   217.5   237.3   374.1   421.8   448.5   468.1   496.6   539.7   641.4  1810.5 11970.2 32049.8   8166.3     8172                                                                                                                                                                                                                                                                                                                                             
read      433.5   444.3   148.8   203.3   218.7   372.5   476.8   529.3   565.3   606.6   659.1   769.4  1253.7  5742.7 15958.0  27590.7    27652                                                                                                                                                                                                                                                                                                                                             
read      434.9   427.1   148.8   204.2   220.2   372.3   470.4   528.3   569.1   616.0   674.8   788.7  1301.4  4473.3 15513.9  37530.9    37594                                                                                                                                                                                                                                                                                                                                             
read      480.0   651.1   148.8   204.4   220.6   390.7   500.9   555.9   597.2   651.0   748.0   970.9  1602.1  8442.6 30765.5  24410.0    24367                                                                                                                                                                                                                                                                                                                                             
read      430.3   380.4   148.8   202.6   217.9   366.6   470.0   528.1   568.1   613.0   668.8   777.3  1299.2  4318.8 12161.9  33728.4    33771                                                                                                                                                                                                                                                                                                                                             
read      473.2   512.6   148.8   216.7   238.1   403.1   492.2   546.2   590.2   646.9   731.6   895.5  1408.3  7001.7 20196.5  84957.0    84944                                                                                                                                                                                                                                                                                                                                             
read      472.9   483.7   148.8   216.9   238.5   403.5   493.2   547.5   591.2   647.2   733.5   900.3  1430.0  6601.5 17351.4  85588.0    85666                                                                                                                                                                                                                                                                                                                                             
read      441.2   545.4   148.8   205.0   221.3   371.8   462.6   516.6   557.3   608.2   674.3   799.3  1414.7  5087.3 25898.8  51845.1    51918                                                                                                                                                                                                                                                                                                                                             
read      444.2   449.2   148.8   204.5   220.7   376.3   479.8   537.4   578.7   626.3   686.5   808.1  1371.4  5326.2 13055.8  34322.6    34406                                                                                                                                                                                                                                                                                                                                             
read      436.2   393.5   148.8   203.7   219.5   375.6   481.3   536.4   573.4   615.1   669.9   783.8  1263.9  4934.2 12976.7  28646.5    28664                                                                                                                                                                                                                                                                                                                                             
read      444.8   436.2   148.8   205.0   221.3   376.6   476.7   536.0   579.3   628.9   691.0   822.3  1403.2  5177.5 16384.4  38210.3    38289                                                                                                                                                                                                                                                                                                                                             
read      467.6   554.4   148.8   206.2   222.2   401.4   500.4   548.1   584.4   630.9   710.2   895.9  1472.7  6419.8 21850.6  20695.0    20658                                                                                                                                                                                                                                                                                                                                             
read      473.1   788.9   160.7   209.3   226.1   405.8   477.2   514.3   543.0   583.6   648.6   795.8  1717.1 10755.6 36568.7  13813.1    13840                                                                                                                                                                                                                                                                                                                                             
read      576.8   539.3   148.8   250.1   288.2   494.8   606.2   682.1   741.3   813.8   910.0  1069.9  1587.2  7230.8 18338.6  93453.9    93419                                                                                                                                                                                                                                                                                                                                             
read      606.1   525.2   148.8   279.9   322.4   528.2   644.0   720.8   779.3   850.6   941.8  1088.5  1532.7  7608.4 18746.9  98265.6    98284                                                                                                                                                                                                                                                                                                                                             
read      453.8   455.6   148.8   210.5   228.6   385.6   475.5   529.6   570.7   623.4   698.9   857.2  1535.7  4579.7 15906.3  71359.8    71313                                                                                                                                                                                                                                                                                                                                             
read      440.5   414.9   148.8   204.8   221.0   375.3   472.0   530.1   572.9   623.6   687.4   816.2  1347.2  4802.2 12868.3  42135.9    42089                                                                                                                                                                                                                                                                                                                                             
read      437.3   434.7   148.8   204.7   220.9   371.3   465.3   521.8   564.5   615.8   680.7   805.2  1387.6  4276.0 13991.8  46388.0    46458                                                                                                                                                                                                                                                                                                                                             
read      427.0   371.9   148.8   202.7   218.1   366.5   470.9   527.1   564.7   606.9   659.4   760.5  1221.4  4599.3 11649.1  30749.7    30755                                                                                                                                                                                                                                                                                                                                             
read      429.7   373.9   148.8   203.7   219.4   368.7   463.4   520.6   562.0   611.1   673.1   791.8  1340.9  3127.7 12689.3  42865.3    42889                                                                                                                                                                                                                                                                                                                                             
read      567.9   497.8   148.8   245.0   281.6   486.5   598.4   673.2   732.8   806.6   909.7  1080.0  1625.6  5768.9 17541.1  93496.2    93552                                                                                                                                                                                                                                                                                                                                             
read      474.4   652.9   148.8   208.4   226.0   382.9   475.2   531.2   574.8   629.9   709.5   893.4  1897.0  8577.8 30326.1  65531.3    65694                                                                                                                                                                                                                                                                                                                                             
read      440.7   523.9   148.8   202.7   218.0   368.5   475.2   530.9   568.3   610.3   664.6   782.9  1328.8  6955.5 30161.2  29578.3    29574                                                                                                                                                                                                                                                                                                                                             
read      426.7   405.3   148.8   203.5   219.3   365.8   455.7   508.5   549.1   599.3   664.7   784.6  1334.3  3524.9 19555.8  51287.0    51355                                                                                                                                                                                                                                                                                                                                             
read      437.8   435.8   148.8   205.5   222.4   372.1   461.1   512.7   552.1   602.8   672.7   806.0  1417.5  5420.1 14879.6  67315.5    67361                                                                                                                                                                                                                                                                                                                                             
read      463.3   751.7   148.8   204.5   220.3   397.3   474.6   512.8   540.9   578.4   638.9   784.9  1501.5 10855.4 31911.7  16339.0    16287                                                                                                                                                                                                                                                                                                                                             
read      460.2   532.0   148.8   211.3   230.8   387.5   472.2   525.6   567.4   622.1   702.9   874.0  1500.4  6229.1 19975.2  81400.1    81508                                                                                                                                                                                                                                                                                                                                             
read      460.8   431.1   148.8   216.0   237.7   397.3   482.3   534.8   576.8   630.4   709.9   864.5  1383.6  4812.5 15285.4  87514.6    87619                                                                                                                                                                                                                                                                                                                                             
read      574.3   517.9   148.8   254.4   292.8   491.9   607.0   685.3   744.7   814.5   905.3  1062.8  1619.2  5933.6 23873.3  99074.4    99068                                                                                                                                                                                                                                                                                                                                             
read      428.7   424.6   148.8   204.0   219.8   363.8   453.6   507.5   548.9   599.9   665.4   788.1  1346.5  4572.3 14866.4  51272.0    51267                                                                                                                                                                                                                                                                                                                                             
read      440.8   617.3   160.7   209.6   226.6   391.5   452.9   485.3   508.6   541.8   592.1   700.7  1341.1  8642.6 29076.7  11861.9    11822                                                                                                                                                                                                                                                                                                                                             
read      600.1   519.6   148.8   275.3   317.3   522.1   648.8   726.4   780.5   842.5   921.7  1060.1  1534.2  6545.6 19582.6  97420.9    97494                                                                                                                                                                                                                                                                                                                                             
read      588.5   506.4   148.8   268.8   309.2   509.9   631.7   707.9   762.6   827.0   912.2  1061.4  1560.8  5696.5 19761.4  97288.1    97350                                                                                                                                                                                                                                                                                                                                             
read      442.8   451.2   148.8   206.9   223.4   371.9   463.0   517.5   558.6   611.2   680.5   823.8  1521.7  4865.9 14716.2  55439.9    55460                                                                                                                                                                                                                                                                                                                                             
read      525.1   618.6   148.8   222.3   247.3   434.4   534.8   600.0   653.4   724.1   828.7  1030.9  1712.8  8384.3 28381.6  85980.4    85984                                                                                                                                                                                                                                                                                                                                             
read      497.1   527.9   148.8   219.9   242.4   416.6   508.6   568.3   616.2   679.7   776.6   971.1  1714.7  6523.4 19936.1  82212.0    82043                                                                                                                                                                                                                                                                                                                                             
read      443.6   451.5   148.8   206.9   223.5   375.8   469.2   524.6   566.8   618.5   686.0   819.1  1441.6  5686.3 13851.5  52944.9    52873                                                                                                                                                                                                                                                                                                                                             
read      502.7   872.0   160.7   210.2   227.4   413.2   489.0   532.1   567.7   619.3   702.8   875.2  2542.7 11611.9 36718.1  13901.3    13911                                                                                                                                                                                                                                                                                                                                             
read      460.8   644.3   148.8   206.9   223.5   377.1   470.4   527.5   571.1   624.7   694.8   852.5  1622.9  7855.0 31022.3  49936.0    49984                                                                                                                                                                                                                                                                                                                                             
read      499.7  1156.2   160.7   218.4   236.8   391.6   444.7   472.8   496.9   527.6   576.6   688.1  3359.4 16098.5 37856.2   9313.5     9274                                                                                                                                                                                                                                                                                                                                             
read      445.0   498.2   148.8   205.4   221.1   376.6   485.7   538.9   575.5   617.2   672.7   802.6  1318.7  6830.8 20100.4  27125.0    27187                                                                                                                                                                                                                                                                                                                                             
read      459.3   577.6   148.8   207.2   223.1   402.0   490.4   532.7   563.1   601.3   665.1   820.0  1457.7  7611.3 29730.5  18689.5    18735                                                                                                                                                                                                                                                                                                                                             
read      500.8   510.6   148.8   224.1   249.6   429.0   522.4   582.3   630.6   694.3   788.8   952.1  1467.8  5860.6 19551.0  86356.0    86505                                                                                                                                                                                                                                                                                                                                             
read      572.4   544.6   148.8   248.5   286.2   491.7   603.1   680.8   740.6   813.7   909.7  1058.5  1524.2  7855.2 22334.4  92876.2    93039                                                                                                                                                                                                                                                                                                                                             
read      490.1   775.3   148.8   214.8   234.8   398.6   488.7   542.2   584.7   638.3   720.1   884.6  1612.7 12499.5 31862.5  76128.4    75999                                                                                                                                                                                                                                                                                                                                             
read      438.5   449.6   148.8   204.3   220.1   372.1   478.2   536.2   575.7   620.0   675.5   785.3  1271.4  5481.8 13469.5  32283.7    32324                                                                                                                                                                                                                                                                                                                                             
read      472.9   456.4   148.8   218.5   239.9   406.8   495.3   548.9   592.4   649.7   736.1   898.7  1395.0  5103.2 18054.3  84165.0    84255                                                                                                                                                                                                                                                                                                                                             
read      493.8   573.6   148.8   219.4   241.2   412.6   503.6   560.5   607.0   668.5   758.0   943.8  1627.4  8165.7 27382.0  81729.6    81759                                                                                                                                                                                                                                                                                                                                             
read      436.0   497.1   148.8   204.3   220.1   367.1   467.2   526.6   567.6   614.3   672.6   786.0  1313.1  5332.1 23261.5  37364.1    37291                                                                                                                                                                                                                                                                                                                                             
read      471.0   644.3   148.8   208.0   224.9   381.7   475.3   533.0   577.3   631.4   707.7   889.0  1789.5  8341.2 30491.8  53838.7    53818                                                                                                                                                                                                                                                                                                                                             
read      461.6   619.1   148.8   206.3   222.6   381.2   488.5   545.0   584.6   630.3   689.4   828.9  1455.4  8135.8 30237.0  30240.4    30297                                                                                                                                                                                                                                                                                                                                             
read      440.6   407.4   148.8   205.4   221.6   374.8   481.5   539.6   579.3   623.8   681.0   799.3  1292.5  4639.4 13088.0  31500.5    31569                            
read      440.4   409.7   148.8   205.8   221.8   375.0   475.1   534.1   576.4   625.3   686.6   807.3  1330.9  4642.8 12741.1  38965.1    38927                            
read      441.3   643.1   160.7   214.7   232.0   390.1   445.4   473.4   494.9   520.2   556.7   642.9  1731.8  8590.7 29953.5  10651.7    10652                            
read      604.8   490.5   148.8   282.5   327.8   533.2   653.8   733.8   791.1   856.1   934.4  1052.6  1350.2  5483.9 17036.0  98055.9    98119                            
read      433.7   490.5   148.8   206.3   222.5   372.1   461.4   513.3   551.9   598.8   655.6   743.8  1338.9  6649.0 17110.0  48129.0    48176                            
read      416.8   363.3   148.8   203.9   219.3   363.8   461.8   517.3   555.8   598.0   645.0   719.4  1061.6  3938.3 14133.7  34865.1    34929                            
read      424.0   413.2   148.8   209.0   225.9   370.9   456.2   504.7   540.8   584.8   641.1   735.5  1141.1  4459.1 15548.5  69767.8    69735                            
read      420.8   485.3   148.8   208.0   224.2   382.1   474.6   515.6   541.0   570.4   606.2   666.0   939.6  5892.8 19921.7  20890.5    20753                            
read      425.2   385.3   148.8   213.0   231.7   377.4   456.0   501.3   536.0   578.9   635.9   733.6  1086.4  3926.8 14942.1  84753.4    84642                            
read      415.9   315.5   148.8   204.7   220.3   365.2   455.8   509.1   549.3   595.1   647.9   728.6  1116.7  3914.6 12096.8  42395.1    42333                            
read      414.7   391.1   148.8   205.9   221.8   364.1   448.2   496.5   532.7   576.8   632.3   718.8  1101.9  4035.3 12738.9  61581.0    61587                            
read      418.6   344.8   148.8   210.1   227.5   371.5   452.7   499.6   534.7   577.5   634.5   727.8  1055.6  3734.3 12698.0  77940.1    77998                            
read      492.4   396.8   148.8   233.1   262.5   438.9   527.1   585.3   633.4   694.3   772.8   883.2  1139.2  3461.1 15515.1  97606.9    97625                            
read      399.5   353.5   148.8   201.6   216.8   361.8   458.0   500.1   526.7   554.5   589.0   641.5   855.9  4035.0 15590.4  23794.7    23781                            
read      375.5   238.6   148.8   199.0   214.6   341.7   416.6   459.7   492.3   530.9   578.3   642.0   796.5  1423.2  8263.5  66800.1    66723                            
read      384.1   229.7   148.8   196.9   212.5   344.2   444.0   493.3   523.9   554.8   589.6   636.7   771.0  1761.3  9353.2  30994.6    31016                            
read      381.4   209.2   148.8   199.5   215.3   345.8   426.2   473.9   510.5   551.3   596.1   654.0   788.6  1256.6  8236.2  47361.0    47394                            
read      377.4   187.6   148.8   208.2   225.8   352.0   415.2   451.4   477.3   509.1   552.2   624.6   794.0  1306.9  7674.6  95427.8    95335                            
read      368.0   438.6   160.7   229.4   255.9   336.0   362.6   376.7   389.2   401.8   423.5   463.0   698.3  7955.1 13528.4   5221.3     5252                            
read      376.9   219.1   148.8   200.1   215.7   342.6   417.9   460.5   492.7   531.3   578.7   642.8   801.8  1659.6  8051.9  65921.8    65908                            
read      389.1   325.4   148.8   204.5   220.6   380.0   446.4   474.6   493.6   513.6   539.2   579.0   691.7  3980.7 15099.9  16826.3    16889                            
read      383.3   229.8   148.8   199.0   214.4   346.1   429.7   480.0   516.3   555.0   597.5   654.6   795.8  1461.0  8390.1  42916.8    42912                            
read      401.5   215.8   148.8   215.4   235.9   372.1   436.8   475.1   504.1   540.5   590.3   680.0   911.2  1419.1  7954.9  99921.3    99898                            
read      385.6   260.6   148.8   198.1   213.3   350.3   449.5   492.7   519.3   545.8   578.1   622.8   742.7  2684.8  9967.9  26382.2    26385                            
read      385.2   254.7   148.8   199.9   215.4   360.2   451.8   489.9   513.5   538.3   568.2   610.5   722.9  2338.5  9236.4  22559.5    22616                            
                                                                                                                                                                             
Total QPS = 51571.0 (46413900 / 900.0s)                                                                                                                                      
                                                                                                                                                                             
Total connections = 64                                                                                                                                                       
Misses = 0 (0.0%)                                                                                                                                                            
Skipped TXs = 0 (0.0%)                                                                                                                                                       
                                                                                                                                                                             
RX 11464233053 bytes :   12.1 MB/s                                                                                                                                           
TX          0 bytes :    0.0 MB/s                                                                                                                                            
Warning! Detected max cpu usage > 95%                                                                                                                                        
CPU Usage Stats (avg/min/max): 99.99%,49.75%,100.00%
