Random waveform, supplied seed
Total number of intervals = 390 (7434, 67201, 85927, 63953, 31595, 87879, 7287, 62295, 6561, 22532, 60653, 59076, 60154, 22964, 8172, 27652, 37594, 24367, 33771, 84944, 85666, 51918, 34406, 28664, 38289, 20658, 13840, 93419, 98284, 71313, 42089, 46458, 30755, 42889, 93552, 65694, 29574, 51355, 67361, 16287, 81508, 87619, 99068, 51267, 11822, 97494, 97350, 55460, 85984, 82043, 52873, 13911, 49984, 9274, 27187, 18735, 86505, 93039, 75999, 32324, 84255, 81759, 37291, 53818, 30297, 31569, 38927, 10652, 98119, 48176, 34929, 69735, 20753, 84642, 42333, 61587, 77998, 97625, 23781, 66723, 31016, 47394, 95335, 5252, 65908, 16889, 42912, 99898, 26385, 22616, 50605, 90283, 26273, 48521, 34058, 75648, 19482, 15054, 75754, 5187, 17656, 96343, 36665, 85269, 31525, 61798, 12253, 25710, 79937, 7271, 85861, 91467, 72217, 31080, 76878, 84584, 12492, 57106, 96245, 6791, 90728, 5151, 82969, 42635, 99337, 95192, 69200, 49459, 29055, 64324, 5705, 84816, 23714, 74116, 19948, 44213, 19454, 7190, 47657, 44399, 6481, 5807, 83137, 9580, 37385, 33706, 35204, 50438, 48878, 42682, 27416, 64424, 64364, 5481, 26227, 26586, 86286, 24452, 26832, 29795, 46224, 84587, 63389, 46953, 90536, 12508, 38491, 97806, 11813, 39665, 53571, 63215, 78767, 8615, 67903, 16398, 53434, 38068, 9130, 69227, 37496, 83925, 51037, 33690, 51474, 73708, 98618, 81977, 91567, 48236, 91726, 52458, 70467, 71151, 65016, 42057, 78821, 60720, 39911, 10628, 73736, 7334, 91868, 76670, 10405, 26019, 55530, 29615, 66057, 55281, 21177, 88239, 70227, 23421, 97104, 6235, 58045, 23729, 40897, 53312, 87262, 81836, 92274, 47252, 75747, 80994, 98224, 7737, 37514, 10640, 90490, 92514, 89245, 73823, 46565, 21419, 66915, 31667, 72255, 99535, 9226, 67844, 71413, 97328, 55113, 53743, 15253, 90605, 25767, 93458, 95080, 88399, 95681, 33003, 98809, 64610, 51183, 20194, 7602, 46677, 5577, 23035, 57516, 62851, 38431, 25729, 19443, 19461, 42341, 5691, 40223, 29941, 41162, 43863, 20318, 93421, 48578, 40595, 17677, 78948, 9703, 9686, 7968, 15830, 8192, 79410, 76582, 54634, 72177, 15101, 8167, 44130, 53047, 97171, 81360, 77277, 38294, 11165, 74155, 12255, 52404, 17057, 6005, 85707, 79742, 58322, 26212, 69487, 29507, 51412, 67374, 55125, 53048, 12192, 36138, 60799, 36368, 39729, 95693, 40999, 65037, 12633, 50117, 62765, 12379, 49369, 39111, 52692, 24539, 61591, 47864, 16479, 75268, 8714, 13002, 77147, 43518, 27206, 55859, 37448, 45026, 99974, 64632, 49061, 80418, 16471, 35694, 13935, 79838, 48842, 17708, 31401, 62091, 87121, 81929, 42013, 90709, 67578, 58116, 68886, 93119, 95079, 77456, 15723, 9867, 8176, 89745, 11058, 81413, 21659, 27181, 17420, 23028, 33694, 32735, 57645, 45216, 57659, 85443, 14390, 31520, 67089, 16537, 18930, 46784, 93102, 89799, 66551, 93104, 43768)
Average QPS expected = 50218
Timestamp start: 1715806603674
Timestamp end: 1715807384785

#type       avg     std     min      p5     p10     p50     p67     p75     p80     p85     p90     p95     p99    p999   p9999      QPS   target
read      445.8  1058.6    86.8   142.9   169.4   308.5   356.6   384.4   404.8   433.7   484.7   673.5  3752.8 11932.6 31941.6   7418.5     7434
read      352.9   310.7    74.4   125.5   143.3   299.1   379.8   429.0   467.3   517.9   582.6   683.5  1504.2  3138.2  8305.5  67334.5    67201
read      345.6   394.2    68.9   125.8   144.7   295.6   372.3   421.7   460.8   509.6   572.3   659.7  1062.1  3456.2 13793.1  86510.0    85927
read      338.0   298.5    68.9   122.8   140.6   296.9   374.4   422.5   459.4   506.0   565.3   652.8  1042.8  2465.0 10424.4  63955.0    63953
read      335.3   444.6    74.4   117.0   133.3   289.1   376.1   426.7   464.1   506.9   554.2   618.3   821.8  6640.4 24353.7  31490.5    31595
read      370.6   398.8    68.9   128.1   148.7   309.6   386.5   437.0   481.4   537.4   609.1   725.5  1622.5  3437.2 13873.8  87915.0    87879
read      417.7  1134.0    86.8   140.6   168.4   302.3   343.8   368.3   387.6   412.0   448.9   545.1  3908.9 18369.6 30766.1   7297.5     7287
read      368.5   527.3    68.9   122.9   141.0   297.4   376.8   426.5   465.4   516.8   582.1   691.9  1736.7  6877.5 16664.1  61974.0    62295
read      364.2   847.0    86.8   144.8   171.1   297.2   338.8   362.7   379.9   401.0   430.5   492.0  1842.0  7893.4 31999.2   6538.0     6561
read      378.8   341.4    74.4   121.4   140.3   326.6   431.0   488.3   530.4   581.5   658.5   793.7  1100.9  2645.1 16485.3  22521.0    22532
read      342.2   335.0    74.4   122.9   141.2   302.3   381.2   430.2   468.0   516.4   572.7   654.6   898.8  2324.8 12353.0  60882.5    60653
read      345.7   273.1    68.9   123.4   141.9   302.4   384.5   433.8   471.6   519.9   578.4   668.1  1101.1  2405.7  8870.6  59291.0    59076
read      336.2   265.4    68.9   121.5   139.2   296.8   376.4   425.5   462.8   508.9   567.1   647.9   928.4  2113.0 10036.9  59920.0    60154
read      364.7   369.8    74.4   119.1   136.7   315.2   409.9   462.3   500.9   547.1   612.4   733.9  1003.9  5218.8 12636.4  22921.0    22964
read      369.8   861.7    86.8   138.7   165.4   314.8   365.5   392.3   411.3   435.4   470.3   539.5  1155.5  8007.3 37019.5   8156.0     8172
read      355.2   583.4    68.9   117.3   133.7   293.5   386.9   440.4   477.0   520.7   573.0   670.6  1047.6  8203.7 28240.1  27607.5    27652
read      337.5   317.2    68.9   118.3   135.0   290.6   371.2   423.6   463.8   512.0   563.7   639.8  1015.8  3969.8  9375.7  37536.5    37594
read      329.5   390.3    74.4   118.5   135.1   294.2   379.2   423.6   453.9   488.0   527.4   579.9   736.3  4605.5 21073.6  24428.5    24367
read      328.5   260.0    68.9   120.3   137.4   290.6   379.6   435.0   473.9   517.3   562.3   620.2   734.9  1776.1 10114.5  33646.0    33771
read      373.9   448.1    68.9   125.7   145.9   306.3   386.6   437.0   478.5   530.3   598.5   710.8  1786.0  5478.9 13175.4  84975.0    84944
read      354.1   294.4    74.4   129.8   150.0   311.6   389.3   437.1   477.8   530.1   597.0   702.7  1072.4  2158.2  7232.7  85876.5    85666
read      347.3   316.2    74.4   121.6   139.2   302.6   381.8   433.2   474.1   524.3   581.1   664.2  1050.7  3691.8  9990.2  51920.0    51918
read      336.5   392.7    68.9   117.4   134.2   290.2   378.1   435.6   476.5   522.2   570.0   632.6   942.0  3082.2 24268.1  34324.0    34406
read      322.4   230.2    68.9   116.4   132.6   287.7   374.2   424.0   460.0   500.0   543.2   605.3   809.8  2014.5  8340.0  28829.5    28664
read      328.8   246.2    68.9   117.7   134.5   287.2   372.2   429.4   473.3   519.9   569.4   636.6   851.6  1885.1  8262.2  38111.0    38289
read      423.3   785.4    68.9   119.6   138.9   333.9   433.0   490.6   534.6   587.0   658.6   783.2  2323.7  9338.2 31879.3  20708.5    20658
read      531.3  1403.9    74.4   124.4   147.6   362.4   459.1   514.0   547.8   587.6   641.0   871.6  4597.3 30512.7 35448.2  13854.0    13840
read      383.4   436.9    74.4   127.3   148.1   303.1   378.5   432.1   478.9   536.5   612.3   781.4  1850.4  4174.3 12686.3  93396.5    93419
read      364.8   384.5    68.9   130.1   151.9   305.7   379.8   429.6   469.8   524.7   597.0   721.2  1472.3  3576.1  8837.7  98315.5    98284
read      351.2   388.3    74.4   123.3   142.1   295.9   376.8   425.9   464.7   514.3   576.2   670.7  1375.8  3952.2 15632.7  71158.0    71313
read      355.5   584.1    74.4   119.1   136.5   292.0   376.1   430.3   470.9   521.1   576.2   660.8  1276.0  6798.7 29516.7  42070.5    42089
read      385.2  1718.2    74.4   118.8   135.5   289.8   371.3   422.9   462.2   511.3   566.7   637.7   967.7 23029.9 82478.2  46479.5    46458
read      332.8   336.8    74.4   118.0   134.7   294.1   382.8   436.2   477.5   519.4   564.7   628.6   816.5  1821.1 12633.1  30909.5    30755
read      343.9   477.9    74.4   118.9   136.3   296.1   377.4   431.2   471.9   520.2   572.3   640.0   911.3  6509.3 13406.2  42627.0    42889
read      344.7   272.1    68.9   128.1   147.6   301.7   376.8   426.1   465.3   515.4   578.8   674.9   990.0  2538.1  8090.9  93003.0    93552
read      335.0   195.8    68.9   124.0   142.6   301.2   381.6   430.3   467.8   515.5   572.6   647.8   856.3  1628.6  5516.6  65832.0    65694
read      327.8   238.9    74.4   116.8   133.4   292.1   383.9   437.2   475.6   516.5   559.5   618.0   741.5  1792.9  9388.1  29495.0    29574
read      331.6   253.5    68.9   119.6   137.2   294.5   371.2   420.5   458.9   506.4   562.1   635.9   869.3  2065.3  9163.0  51450.0    51355
read      356.2   413.7    74.4   125.3   143.8   305.4   388.6   438.6   478.0   526.7   586.1   675.5  1161.0  5009.2 13455.3  67389.5    67361
read      387.5   713.0    68.9   120.6   140.6   326.0   408.6   453.4   488.2   531.9   588.0   685.7  1424.3 10984.2 31606.0  16434.0    16287
read      388.2   381.9    74.4   129.2   149.7   313.2   396.8   451.7   495.9   550.7   628.2   798.6  1811.2  2973.9 10701.5  81330.5    81508
read      346.0   366.2    74.4   125.5   144.4   297.6   371.7   420.4   459.6   509.4   573.4   665.3  1046.5  4188.7 11768.9  87910.0    87619
read      329.3   250.2    74.4   126.2   146.1   291.2   363.2   410.8   448.8   496.0   555.4   639.5   861.1  1789.4  8951.6  98853.0    99068
read      333.8   490.2    68.9   118.2   135.3   292.0   369.5   418.8   457.7   504.7   559.4   631.5   870.3  2175.7 22542.3  51553.5    51267
read      351.1   344.1    74.4   128.1   150.5   328.3   390.1   424.5   450.6   483.1   525.2   589.4   801.9  5014.7 12738.4  11854.0    11822
read      396.6   401.4    68.9   132.5   155.2   319.0   395.9   451.2   499.7   560.0   642.5   812.1  1793.4  3991.3 10839.3  97131.0    97494
read      335.2   349.1    74.4   126.5   145.8   292.8   365.9   412.9   450.5   498.2   560.1   650.1   911.7  2838.7 10767.7  97451.0    97350
read      338.7   289.5    68.9   121.6   139.6   301.3   380.3   428.7   466.1   512.6   569.6   645.4   900.6  2177.1 10425.6  55792.0    55460
read      344.7   381.0    74.4   125.4   143.9   298.6   376.1   427.3   467.4   516.2   577.7   669.0   959.0  2504.4 11844.5  85646.5    85984
read      329.2   236.7    68.9   122.9   141.5   290.6   368.3   417.0   454.5   500.2   556.8   635.0   863.4  2532.4  9157.7  81939.5    82043
read      335.9   256.9    68.9   120.2   137.4   293.2   373.1   425.1   466.3   516.5   576.3   666.5  1033.4  1822.3  9541.3  53111.0    52873
read      351.6   272.1    74.4   123.7   143.5   329.8   399.0   440.0   471.1   510.3   558.4   627.2   861.3  2454.8 13130.8  13959.5    13911
read      357.7   403.3    68.9   119.8   137.7   300.6   384.0   436.7   480.9   534.3   597.3   715.5  1423.3  2459.6 11971.0  49938.0    49984
read      378.7   800.6    74.4   137.5   161.4   321.4   376.1   406.5   429.7   458.6   500.0   570.3  1080.8 10455.9 32714.6   9268.5     9274
read      354.3   358.0    74.4   118.3   136.0   299.8   398.7   456.3   496.6   539.8   593.2   709.4  1143.5  2959.8 10750.6  26966.5    27187
read      419.7   931.0    74.4   121.7   140.2   326.1   417.3   465.6   504.8   548.4   621.2   747.3  2021.4  8929.5 33968.2  18901.0    18735
read      362.8   537.0    68.9   127.9   147.4   298.4   374.8   425.2   465.2   516.1   580.8   680.2  1363.0  8398.3 27647.4  86147.0    86505
read      328.8   207.0    68.9   126.6   145.8   292.0   366.4   414.2   452.3   498.6   557.8   640.9   864.6  1641.7  7141.5  93287.0    93039
read      326.8   279.5    74.4   124.3   142.1   291.1   368.6   416.8   453.1   498.3   554.4   633.5   810.7  1596.5 12114.1  75949.0    75999
read      327.9   249.4    74.4   120.4   136.9   292.5   374.3   427.4   466.9   510.6   559.2   622.4   789.1  2267.3  7913.7  32432.5    32324
read      324.8   221.2    68.9   124.6   142.4   289.4   363.0   410.6   449.0   496.3   554.6   635.9   847.0  1544.3  6860.6  84089.0    84255
read      347.0   282.6    68.9   127.2   146.1   301.5   379.1   430.4   470.6   522.5   586.7   681.0  1067.5  2547.0  7468.0  81833.0    81759
read      338.1   249.8    74.4   121.4   138.9   298.2   385.3   441.1   483.6   530.7   581.1   647.8   822.0  2019.6  9200.4  37084.0    37291
read      329.2   211.8    74.4   120.0   137.1   294.1   371.4   421.8   461.1   507.9   564.2   636.0   852.8  1901.7  4629.3  53406.0    53818
read      341.9   501.2    68.9   118.5   134.8   291.9   383.3   438.4   477.1   519.4   562.8   626.3   862.2  9207.1 26807.6  30425.5    30297
read      330.3   292.6    68.9   117.8   133.7   285.0   376.1   433.6   474.8   518.7   564.1   627.2   860.9  3485.7  9028.6  31529.0    31569
read      335.8   402.3    74.4   118.6   135.4   289.2   371.4   426.2   467.4   516.1   567.6   637.4  1013.8  2816.6 30183.9  38856.0    38927
read      341.2   541.0    80.4   129.0   150.7   314.3   366.6   393.8   413.7   438.1   471.5   535.3   879.1  4672.0 23678.0  10644.5    10652
read      327.5   221.5    68.9   126.8   146.2   290.9   362.7   408.8   446.4   493.2   552.2   635.4   844.8  1893.9  6883.8  97733.5    98119
read      330.1   233.9    68.9   119.4   136.6   297.0   376.2   425.2   462.7   510.6   566.5   638.9   804.0  1778.2  9998.2  48388.0    48176
read      349.2   366.9    74.4   120.4   137.5   297.9   385.2   440.1   481.3   528.5   580.1   659.3  1130.8  4243.2  8705.1  34576.5    34929
read      367.4   676.5    74.4   124.2   143.0   299.6   379.8   429.4   465.8   511.0   569.3   666.6  1413.5  6295.3 35698.9  69713.0    69735
read      373.1   723.9    68.9   120.6   137.7   309.8   394.8   438.7   470.3   506.1   551.6   628.7  1170.7  9802.2 29522.6  20623.0    20753
read      332.9   310.5    74.4   124.0   142.6   289.9   366.8   415.5   453.4   499.9   560.1   648.1   903.7  2549.4  8697.0  84320.0    84642
read      334.5   256.7    74.4   119.8   136.3   292.2   371.6   423.3   464.2   514.4   570.9   645.8  1039.8  2825.7  7047.6  42507.0    42333
read      339.8   230.8    68.9   123.4   141.7   302.4   384.3   433.4   471.9   519.5   578.6   664.5   934.7  1813.0  7095.8  61835.5    61587
read      331.0   234.8    68.9   122.8   140.9   291.8   369.2   418.1   455.5   501.2   559.1   640.5   962.9  2031.4  6600.3  78269.0    77998
read      358.4   388.0    74.4   129.9   150.8   307.2   383.1   431.7   471.0   523.0   589.9   692.4  1096.4  4014.4 13498.7  97435.5    97625
read      394.0   750.2    74.4   119.1   136.0   315.7   417.9   474.0   513.0   558.2   626.2   750.9  1348.6  7606.7 36278.4  23598.0    23781
read      438.9   948.4    74.4   127.1   147.3   314.9   399.1   456.5   505.1   560.9   636.6   903.6  2036.3 15276.3 32350.0  66870.5    66723
read      332.7   385.4    74.4   117.1   133.7   288.3   374.8   429.1   467.7   509.9   555.7   620.5   802.0  6054.4  8386.8  31197.0    31016
read      337.3   238.5    68.9   120.7   139.0   295.7   377.0   430.2   470.0   521.0   577.3   651.4   943.6  2525.5  7839.8  47378.0    47394
read      324.6   221.6    68.9   125.2   144.2   289.5   362.6   410.0   448.7   496.1   552.4   632.2   814.2  1370.6  7931.1  95531.0    95335
read      329.5   812.5    86.8   145.6   170.8   276.7   310.7   330.6   345.1   364.7   395.2   459.5  1412.1  9090.6 31887.4   5286.5     5252
read      334.5   260.2    74.4   122.4   140.1   296.0   377.6   426.2   463.1   509.4   565.5   647.0   897.1  2204.1  7129.9  65475.5    65908
read      345.2   432.9    74.4   119.6   137.7   314.9   389.4   428.9   458.1   493.1   538.7   624.3   934.0  3536.8 24286.7  17016.5    16889
read      333.6   443.1    74.4   117.6   134.0   287.6   365.7   418.0   458.6   506.3   558.9   627.8   852.2  4994.7 12779.3  42853.5    42912
read      323.7   216.0    74.4   125.7   145.1   286.5   358.8   404.9   442.2   489.4   548.2   633.2   855.0  1571.3  8023.2  99613.5    99898
read      330.4   310.8    74.4   116.5   132.7   292.1   377.0   424.8   458.9   497.0   540.3   601.7   824.9  4548.7  9664.6  26620.5    26385
read      374.1   285.4    74.4   118.5   136.6   323.0   425.2   482.1   529.4   588.2   668.8   790.5  1109.1  2525.3  7834.6  22628.5    22616
read      332.3   217.3    63.8   119.3   137.2   297.6   375.1   424.6   462.1   509.5   565.2   640.7   881.5  1864.5  8080.7  50485.0    50605
read      334.9   232.4    68.9   124.8   143.7   293.1   369.3   418.8   457.5   505.8   567.8   658.6   984.9  2035.0  7201.9  89972.0    90283
read      363.2   560.9    74.4   119.0   135.9   306.0   402.7   459.7   498.8   542.2   593.9   691.4  1132.6  4657.0 37695.4  26285.5    26273
read      332.4   226.3    68.9   119.4   136.6   296.6   375.9   427.2   466.4   514.9   571.6   644.6   859.9  1739.6  9574.5  48400.0    48521
read      324.2   196.6    74.4   116.6   132.8   287.5   373.2   428.8   468.6   513.2   560.5   624.2   826.8  1657.6  4329.2  34185.0    34058
read      331.2   223.5    74.4   122.3   140.4   293.1   372.3   422.4   460.7   507.0   565.0   646.0   916.9  1810.8  5945.8  75828.0    75648
read      369.4   639.8    68.9   118.3   136.6   309.7   394.1   438.2   469.0   507.2   561.5   680.8  1208.8  8491.8 29087.9  19604.5    19482
read      390.1   533.3    74.4   125.4   146.6   341.1   421.1   468.3   505.5   546.1   598.5   687.8  1346.3  6028.1 25803.6  15119.0    15054
read      326.9   266.8    74.4   121.1   138.8   288.9   367.9   416.0   453.5   499.3   555.0   636.5   871.5  1731.2  9724.7  75433.0    75754
read      315.2   350.7    74.4   150.8   179.6   282.9   318.1   340.9   358.5   379.6   414.1   481.1   994.6  4317.3 12872.0   5229.0     5187
read      397.4   855.6    74.4   118.2   136.5   320.8   401.5   446.5   478.7   519.3   577.8   687.4  1426.0 12804.5 31304.3  17722.0    17656
read      330.4   226.0    68.9   126.4   145.5   290.1   363.5   411.2   449.5   496.7   555.7   643.4   925.8  2571.4  7295.0  95804.5    96343
read      333.2   242.0    68.9   119.1   135.7   294.6   378.9   432.0   472.9   519.3   569.6   637.5   900.5  1990.7  9023.7  36680.5    36665
read      347.9   308.4    68.9   125.3   144.7   300.0   377.0   427.5   467.8   519.0   582.5   679.7  1133.6  2736.1  9854.9  85482.5    85269
read      335.4   456.8    74.4   115.8   132.1   287.3   376.4   430.7   470.0   513.4   559.4   626.5   873.4  5478.7 21597.8  31477.5    31525
read      333.2   339.3    68.9   120.9   138.5   294.7   371.8   419.4   457.4   505.4   562.8   639.3   841.0  2182.8 10219.2  61781.5    61798
read      370.8   504.6    74.4   128.6   150.8   329.8   391.5   427.9   457.3   493.0   537.1   608.6  1213.2  7736.4 16963.7  12336.0    12253
read      395.8   623.1    74.4   120.0   138.3   316.3   425.3   492.2   539.6   597.7   689.8   847.9  1284.7  8321.7 29919.1  25878.5    25710
read      334.5   250.6    68.9   123.7   141.6   294.3   374.7   425.2   463.1   510.5   568.8   656.6   903.2  2239.9  8831.5  79707.0    79937
read      396.9  1045.8    74.4   141.8   169.4   311.7   356.9   382.9   400.2   424.4   457.4   521.3  2267.1 12223.6 32371.2   7223.5     7271
read      324.2   254.4    68.9   122.1   140.7   284.8   361.3   410.1   448.0   494.3   552.1   635.7   854.2  1781.5  8010.5  85333.5    85861
read      328.1   306.4    74.4   123.2   141.7   285.7   359.9   407.5   445.1   491.4   551.4   639.4   936.3  2195.6  8079.7  91480.5    91467
read      332.2   331.3    74.4   121.4   139.4   293.3   371.5   417.8   453.5   498.0   553.8   633.9   856.0  1982.1 12514.1  72484.0    72217
read      319.6   198.0    74.4   115.8   132.3   284.1   375.2   428.6   466.1   509.1   551.5   611.0   747.7  1386.0  7228.8  31015.0    31080
read      328.8   238.7    68.9   121.6   140.2   293.0   371.3   420.7   457.9   503.8   561.1   641.0   847.5  1677.6  8568.7  76701.5    76878
read      328.2   305.2    74.4   121.7   140.2   287.1   362.2   409.3   447.0   492.6   550.0   631.2   900.3  2667.6 10477.1  84534.5    84584
read      382.6   922.1    74.4   122.8   142.9   314.4   374.9   408.7   434.8   468.7   511.5   603.6  1765.1 10029.2 32024.6  12442.0    12492
read      328.2   259.0    68.9   120.3   138.0   294.6   371.4   418.7   454.3   497.7   553.6   633.5   819.2  1638.6 11241.8  57146.0    57106
read      328.7   246.5    68.9   124.3   143.8   288.3   362.3   410.7   450.1   497.0   556.4   646.7   925.4  1582.8  5451.8  96403.5    96245
read      325.1   364.1    80.4   138.0   165.0   298.3   341.4   366.2   384.7   406.6   437.8   495.8   813.2  4426.3 12736.3   6876.5     6791
read      337.3   249.3    74.4   127.0   146.3   294.5   368.4   417.7   456.9   506.6   570.6   662.5   998.7  2103.8  7481.9  90487.0    90728
read      348.0   723.3    80.4   150.8   175.5   282.1   320.4   344.2   362.2   384.9   421.4   501.7  1781.0  8537.8 30092.3   5051.0     5151
read      742.1  1095.5    74.4   180.7   226.5   406.0   603.7   755.7  1067.5  1476.7  1687.5  2003.8  3781.9 13353.8 32299.8  82451.0    82969
read      340.0   392.3    74.4   120.7   138.2   294.4   371.6   422.2   460.7   505.6   560.3   638.0  1012.5  3297.8 16142.5  42119.5    42635
read      336.0   239.1    74.4   128.8   149.1   297.3   369.7   417.1   455.1   503.0   565.6   655.7   893.1  1873.9  9245.6  99071.0    99337
read      344.8   270.4    68.9   129.5   150.5   303.6   377.5   425.7   464.2   512.5   575.0   671.3   940.9  3264.0  8964.3  95104.0    95192
read      337.9   263.3    68.9   124.1   142.3   297.7   377.1   425.9   462.9   508.1   566.7   656.0   930.0  2560.3  7976.8  69040.0    69200
read      334.2   349.4    74.4   121.6   139.3   299.1   375.3   425.9   464.4   511.3   566.1   639.4   854.8  1557.4 18388.4  49191.0    49459
read      329.5   261.9    74.4   118.6   135.5   292.5   381.8   434.6   472.6   514.5   556.4   616.7   844.1  2165.7  8013.4  29173.0    29055
read      343.2   429.4    74.4   123.1   141.2   300.2   379.0   426.1   462.5   508.4   564.6   643.4   919.9  4118.1 11863.7  64000.0    64324
read      315.7   351.8    80.4   149.1   175.6   290.7   329.1   349.1   364.3   382.6   410.0   464.4  1134.1  4947.1 15578.5   5739.5     5705
read      425.1   518.4    74.4   132.6   155.3   328.3   413.2   471.7   521.6   587.2   684.6  1062.0  1862.9  6507.9 12987.5  83959.0    84816
read      373.5   289.5    74.4   120.1   138.2   318.0   424.9   486.4   531.9   586.7   671.1   806.1  1085.8  2091.9  9671.1  23831.0    23714
read      388.7   442.5    74.4   127.1   147.6   315.9   399.0   454.4   498.1   554.0   629.5   782.4  1934.3  5299.4 16013.3  74263.5    74116
read      369.9   316.8    74.4   119.6   138.3   329.9   424.0   478.2   519.1   565.3   629.3   741.5  1057.1  1999.4 13605.3  19991.0    19948
read      358.3   426.1    68.9   120.8   139.0   298.5   377.5   429.9   473.3   526.6   593.3   745.0  1338.9  4019.6 15775.6  44104.0    44213
read      406.1   689.7    74.4   122.1   141.5   329.9   425.1   480.9   525.1   575.8   642.2   759.0  1411.6  8747.4 30188.7  19388.5    19454
read      335.7   464.1    80.4   139.4   167.6   302.8   345.9   372.0   391.0   413.5   447.3   516.9  1054.2  7929.9 16139.2   7173.5     7190
read      368.5   324.3    74.4   123.6   141.9   310.0   393.4   449.1   494.3   549.5   618.6   740.0  1465.1  3819.6 10072.8  47373.0    47657
read      335.3   315.1    74.4   120.6   137.7   296.9   375.4   424.6   462.8   509.2   565.6   641.6   904.9  2177.6  7853.5  44477.0    44399
read      338.8   454.5    80.4   143.3   171.8   299.1   340.0   365.4   384.6   407.0   441.0   511.2  1268.3  5023.4 20023.3   6556.0     6481
read      354.1   509.6    86.8   147.9   184.4   317.1   361.6   385.9   402.6   426.6   459.8   527.1  1362.9  4669.5 26697.7   5745.0     5807
read      395.1   380.7    68.9   128.3   149.4   313.8   396.5   455.4   504.6   563.4   639.7   849.4  1860.4  2973.4 10129.1  82447.5    83137
read      347.5   380.8    80.4   134.3   159.5   323.0   377.6   408.1   432.3   463.7   507.2   574.7   885.8  3942.0 20612.4   9644.5     9580
read      373.0   557.6    68.9   119.3   136.6   295.1   383.1   444.0   491.4   543.9   607.4   755.1  1379.3  6800.8 24886.1  37315.5    37385
read      343.4   264.4    74.4   121.7   139.7   305.1   392.2   446.6   488.7   533.8   582.7   655.1   952.9  1791.7  8324.1  33580.0    33706
read      341.1   345.2    74.4   119.1   136.0   296.4   382.4   439.0   479.4   525.5   576.1   641.0   903.3  4123.7  8759.5  35201.0    35204
read      347.6   334.4    68.9   123.0   141.1   308.2   388.7   438.2   477.3   526.1   584.4   670.9   939.4  2809.9 10971.0  50623.0    50438
read      339.7   253.4    74.4   121.3   139.3   302.6   381.2   431.7   469.7   519.3   577.3   660.2   910.1  2015.3 10452.3  48785.0    48878
read      341.3   398.0    74.4   120.8   138.0   296.7   380.4   434.7   477.5   526.8   580.8   653.4   887.9  3732.0 19329.7  42680.5    42682
read      330.3   314.3    74.4   118.1   134.6   294.1   385.1   435.4   471.3   510.0   551.8   608.6   774.9  1848.5 17919.9  27572.5    27416
read      343.1   252.0    74.4   123.7   141.9   304.9   387.3   437.0   476.4   525.2   583.1   670.5   922.4  2042.1  6502.9  64192.5    64424
read      341.6   298.8    74.4   123.9   142.4   302.8   383.6   432.8   471.0   518.2   575.8   659.2   884.1  2762.5  9172.7  64562.5    64364
read      342.4   619.2    80.4   155.1   181.8   294.6   330.5   351.9   368.8   390.0   419.6   482.3  1146.6  8196.7 31174.6   5602.0     5481
read      404.8   598.1    74.4   118.2   135.9   312.0   428.0   498.0   547.9   615.0   721.7   882.5  1413.1  6200.0 23484.4  25955.5    26227
read      379.1   664.6    74.4   118.5   136.2   300.5   397.1   455.1   497.0   546.9   629.0   811.6  1278.1  8187.2 38280.8  26594.0    26586
read      353.7   277.0    68.9   128.2   148.2   308.7   386.4   435.6   477.4   530.1   594.3   689.7  1074.7  2814.3  8379.4  86310.0    86286
read      357.3   313.6    68.9   118.8   136.4   306.3   406.7   462.6   502.6   546.1   611.5   739.5  1065.9  2129.4 11186.0  24363.5    24452
read      335.0   251.7    74.4   119.1   136.1   300.7   389.9   441.1   477.2   519.0   562.1   627.5   891.6  1711.4 12317.1  26904.0    26832
read      322.8   221.8    74.4   117.8   134.5   287.3   369.8   419.9   456.2   496.6   543.0   609.8   813.4  2400.2  7838.6  29985.0    29795
read      339.9   379.6    74.4   120.7   138.6   298.0   375.8   424.1   461.6   507.1   562.6   638.7   872.7  6000.2 11934.8  46371.0    46224
read      362.4   387.3    74.4   127.6   147.9   310.1   390.1   441.4   484.0   535.9   600.3   706.1  1157.7  4689.5 10369.9  84287.5    84587
read      333.1   271.0    74.4   122.2   140.2   297.8   374.8   423.1   460.1   505.4   560.6   640.0   863.5  1842.1 12049.4  63583.5    63389
read      348.4   310.5    74.4   122.2   140.3   306.1   385.5   435.6   476.2   524.1   583.3   677.1  1095.9  3787.6  7480.3  47005.5    46953
read      341.1   243.0    68.9   126.1   145.9   298.7   373.3   423.4   464.3   515.7   579.1   671.9  1007.5  2540.1  5945.4  90419.0    90536
read      345.1   348.3    80.4   123.8   143.1   316.5   381.3   417.8   445.7   481.3   529.2   611.4   984.2  4388.6 17917.6  12540.0    12508
read      348.0   312.1    74.4   118.7   135.6   292.5   376.6   434.2   478.5   533.0   595.3   728.5  1224.5  2199.8 12207.9  38498.5    38491
read      339.1   261.6    68.9   126.9   147.5   297.9   370.4   418.3   457.6   508.4   572.3   664.2   921.9  2807.5  8743.0  97543.0    97806
read      383.8   776.5    80.4   126.0   147.4   320.4   383.5   419.2   446.0   480.5   531.2   605.2  1297.6  9167.9 31584.3  11704.0    11813
read      350.7   326.6    68.9   120.7   137.7   302.7   383.8   437.5   480.7   531.3   586.8   681.6  1122.3  4488.2 10300.7  39709.0    39665
read      341.7   217.9    74.4   122.5   140.8   307.1   388.2   437.5   475.1   522.1   578.7   663.9   912.5  1890.5  5796.9  53378.5    53571
read      350.2   233.0    74.4   125.4   144.5   311.1   393.9   444.3   482.7   530.6   588.4   680.5  1038.4  2018.7  7236.2  63062.0    63215
read      353.4   242.2    74.4   127.8   147.1   313.4   392.8   443.1   483.9   535.1   601.9   702.4  1010.5  1875.7  8058.9  78995.5    78767
read      346.9   479.0    86.8   135.4   160.8   313.4   364.3   394.4   418.1   447.9   489.3   558.4   900.7  7845.0 16143.0   8695.5     8615
read      357.6   303.2    74.4   123.4   142.0   304.6   387.6   438.2   478.9   529.1   592.7   705.9  1448.4  2923.9  8038.8  67497.5    67903
read      350.6   280.8    74.4   118.8   136.0   321.1   399.2   443.5   477.7   523.4   581.5   671.5   908.5  2950.7  8061.1  16474.0    16398
read      348.1   303.5    74.4   119.8   137.6   295.4   374.5   426.3   466.7   518.6   582.1   691.1  1381.0  2760.7  9998.5  53457.0    53434
read      337.1   534.1    74.4   118.8   135.5   289.2   371.7   423.7   461.9   509.1   561.0   629.8   810.5  6229.5 30687.5  37871.5    38068
read      343.6   613.8    74.4   132.4   153.8   302.5   347.6   372.9   391.7   413.8   446.0   514.5  1414.4  6414.4 30508.4   9183.5     9130
read      350.2   383.0    74.4   123.0   142.1   303.1   382.8   431.6   469.8   517.4   577.3   668.3  1006.5  4990.5 10291.9  69288.0    69227
read      330.7   347.7    74.4   118.5   135.7   292.2   370.0   421.7   460.7   506.0   557.3   628.1   826.5  3992.5  7468.8  37418.5    37496
read      349.5   258.9    74.4   127.0   146.4   304.2   382.1   432.6   473.4   524.8   588.7   686.1  1094.9  2757.0  7768.7  84218.0    83925
read      333.8   310.6    74.4   119.6   137.0   297.4   375.3   423.0   459.6   504.9   561.0   636.2   828.6  2127.9 16533.5  50955.0    51037
read      325.6   286.3    68.9   117.2   133.2   288.3   371.5   422.0   460.5   506.0   553.4   617.6   810.8  1919.6  9553.0  33824.5    33690
read      341.9   419.8    74.4   120.0   137.8   297.2   374.8   424.7   463.2   509.8   566.4   649.2   901.9  6191.0 16597.1  51233.0    51474
read      341.8   319.2    74.4   124.0   142.2   298.3   379.7   429.0   466.9   514.8   573.4   661.9   949.4  2744.4 10792.6  73819.0    73708
read      347.0   302.8    74.4   129.8   150.8   305.3   378.8   427.4   466.8   517.2   582.5   679.5   965.5  2503.2 10457.5  98767.0    98618
read      335.9   248.4    68.9   124.1   143.0   297.4   376.6   427.0   465.3   512.5   569.5   653.4   901.5  1702.7  9444.4  82096.5    81977
read      353.8   281.3    74.4   131.0   151.2   312.6   390.4   438.6   479.4   532.0   599.2   698.5   977.9  1860.0 12083.6  91541.0    91567
read      328.7   251.4    74.4   119.9   137.4   295.0   372.2   421.0   460.1   507.7   561.7   631.9   800.6  1804.6  8205.9  47950.5    48236
read      333.0   213.7    68.9   125.3   145.0   295.7   369.8   418.6   458.0   506.6   567.6   655.4   890.3  1692.6  7617.6  91626.0    91726
read      333.5   275.7    74.4   119.9   137.4   295.7   372.4   420.5   457.5   504.4   560.9   638.2   913.0  2294.0 10060.0  52540.5    52458
read      390.5   552.1    74.4   126.0   145.5   312.6   398.4   451.7   494.3   546.0   616.1   756.3  1775.4  8981.5 17552.4  70149.0    70467
read      340.1   238.3    74.4   123.6   141.8   298.4   380.4   430.3   469.4   516.7   575.0   663.2  1003.0  2092.1  7969.8  71238.0    71151
read      336.9   262.6    74.4   122.8   141.1   299.4   380.6   428.9   466.3   512.3   568.8   650.4   901.3  1871.4  6466.0  64906.5    65016
read      335.3   260.3    68.9   119.5   137.2   294.5   373.8   425.0   464.7   513.7   569.9   654.5  1028.1  1753.7  9155.9  42201.5    42057
read      357.6   390.1    68.9   125.3   144.8   308.4   391.6   441.6   481.8   532.5   596.6   704.2  1066.8  3393.4 13062.5  78580.5    78821
read      334.3   247.8    68.9   121.5   139.3   298.5   378.3   427.4   464.0   509.7   564.9   642.0   890.2  2070.0  7921.3  60420.5    60720
read      347.0   424.3    74.4   119.7   137.0   296.4   377.7   430.2   469.6   518.3   573.0   656.8  1172.1  4238.4 23961.7  39855.0    39911
read      353.5   562.2    80.4   130.1   151.7   311.9   364.4   393.7   415.5   441.9   479.2   542.3   979.1  7945.2 22032.1  10630.5    10628
read      332.3   275.2    68.9   120.9   138.8   293.5   371.7   421.6   459.8   507.0   566.2   652.5   932.3  1888.3  8747.0  73323.0    73736
read      355.8   900.7    80.4   139.4   164.3   295.4   335.3   358.5   375.3   399.2   435.4   505.5  1716.6  8442.6 37242.8   7403.0     7334
read      333.5   291.9    68.9   124.8   143.8   291.6   364.5   412.5   451.5   501.3   563.2   654.1   912.9  2726.4 10451.3  91373.0    91868
read      329.2   225.3    74.4   122.5   140.4   292.8   370.5   417.3   453.3   497.6   552.5   634.9   915.6  2105.5  5836.1  76568.0    76670
read      355.9   808.8    74.4   129.7   151.2   310.1   360.5   388.3   407.8   432.4   469.4   540.9   926.8  8346.2 36480.1  10364.0    10405
read      351.5   350.6    74.4   118.0   134.9   300.9   397.2   451.2   488.6   531.6   586.1   702.3  1069.5  4134.1  9645.9  25986.0    26019
read      399.6   701.7    74.4   121.2   139.2   299.2   381.9   433.6   475.5   529.9   602.3   800.9  2023.5  7525.1 30959.3  55470.5    55530
read      327.0   251.1    74.4   117.3   133.3   292.8   377.4   426.5   462.5   503.8   548.8   615.0   823.8  1869.9 10440.1  29298.5    29615
read      334.5   249.4    68.9   121.8   139.8   294.5   372.7   420.8   458.5   505.1   563.0   646.7   950.9  2544.9  7343.3  65929.0    66057
read      327.3   195.2    68.9   120.6   138.2   295.1   371.7   419.3   456.0   501.4   557.6   639.4   862.5  1491.9  5324.1  55246.5    55281
read      358.9   371.7    74.4   122.1   139.2   317.1   408.5   454.7   487.6   527.3   578.4   674.3  1000.8  5066.2 14387.1  21074.5    21177
read      330.7   282.5    74.4   124.7   143.2   289.1   363.1   410.2   448.3   495.5   555.1   641.6   932.3  2334.6  9711.1  87836.5    88239
read      343.7   496.5    74.4   125.2   143.2   298.0   377.6   426.4   463.7   508.6   564.7   649.1   907.0  3619.2 21205.8  70670.0    70227
read      360.9   346.5    74.4   120.1   137.0   306.7   402.9   457.0   496.4   542.0   608.8   749.0  1101.1  5167.3 12562.4  23694.5    23421
read      356.0   340.5    68.9   129.5   150.8   308.0   385.0   434.7   474.1   525.3   590.7   699.0  1096.5  3664.2  9910.8  96757.5    97104
read      436.0  1440.2    74.4   150.3   176.5   293.2   333.1   355.7   372.4   396.6   431.7   544.9  4449.3 25334.2 39109.7   6133.5     6235
read      345.1   382.4    74.4   125.2   143.5   303.4   382.2   430.8   468.2   515.1   574.8   663.1   916.0  3179.0 12042.1  57831.0    58045
read      329.2   269.0    74.4   120.4   136.6   299.4   386.4   432.2   464.0   499.4   539.7   595.6   768.6  1988.5  9586.1  23781.0    23729
read      325.0   245.6    68.9   118.0   134.5   287.1   367.9   418.4   458.5   506.1   557.9   627.9   823.1  1786.4 10031.2  40839.5    40897
read      326.9   201.4    74.4   120.2   137.4   294.2   369.7   416.1   452.9   498.2   553.6   636.2   864.6  1714.3  4662.2  53707.5    53312
read      349.3   402.0    68.9   127.2   147.0   304.2   381.3   429.4   467.1   516.5   581.4   680.6   934.5  3516.3 12712.3  87223.5    87262
read      342.2   279.0    74.4   123.5   142.2   292.6   370.1   420.7   460.4   509.4   570.0   661.5  1270.0  2952.2  8118.0  81934.5    81836
read      332.6   232.8    68.9   126.0   145.2   293.9   368.0   415.2   453.6   502.1   563.6   650.6   880.4  2449.8  7613.8  92427.5    92274
read      324.1   239.5    74.4   118.8   136.0   290.6   365.4   411.5   448.2   493.4   546.4   625.5   832.1  1810.5  8096.3  47132.0    47252
read      337.0   277.5    68.9   123.1   141.1   298.7   375.7   425.2   463.6   509.6   567.3   654.5   920.8  2046.3  9096.2  75650.5    75747
read      325.8   242.2    68.9   121.3   139.3   289.0   365.1   412.7   450.0   495.9   553.4   635.4   846.0  1910.9  9310.2  80857.5    80994
read      341.7   279.0    74.4   128.6   148.9   302.0   377.4   424.7   462.2   509.8   572.9   669.8   915.9  2098.7  9541.4  97791.0    98224
read      326.4   585.5    74.4   136.1   159.6   290.4   329.4   350.5   367.1   387.6   415.7   469.4   789.4  9288.5 20283.9   7791.5     7737
read      325.5   245.3    74.4   117.5   134.3   287.9   368.5   421.1   460.8   506.8   559.0   626.9   802.8  1996.7 10596.7  37430.5    37514
read      342.4   795.8    80.4   131.3   152.9   307.3   357.0   382.8   400.2   423.3   453.3   503.5   737.9  9626.3 32459.4  10538.5    10640
read      346.5   435.0    68.9   126.9   146.7   302.6   377.5   426.2   465.2   515.1   578.9   670.9   927.0  1996.2 14919.1  90264.0    90490
read      344.5   393.1    68.9   124.7   144.4   298.2   371.5   418.9   456.7   507.0   572.7   672.5   962.3  3941.1 12630.1  91947.0    92514
read      340.4   303.5    74.4   123.7   143.1   299.4   370.4   415.4   452.8   502.6   570.0   673.3   971.5  2688.3 10142.8  89354.0    89245
read      335.4   229.5    74.4   123.7   142.0   300.8   376.3   421.4   456.7   500.7   560.7   653.8   924.0  1844.3  9216.8  73935.0    73823
read      330.4   303.9    68.9   119.5   136.4   291.9   368.1   417.5   456.6   502.5   557.0   631.9   912.3  2467.8  8116.7  46866.5    46565
read      327.3   219.3    68.9   119.9   137.2   304.4   386.7   429.3   459.2   493.6   533.7   588.8   788.6  1769.0  8009.5  21451.5    21419
read      341.5   498.1    74.4   120.6   138.3   295.4   369.1   415.8   452.8   498.8   555.4   639.9   937.3  5211.9 24581.0  66472.0    66915
read      317.1   269.5    74.4   116.1   132.1   285.2   361.8   408.0   443.2   483.5   532.6   601.4   773.5  1853.4 10592.9  31711.5    31667
read      339.3   327.4    68.9   121.2   139.8   296.0   374.3   423.3   461.6   507.1   565.6   653.7   949.9  4332.2  9993.6  72199.5    72255
read      338.7   247.4    74.4   128.3   148.6   301.8   374.7   421.1   457.8   503.9   565.9   663.9   920.5  1694.1  8413.0  99770.0    99535
read      301.0   463.7    80.4   125.4   145.2   275.1   317.3   340.3   358.0   379.3   408.3   461.0   625.8  6111.9 23092.7   9189.0     9226
read      328.7   253.4    68.9   121.3   139.2   292.2   369.1   417.0   453.4   497.4   553.5   632.7   846.2  2709.3  8381.3  67561.5    67844
read      328.3   235.6    74.4   121.2   139.2   292.7   369.8   417.4   453.0   495.5   549.3   632.7   889.6  1813.3  9220.1  71663.0    71413
read      325.9   209.8    68.9   125.6   145.1   290.4   362.6   408.3   446.5   494.1   552.0   637.5   855.9  1355.5  7174.3  97420.5    97328
read      336.3   284.9    74.4   122.0   140.1   301.1   378.9   427.9   466.1   513.7   569.3   649.8   877.5  1722.3  8232.9  54961.5    55113
read      342.8   340.3    74.4   121.6   140.5   299.7   377.8   425.6   462.3   508.0   565.9   655.8   957.6  4190.9 11830.1  53837.5    53743
read      322.4   470.9    74.4   122.0   139.6   299.3   359.8   391.7   414.7   441.7   477.8   538.5   781.0  4434.3 21242.2  15447.5    15253
read      347.2   493.1    68.9   123.4   143.4   294.8   368.8   416.1   454.5   502.9   566.5   665.6  1018.0  5092.8 18029.1  90240.5    90605
read      326.2   378.9    74.4   115.4   131.5   283.2   363.1   408.2   438.6   477.0   528.2   605.3   995.2  4453.2  9960.1  25785.5    25767
read      342.0   282.8    74.4   125.6   146.0   301.0   375.5   424.0   462.7   511.0   576.5   674.2   964.9  2237.0  9341.1  93250.5    93458
read      318.2   251.1    68.9   122.2   141.0   282.2   352.5   397.4   433.7   479.2   538.5   623.6   822.1  1627.8 10006.6  94866.0    95080
read      334.2   380.4    68.9   122.3   142.0   289.9   362.3   410.5   448.7   496.3   553.8   635.4   876.6  4140.3 16671.1  88840.5    88399
read      342.1   212.7    74.4   127.5   148.0   303.3   378.5   426.4   465.4   516.4   580.2   674.6   945.9  2002.2  4392.2  95627.5    95681
read      325.8   203.5    74.4   120.2   137.3   295.9   371.3   418.2   454.4   497.5   550.3   623.8   809.8  1603.0  4820.5  33122.0    33003
read      347.3   332.9    68.9   128.8   150.2   306.5   382.6   431.0   468.7   516.4   578.7   675.7   953.3  1852.6 12317.8  98753.0    98809
read      328.4   295.5    68.9   119.7   137.7   292.7   367.7   412.4   446.9   489.9   544.3   625.3   860.1  2472.0  7557.2  64652.5    64610
read      320.6   332.1    68.9   117.8   134.5   283.6   355.1   398.7   432.9   475.8   532.4   609.8   819.4  2564.5  9481.7  51010.0    51183
read      309.0   301.8    74.4   116.2   132.8   286.6   358.0   394.0   419.6   449.9   488.3   544.8   740.5  2547.4 11041.4  20194.0    20194
read      302.3   440.7    80.4   129.3   151.8   273.8   315.2   337.3   353.2   372.4   401.3   456.4   659.0  5061.5 17398.9   7656.5     7602
read      314.0   218.0    74.4   117.9   134.4   285.1   356.9   400.6   434.3   475.3   527.1   596.5   772.2  1666.5  7687.3  46241.5    46677
read      283.3   337.7    80.4   137.1   161.0   253.7   291.1   311.5   326.4   345.4   372.9   426.0   737.4  4914.0 10980.4   5566.0     5577
read      304.2   286.5    74.4   115.6   131.4   281.2   353.9   392.1   418.9   451.0   493.6   560.5   767.2  1337.0  8446.6  22918.0    23035
read      328.7   246.0    68.9   119.9   137.9   294.6   369.6   414.4   450.1   494.4   549.7   631.8   894.5  1873.3  7603.9  57756.5    57516
read      321.6   211.4    68.9   119.4   137.2   288.5   363.3   408.3   443.8   487.0   541.1   618.8   822.5  2228.1  7177.6  63212.0    62851
read      323.5   306.2    74.4   117.6   134.4   286.0   361.0   408.1   445.0   488.7   540.5   613.1   831.9  3972.9  8486.7  38309.5    38431
read      310.4   200.1    68.9   115.9   131.8   283.4   358.6   403.3   434.9   471.8   518.1   582.1   741.1  1688.4  4682.5  25947.5    25729
read      319.3   374.3    68.9   117.5   133.8   290.5   360.7   398.3   424.4   454.9   493.0   549.0   742.7  6848.5  8765.9  19501.0    19443
read      304.4   312.0    68.9   115.6   131.6   280.7   346.9   382.8   408.1   436.7   473.6   531.8   691.1  3762.5 14550.9  19607.0    19461
read      313.6   230.9    68.9   117.0   133.6   280.0   352.7   398.3   434.2   477.9   533.2   607.8   793.3  1769.9  8094.7  42214.0    42341
read      284.7   282.0    86.8   135.5   160.5   258.3   296.9   318.5   335.5   355.7   383.9   448.7   704.8  3998.7 10954.2   5725.5     5691
read      322.5   237.7    74.4   118.5   135.6   291.5   363.9   408.7   444.2   486.8   540.5   620.0   849.8  1714.5  9617.6  40097.0    40223
read      324.1   402.4    68.9   115.9   131.8   284.4   359.0   403.1   436.6   474.7   524.3   597.9   907.6  5747.0 15098.8  29860.0    29941
read      323.3   381.7    68.9   116.7   133.2   282.2   355.6   400.3   435.2   477.7   532.3   609.8   853.9  4219.0 10246.8  41142.5    41162
read      317.1   237.2    68.9   117.8   134.5   284.8   355.6   399.2   433.2   474.7   528.4   601.3   853.8  1797.6  8541.2  43825.0    43863
read      302.0   273.6    74.4   115.0   131.1   280.2   349.2   386.6   412.1   440.7   477.1   532.2   692.6  1933.3 12583.1  20216.0    20318
read      318.8   229.3    63.8   121.2   140.2   283.3   354.1   399.3   435.5   481.3   538.8   620.4   813.7  1612.7  8031.1  93062.5    93421
read      321.8   227.9    68.9   119.0   136.3   290.8   363.9   407.2   442.4   486.5   540.8   619.5   825.6  1825.7  6189.1  48527.0    48578
read      313.6   236.6    68.9   117.2   133.7   284.9   355.4   398.8   433.7   477.2   527.7   593.9   744.7  1675.3 11196.1  40837.5    40595
read      309.8   246.0    74.4   116.9   133.0   292.1   362.4   396.8   421.2   448.8   482.2   537.5   705.4  2844.7 10037.8  17834.0    17677
read      341.4   337.9    68.9   123.0   141.9   296.6   372.1   419.8   456.8   503.9   565.6   662.5  1001.1  5145.5 12962.7  78639.5    78948
read      329.6   831.9    80.4   128.9   148.7   290.7   334.5   359.5   377.2   397.5   424.8   473.7   745.6  5916.6 37149.6   9797.5     9703
read      331.4   599.1    80.4   126.4   146.6   288.1   330.3   353.3   369.9   390.8   418.6   468.6   980.5 11475.0 12548.3   9603.5     9686
read      306.1   340.9    80.4   133.3   156.5   284.3   323.5   345.2   362.9   383.7   412.5   469.9   705.9  6457.5 15305.1   8007.5     7968
read      300.4   320.1    74.4   118.2   134.2   284.6   344.1   374.0   394.7   419.7   452.3   500.3   637.4  3985.8 12893.1  15711.5    15830
read      298.6   354.7    80.4   129.8   152.1   280.7   318.8   340.7   358.6   380.8   409.3   460.2   631.8  4011.7 13247.1   8397.0     8192
read      322.6   184.7    74.4   120.7   139.0   289.2   366.0   411.7   447.0   491.0   547.0   632.7   858.1  1545.6  3594.3  78879.5    79410
read      324.7   249.6    74.4   120.4   138.8   286.4   362.2   407.7   443.2   487.4   543.3   626.3   864.5  2621.8  6760.3  76319.0    76582
read      320.0   198.0    74.4   119.7   137.4   289.5   363.2   406.8   441.3   483.3   537.1   615.3   815.8  1642.8  6273.5  54800.5    54634
read      328.1   243.7    68.9   121.1   139.4   291.6   368.8   416.5   453.3   499.5   558.2   639.0   881.2  1604.3  8077.5  72046.0    72177
read      323.3   598.1    74.4   119.1   135.0   289.4   347.2   378.2   399.7   425.1   458.7   514.8   776.7  7804.1 36231.0  15171.0    15101
read      301.5   370.7    80.4   129.8   151.6   280.2   319.4   342.2   358.2   374.9   402.9   453.7   660.9  5684.0 15777.0   8184.0     8167
read      324.2   228.3    68.9   118.8   135.9   290.3   364.1   409.5   446.3   490.7   545.7   627.5   895.7  1664.7  7783.7  43843.5    44130
read      318.4   224.7    68.9   119.1   136.7   289.5   362.8   405.6   439.4   481.6   536.1   610.4   789.7  1473.8  7469.7  52981.0    53047
read      345.3   240.1    68.9   127.8   148.3   303.0   378.0   426.0   465.3   515.9   582.4   685.8  1025.7  1939.0  8102.5  97129.5    97171
read      325.5   286.1    68.9   120.2   138.2   286.7   362.3   408.7   445.6   490.2   545.7   628.5   867.7  1998.8 10187.1  81300.5    81360
read      317.1   210.8    68.9   120.0   137.8   283.6   359.5   405.1   441.2   482.5   534.9   613.5   795.4  1525.3  8216.7  77617.0    77277
read      316.3   238.1    68.9   116.6   133.4   281.8   356.6   403.1   439.7   483.6   534.9   604.5   791.3  1862.7  9917.6  38249.5    38294
read      342.2   814.4    74.4   126.0   145.1   293.1   339.9   365.5   383.6   403.6   433.1   481.9   744.2 11111.5 31978.5  11132.5    11165
read      333.1   254.7    68.9   120.9   139.2   293.4   370.2   418.2   456.2   501.8   560.6   653.2   972.7  1976.3  8870.9  73854.0    74155
read      304.1   273.4    74.4   122.3   139.9   290.7   342.0   368.2   387.4   410.0   441.5   497.4   642.7  3908.2 10019.2  12312.5    12255
read      314.6   193.7    68.9   118.4   135.1   283.7   356.5   402.2   438.6   482.1   536.3   609.3   769.4  1641.0  6340.8  52515.0    52404
read      309.4   192.5    74.4   118.3   135.3   296.3   359.4   393.3   417.5   445.9   483.0   539.4   713.2  2378.0  4980.2  16959.0    17057
read      296.2   353.6    80.4   139.0   164.9   268.1   304.6   324.6   341.5   362.1   390.4   444.8   761.2  4013.3 13732.7   6047.0     6005
read      317.0   214.5    74.4   119.4   137.7   283.2   355.5   400.9   437.1   483.0   540.9   621.7   808.3  1631.0  7763.4  84929.0    85707
read      336.3   229.5    74.4   122.9   141.6   298.5   374.5   423.4   461.3   508.9   571.0   664.7   926.9  2008.8  7747.1  79260.5    79742
read      324.0   211.6    68.9   120.2   137.3   292.7   366.2   413.2   450.6   494.5   548.6   626.1   814.9  1742.6  5845.9  58083.5    58322
read      324.4   392.9    74.4   116.6   133.1   286.3   366.6   411.7   442.4   476.4   519.9   580.8   744.0  7227.9 11880.2  26234.0    26212
read      328.2   216.4    63.8   121.5   139.7   294.2   369.7   415.9   452.3   497.1   551.5   632.2   866.5  1845.6  6656.0  69343.5    69487
read      318.6   272.9    74.4   116.1   132.1   285.1   365.1   412.0   447.7   488.3   536.2   601.2   790.2  2064.7 10309.2  29657.5    29507
read      321.1   227.0    68.9   118.3   135.2   287.8   362.7   408.5   445.1   489.3   543.3   619.4   818.4  1764.9  7909.8  51631.0    51412
read      318.9   206.7    68.9   120.1   137.3   287.5   362.5   407.3   442.7   484.5   536.4   609.9   802.9  1688.0  8912.2  67400.5    67374
read      326.0   302.3    68.9   118.9   136.8   288.4   362.5   406.3   441.3   484.0   538.5   620.1   885.8  3246.4  9116.0  55368.5    55125
read      319.7   201.3    74.4   119.5   136.7   287.8   363.6   409.8   444.8   487.9   542.1   618.3   798.7  1852.5  6883.7  52736.5    53048
read      306.5   388.3    74.4   121.7   140.3   290.8   340.9   366.0   384.0   404.1   432.3   481.7   631.5  5078.3 16634.6  12200.5    12192
read      319.6   274.1    74.4   116.9   133.5   284.8   360.2   406.3   443.0   487.2   540.6   611.2   799.6  1867.1 10194.1  36163.0    36138
read      337.0   331.7    68.9   121.6   139.7   297.1   374.0   420.2   455.4   499.1   554.1   638.6   914.2  4678.1 10830.9  60908.5    60799
read      327.5   237.6    74.4   119.1   136.3   291.7   368.4   417.0   453.2   498.5   551.3   629.1   900.3  1949.0  9590.8  36156.0    36368
read      339.7   321.8    74.4   121.6   139.3   299.6   376.8   426.8   464.0   510.3   565.1   639.7   930.5  3853.5  8480.8  39753.5    39729
read      332.3   209.2    74.4   125.8   145.8   293.9   369.1   417.1   455.3   503.1   564.1   655.0   892.2  1705.7  5975.8  95611.0    95693
read      321.3   243.6    74.4   118.6   135.1   289.5   361.8   406.7   442.0   486.6   542.9   620.6   824.2  1830.3  9287.1  40871.5    40999
read      321.2   224.4    74.4   120.0   137.8   287.6   363.1   407.9   442.4   484.2   538.3   616.5   823.0  1824.4  9677.1  65333.0    65037
read      295.0   200.0    74.4   120.7   137.8   286.9   337.3   364.0   383.1   404.4   433.6   481.8   636.4  1966.6  6844.0  12593.5    12633
read      328.6   210.0    74.4   121.2   138.5   297.6   372.2   418.5   454.6   500.3   554.9   634.0   839.3  1630.9  6468.3  49930.5    50117
read      337.7   388.8    74.4   121.7   140.1   294.5   371.5   419.8   456.5   500.7   557.6   641.1   959.8  2809.2 11014.3  62538.5    62765
read      300.6   313.2    80.4   121.4   139.0   286.4   336.1   363.6   382.9   404.1   434.2   487.5   628.4  5182.1 10676.5  12418.5    12379
read      319.9   199.5    68.9   118.7   136.1   289.6   361.7   407.6   444.7   490.2   543.7   618.0   804.6  1592.8  6520.6  49425.0    49369
read      333.5   405.5    74.4   117.1   134.0   283.3   358.9   407.7   445.1   489.3   542.2   617.4  1011.4  6698.8 10152.2  38981.5    39111
read      324.9   197.9    74.4   120.1   137.7   293.9   368.6   414.1   450.1   494.3   547.8   628.0   852.7  1596.5  4023.1  53044.5    52692
read      312.8   235.0    74.4   115.9   131.7   284.1   362.0   404.9   435.4   469.9   512.3   577.7   745.8  2476.3  8688.8  24677.5    24539
read      319.3   192.5    68.9   120.2   138.0   288.4   363.9   407.3   442.5   485.7   539.0   615.4   793.8  1793.7  4374.8  61730.0    61591
read      318.2   186.1    74.4   118.2   135.0   288.4   364.0   409.9   445.7   490.1   543.3   615.2   777.5  1362.7  6683.5  47849.0    47864
read      334.4   575.0    74.4   119.7   137.6   302.4   370.2   403.2   426.4   453.2   487.9   542.5   741.6  8796.5 27690.0  16411.0    16479
read      327.8   199.2    74.4   122.6   140.8   293.5   371.1   418.7   454.8   500.4   556.2   637.8   852.2  1722.5  4039.1  74852.5    75268
read      306.0   333.5    74.4   131.7   153.5   289.7   330.4   353.3   369.3   390.6   419.3   466.5   664.4  4309.3 15351.7   8810.5     8714
read      326.4   347.4    74.4   126.1   145.4   312.4   368.0   396.9   417.1   439.1   468.8   518.8   650.2  4262.4 12506.7  12828.5    13002
read      342.8   241.1    74.4   125.1   144.2   305.7   384.8   435.1   475.3   524.6   585.3   673.8   915.0  1881.0  6654.8  77506.0    77147
read      318.1   212.8    68.9   117.5   134.0   284.2   359.0   406.6   446.4   493.2   545.8   618.2   797.6  1707.2  4850.1  43670.5    43518
read      318.6   311.3    68.9   116.4   132.4   285.5   370.6   418.6   452.0   489.5   533.2   590.6   729.6  1966.2 15239.3  27107.5    27206
read      332.2   240.1    68.9   120.5   138.4   298.1   375.5   424.3   461.5   507.3   563.9   641.7   869.8  1814.2  7914.6  55587.5    55859
read      344.9   372.6    74.4   121.3   139.1   299.4   383.0   433.7   473.7   522.0   576.6   655.1   934.8  5023.2 11003.8  37278.5    37448
read      324.9   369.8    74.4   118.5   135.7   285.8   360.8   407.4   444.9   490.2   542.2   615.0   838.4  2356.2 11036.4  45224.5    45026
read      326.3   216.7    74.4   127.7   147.6   292.4   364.5   409.6   445.8   490.1   547.4   629.9   796.9  1678.9  8626.4 100034.0    99974
read      318.3   209.6    63.8   122.6   140.7   291.8   366.1   409.5   442.6   482.7   532.5   599.8   737.4   960.5  9324.2  64628.0    64632
read      313.4   213.9    68.9   119.0   136.3   285.1   357.6   401.9   434.8   475.7   527.7   595.8   731.5  1441.7  7543.8  49499.5    49061
read      315.5   201.1    68.9   121.5   140.0   286.1   360.1   405.2   440.9   483.3   535.6   606.6   738.8  1025.8  6663.1  80230.5    80418
read      310.8   310.7    74.4   123.8   141.4   298.3   360.5   391.2   412.2   436.1   465.8   506.4   618.2  2010.4 12652.6  16375.5    16471
read      316.8   227.1    68.9   118.8   135.5   283.6   365.1   416.1   453.0   494.7   539.2   595.1   691.4  1717.2  8085.0  35449.5    35694
read      317.9   382.4    74.4   128.7   147.2   305.6   360.8   388.2   406.3   427.6   454.7   498.0   638.5  5223.4 15802.0  13885.0    13935
read      316.4   202.8    74.4   122.4   140.6   287.1   360.8   405.3   439.2   482.0   534.9   605.7   735.4  1110.3  6474.2  79493.0    79838
read      318.4   225.5    74.4   120.8   138.8   291.0   363.3   406.4   440.1   482.4   535.3   605.7   735.8  1405.2 10501.2  48948.5    48842
read      313.4   243.7    68.9   122.8   141.5   302.3   368.9   401.4   424.0   448.9   478.3   525.1   621.4  3184.6  8669.0  17795.0    17708
read      317.0   205.6    68.9   119.6   136.8   286.4   367.2   417.2   452.6   492.4   537.0   592.5   727.5  1381.5  7971.6  31389.5    31401
read      316.4   173.0    74.4   122.1   140.1   291.7   366.3   410.0   442.7   483.0   534.0   600.8   726.0   971.7  3878.8  61967.0    62091
read      326.1   215.4    68.9   126.0   145.1   294.2   368.8   414.3   451.0   496.0   554.2   634.5   787.1  1055.8  8265.3  87094.5    87121
read      317.7   189.2    68.9   123.6   142.2   287.7   362.7   407.7   443.4   486.0   538.3   612.6   747.6  1043.1  7704.5  82209.0    81929
read      317.9   214.8    68.9   121.3   139.5   289.5   364.3   410.3   445.6   488.3   538.1   601.5   728.1  1318.8  7923.0  42171.0    42013
read      324.0   213.7    68.9   125.6   145.1   291.9   364.9   411.0   447.6   492.9   547.7   624.3   776.8  1411.7  7807.0  90508.5    90709
read      317.0   173.8    68.9   123.1   141.3   291.6   365.6   409.7   443.4   483.5   533.4   599.1   725.5   917.0  5028.3  67652.0    67578
read      317.4   175.0    74.4   122.5   140.7   294.1   366.7   408.2   440.5   480.2   531.7   598.7   730.5   941.4  5312.8  58281.5    58116
read      316.4   191.2    68.9   122.7   141.1   290.4   364.8   408.4   440.7   480.6   530.1   594.3   724.2  1015.0  5899.1  68767.0    68886
read      328.6   246.6    63.8   126.5   146.3   295.2   366.9   412.1   449.9   497.7   557.8   639.6   797.2  1094.7  9867.8  92679.0    93119
read      324.5   197.0    74.4   127.1   146.9   292.5   365.3   410.3   447.1   492.9   548.9   628.5   782.5  1101.1  7558.2  94818.0    95079
read      330.5   231.2    74.4   125.6   144.1   301.1   375.7   422.4   459.2   504.2   560.2   638.8   795.0  1138.6  6225.2  77465.0    77456
read      311.5   375.4    74.4   123.4   141.3   298.0   356.0   385.7   405.2   428.8   459.2   504.7   618.3  4236.7 20269.1  15746.5    15723
read      312.3   486.6    80.4   133.4   152.5   291.6   334.6   357.2   372.1   392.8   418.6   461.0   663.7  5694.5 22139.9   9975.0     9867
read      299.7   407.0    80.4   140.8   162.6   279.7   316.3   337.0   352.2   370.4   395.3   447.2   634.1  4295.8 16726.6   8247.0     8176
read      328.7   197.5    68.9   129.8   149.4   297.1   369.8   415.3   451.3   497.2   556.2   639.4   799.4  1073.0  6989.2  89298.0    89745
read      296.6   207.8    74.4   135.6   154.0   288.9   330.5   353.3   369.5   389.4   414.8   459.2   581.1  3169.8  7478.1  11042.5    11058
read      324.4   183.1    74.4   128.2   146.4   293.7   369.1   415.3   450.7   494.7   549.0   628.1   784.1  1069.2  5109.3  81301.0    81413
read      305.1   226.0    74.4   124.5   141.8   286.7   355.5   392.2   418.4   448.5   485.0   534.7   635.5  1494.8 13048.4  21793.0    21659
read      328.6   798.8    68.9   123.3   140.3   284.8   362.0   407.3   438.9   473.6   516.9   575.2   706.8  1806.6 39794.6  27136.5    27181
read      296.9   213.0    74.4   125.9   142.3   286.7   345.0   376.6   397.4   421.8   452.9   501.9   612.1  1550.8  7996.6  17364.0    17420
read      309.6   265.5    68.9   124.6   141.0   287.9   360.3   399.0   426.1   456.4   494.8   546.9   642.1  1656.5 12527.4  23120.5    23028
read      307.0   233.0    74.4   119.1   135.8   279.9   352.1   397.4   430.0   467.1   512.7   570.4   677.7  1434.2 13023.9  33953.5    33694
read      309.6   198.7    68.9   120.2   136.9   281.9   358.5   403.5   435.1   471.7   518.2   576.1   692.0  1432.5  7378.4  32827.0    32735
read      314.1   191.6    68.9   121.1   138.9   287.8   358.5   400.2   432.1   470.9   523.9   590.6   748.5  1657.2  5757.5  57694.5    57645
read      318.4   217.2    68.9   120.6   138.2   289.4   363.8   409.3   445.0   487.7   539.9   605.4   738.9  1536.9  6301.4  45010.0    45216
read      318.9   207.9    68.9   122.5   140.6   292.3   365.7   409.2   442.5   482.6   533.6   601.6   733.8  1290.1  8940.5  57864.5    57659
read      317.2   221.5    68.9   123.8   141.8   285.6   358.0   404.3   441.3   485.3   538.9   609.9   744.0  1226.1  9780.2  85562.5    85443
read      307.3   283.9    74.4   126.7   144.1   297.1   349.7   376.7   395.4   417.7   446.0   491.5   615.0  4329.4 12321.8  14313.0    14390
read      309.9   224.7    74.4   118.9   135.2   279.8   361.5   408.4   442.4   478.8   521.5   576.3   677.4  1401.0  8379.8  31304.0    31520
read      323.6   219.2    68.9   124.0   141.9   294.8   370.3   415.6   450.4   491.8   542.0   611.8   752.0  1547.9  9568.0  67059.0    67089
read      315.8   258.7    74.4   125.1   142.9   306.1   368.3   399.5   421.1   444.9   473.0   523.1   630.3  3305.6 12656.0  16358.0    16537
read      313.9   216.1    74.4   123.1   141.1   300.1   369.7   404.5   429.2   456.7   491.0   539.9   650.9  2065.2  9801.7  18913.0    18930
read      315.9   229.1    68.9   120.6   137.8   287.0   360.4   405.3   441.4   485.4   536.3   598.4   717.1  1336.0  9664.1  46630.5    46784
read      325.5   187.3    68.9   126.7   146.1   294.4   368.2   414.5   451.0   496.2   551.3   629.3   783.0  1060.3  6257.9  92741.0    93102
read      324.5   213.3    74.4   125.5   144.6   290.9   363.4   410.3   447.8   493.6   549.0   627.2   781.3  1882.6  7758.7  89704.5    89799
read      321.9   193.2    68.9   122.8   140.7   294.6   369.6   415.1   449.7   491.7   544.3   617.3   745.9  1145.6  5426.1  66380.0    66551
read      317.3   204.3    74.4   124.6   143.4   285.7   355.9   400.9   436.9   483.2   539.8   615.7   750.7  1117.1  7949.3  92873.5    93104
read      317.2   215.7    74.4   123.1   141.2   289.7   361.7   404.7   438.0   478.4   529.9   595.2   737.5  1442.0  9363.2  43706.0    43768

Total QPS = 50179.1 (39139660 / 780.0s)

Total connections = 64
Misses = 0 (0.0%)
Skipped TXs = 0 (0.0%)

RX 9667496267 bytes :   11.8 MB/s
TX          0 bytes :    0.0 MB/s
Warning! Detected max cpu usage > 95%
CPU Usage Stats (avg/min/max): 100.00%,48.74%,100.00%
