Random waveform, supplied seed
Total number of intervals = 480 (7434, 67201, 85927, 63953, 31595, 87879, 7287, 62295, 6561, 22532, 60653, 59076, 60154, 22964, 8172, 27652, 37594, 24367, 33771, 84944, 85666, 51918, 34406, 28664, 38289, 20658, 13840, 93419, 98284, 71313, 42089, 46458, 30755, 42889, 93552, 65694, 29574, 51355, 67361, 16287, 81508, 87619, 99068, 51267, 11822, 97494, 97350, 55460, 85984, 82043, 52873, 13911, 49984, 9274, 27187, 18735, 86505, 93039, 75999, 32324, 84255, 81759, 37291, 53818, 30297, 31569, 38927, 10652, 98119, 48176, 34929, 69735, 20753, 84642, 42333, 61587, 77998, 97625, 23781, 66723, 31016, 47394, 95335, 5252, 65908, 16889, 42912, 99898, 26385, 22616, 50605, 90283, 26273, 48521, 34058, 75648, 19482, 15054, 75754, 5187, 17656, 96343, 36665, 85269, 31525, 61798, 12253, 25710, 79937, 7271, 85861, 91467, 72217, 31080, 76878, 84584, 12492, 57106, 96245, 6791, 90728, 5151, 82969, 42635, 99337, 95192, 69200, 49459, 29055, 64324, 5705, 84816, 23714, 74116, 19948, 44213, 19454, 7190, 47657, 44399, 6481, 5807, 83137, 9580, 37385, 33706, 35204, 50438, 48878, 42682, 27416, 64424, 64364, 5481, 26227, 26586, 86286, 24452, 26832, 29795, 46224, 84587, 63389, 46953, 90536, 12508, 38491, 97806, 11813, 39665, 53571, 63215, 78767, 8615, 67903, 16398, 53434, 38068, 9130, 69227, 37496, 83925, 51037, 33690, 51474, 73708, 98618, 81977, 91567, 48236, 91726, 52458, 70467, 71151, 65016, 42057, 78821, 60720, 39911, 10628, 73736, 7334, 91868, 76670, 10405, 26019, 55530, 29615, 66057, 55281, 21177, 88239, 70227, 23421, 97104, 6235, 58045, 23729, 40897, 53312, 87262, 81836, 92274, 47252, 75747, 80994, 98224, 7737, 37514, 10640, 90490, 92514, 89245, 73823, 46565, 21419, 66915, 31667, 72255, 99535, 9226, 67844, 71413, 97328, 55113, 53743, 15253, 90605, 25767, 93458, 95080, 88399, 95681, 33003, 98809, 64610, 51183, 20194, 7602, 46677, 5577, 23035, 57516, 62851, 38431, 25729, 19443, 19461, 42341, 5691, 40223, 29941, 41162, 43863, 20318, 93421, 48578, 40595, 17677, 78948, 9703, 9686, 7968, 15830, 8192, 79410, 76582, 54634, 72177, 15101, 8167, 44130, 53047, 97171, 81360, 77277, 38294, 11165, 74155, 12255, 52404, 17057, 6005, 85707, 79742, 58322, 26212, 69487, 29507, 51412, 67374, 55125, 53048, 12192, 36138, 60799, 36368, 39729, 95693, 40999, 65037, 12633, 50117, 62765, 12379, 49369, 39111, 52692, 24539, 61591, 47864, 16479, 75268, 8714, 13002, 77147, 43518, 27206, 55859, 37448, 45026, 99974, 64632, 49061, 80418, 16471, 35694, 13935, 79838, 48842, 17708, 31401, 62091, 87121, 81929, 42013, 90709, 67578, 58116, 68886, 93119, 95079, 77456, 15723, 9867, 8176, 89745, 11058, 81413, 21659, 27181, 17420, 23028, 33694, 32735, 57645, 45216, 57659, 85443, 14390, 31520, 67089, 16537, 18930, 46784, 93102, 89799, 66551, 93104, 43768, 54006, 64618, 86482, 77459, 61365, 52346, 87286, 17384, 98165, 63330, 5866, 37693, 75360, 34753, 59823, 68266, 39383, 65072, 33192, 51847, 62362, 84073, 64213, 27059, 54703, 98366, 29565, 75000, 62235, 47788, 68928, 36478, 76067, 47020, 81656, 16396, 21661, 50156, 54102, 65670, 17584, 30347, 21534, 10216, 80544, 45508, 21591, 15435, 14502, 16369, 42077, 38334, 17694, 75056, 53845, 13319, 77808, 44423, 25669, 66463, 35396, 33885, 11712, 51485, 59378, 94757, 71707, 6184, 52631, 31188, 92326, 78268, 78655, 29798, 96196, 39289, 13806, 86543, 67095, 15164, 21544, 80587, 90870, 18274, 33727, 11433, 17009, 61531, 77691, 75329)
Average QPS expected = 50217
Timestamp start: 1715608615852
Timestamp end: 1715609576736

#type       avg     std     min      p5     p10     p50     p67     p75     p80     p85     p90     p95     p99    p999   p9999      QPS   target
read      510.0  1254.9   160.7   221.1   243.8   369.5   414.9   443.2   466.9   501.4   555.6   720.7  3906.9 28257.9 32252.5   7332.5     7434
read      441.0   533.8   148.8   205.9   222.2   357.3   438.0   489.0   529.3   581.7   659.1   831.3  1894.4  6681.3 21549.4  66787.0    67201
read      431.8   547.3   148.8   207.7   225.1   361.2   439.9   489.5   528.5   577.8   646.0   793.8  1272.0  7248.8 17567.2  85604.0    85927
read      417.3   485.2   148.8   202.9   217.7   350.3   429.6   478.4   517.2   566.1   635.3   772.1  1444.3  4968.7 25995.1  63719.5    63953
read      420.2   496.0   148.8   202.1   216.7   359.3   450.5   503.3   542.6   587.5   643.4   746.0  1154.6  5798.5 16046.7  31492.0    31595
read      423.4   374.1   148.8   204.8   221.9   359.1   432.0   478.7   517.4   569.1   642.4   806.1  1500.8  4217.2 11494.4  87954.0    87879
read      446.5   947.2   160.7   215.6   237.6   351.9   392.4   416.3   433.9   459.5   500.7   596.4  3312.3  9210.3 37504.3   7305.5     7287
read      408.4   391.9   148.8   201.9   216.6   343.8   423.3   472.1   512.2   562.3   629.3   763.2  1398.5  4801.6  9357.9  61928.5    62295
read      445.3  1130.9   160.7   218.5   242.5   344.8   378.8   398.1   413.6   433.2   467.8   554.9  2658.7 14648.8 32173.0   6559.5     6561
read      461.2   516.8   148.8   202.1   216.2   379.9   481.3   539.1   583.1   648.7   762.2   931.7  1561.4  5954.6 29026.0  22441.0    22532
read      415.5   405.6   148.8   202.5   217.0   349.7   429.2   476.8   516.2   566.3   632.7   772.8  1485.5  4220.3 20744.0  60458.5    60653
read      417.7   580.3   148.8   200.8   215.2   344.1   422.2   469.4   508.0   556.6   626.5   761.9  1455.7  7907.3 30166.5  59038.0    59076
read      411.1   351.9   148.8   202.7   217.6   350.3   428.9   476.5   515.9   567.1   637.1   780.1  1280.9  4488.4 12668.8  59695.5    60154
read      430.6   292.4   148.8   200.7   214.9   369.9   467.1   520.3   558.7   610.2   691.6   859.8  1360.9  3431.2  8880.5  23075.5    22964
read      452.5   964.5   160.7   210.8   230.6   361.2   410.1   441.8   466.2   495.9   539.5   663.0  1953.3 11674.4 32329.6   8231.5     8172
read      444.6   500.3   148.8   198.8   213.5   357.4   460.7   519.1   562.0   618.0   712.5   904.9  1483.4  5790.4 23472.2  27451.0    27652
read      407.8   363.5   148.8   198.9   212.8   347.1   435.4   489.1   528.9   575.9   636.0   755.0  1281.0  2066.3 11508.0  37637.5    37594
read      445.9   707.0   148.8   198.8   213.2   358.6   455.6   504.9   541.2   586.9   663.7   868.1  1506.6 10480.4 38514.3  24286.5    24367
read      419.0   493.7   148.8   200.1   214.3   345.8   439.3   495.3   535.3   581.6   639.9   777.4  1254.2  8156.7 16018.8  33771.0    33771
read      403.3   343.9   148.8   205.4   221.6   348.5   422.0   467.7   504.7   552.3   618.4   737.0  1181.3  3288.1 12804.9  84702.0    84944
read      429.4   484.8   148.8   208.1   225.5   362.4   437.7   485.0   522.4   572.4   648.3   807.6  1293.6  7071.4 15499.3  85992.0    85666
read      424.9   473.9   148.8   202.2   216.7   349.3   433.4   486.7   529.7   583.3   652.1   793.0  1558.5  5537.4 19831.4  51564.0    51918
read      419.0   469.5   148.8   200.9   215.1   353.5   448.6   503.8   543.3   587.0   642.0   751.9  1206.9  8316.3 12898.2  34503.5    34406
read      396.3   226.6   148.8   199.6   213.5   346.2   442.9   495.2   531.3   570.9   620.4   715.7  1064.1  1780.9  8183.3  28644.5    28664
read      418.7   607.0   148.8   199.6   213.6   341.7   430.1   486.0   526.8   572.2   628.7   745.7  1268.8 11075.5 25443.0  37947.0    38289
read      435.3   385.9   148.8   202.1   216.3   377.1   469.5   515.5   549.0   597.8   680.7   839.1  1361.2  4373.4 12867.5  20757.5    20658
read      433.3   827.8   160.7   205.9   220.8   380.1   442.4   474.2   498.7   529.2   573.9   682.5  1335.8  8676.5 37065.9  13937.0    13840
read      469.1   576.8   148.8   213.2   234.4   388.4   472.3   529.5   576.6   636.9   728.9   907.7  1571.8  8423.7 25644.0  93198.0    93419
read      435.7   308.9   148.8   212.6   233.1   377.4   455.2   507.6   549.9   607.9   689.0   841.6  1237.0  2722.3 10159.9  98065.5    98284
read      397.0   402.4   148.8   201.8   216.4   339.7   413.4   459.0   494.1   537.9   598.7   712.1  1169.7  5480.4 14297.0  71294.0    71313
read      406.7   266.8   148.8   200.5   214.8   348.5   434.4   487.8   529.0   578.3   640.6   761.3  1309.8  2517.1  9449.2  42204.5    42089
read      415.6   435.8   148.8   198.2   212.6   340.7   421.6   471.5   512.9   564.5   631.4   783.1  1564.0  5569.5 12163.2  46466.0    46458
read      403.2   474.8   148.8   197.7   212.2   345.0   438.2   488.5   523.2   561.8   611.8   703.1  1123.7  4842.6 12910.8  30631.0    30755
read      392.0   285.0   148.8   197.2   211.5   337.1   416.8   467.4   505.4   550.5   607.7   707.5  1175.0  3865.8  8414.2  42888.0    42889
read      450.4   452.1   148.8   211.2   231.3   376.9   456.5   508.1   550.6   607.9   690.2   861.8  1611.4  5903.4 13766.4  93536.5    93552
read      416.0   467.8   148.8   203.0   218.0   350.4   429.9   479.4   517.9   567.6   635.6   769.2  1373.0  4753.4 16450.8  65838.0    65694
read      397.3   390.4   148.8   196.6   211.0   338.8   432.5   482.5   516.8   555.5   604.2   697.9  1098.9  4303.2 13628.4  29656.0    29574
read      407.3   280.7   148.8   199.6   214.5   351.6   432.2   481.6   520.4   568.5   633.1   766.2  1321.1  2627.8  9399.4  51339.0    51355
read      394.9   434.5   148.8   198.0   213.0   340.7   413.7   457.2   491.5   536.8   597.8   712.9  1153.1  4236.2 12836.2  67478.5    67361
read      416.6   327.1   148.8   202.4   217.3   378.8   450.6   488.7   517.0   555.0   623.3   749.7  1109.1  3696.9 12327.0  16154.5    16287
read      443.1   533.8   148.8   203.1   220.0   359.1   438.0   489.0   530.0   584.5   673.3   894.7  1743.9  5627.4 28492.0  80913.5    81508
read      408.7   435.8   148.8   202.7   219.1   350.9   423.6   469.8   507.0   553.6   623.0   745.7  1185.9  3944.8 17243.8  87725.0    87619
read      434.5   455.1   148.8   207.7   227.8   372.3   449.1   499.4   540.6   594.9   676.4   835.7  1233.9  4107.6 28327.1  99007.5    99068
read      394.6   383.5   148.8   198.2   212.7   341.7   417.6   464.2   501.3   546.5   608.3   713.6  1149.3  3665.6 11294.8  51248.0    51267
read      509.8  1637.5   148.8   205.0   221.1   370.5   428.6   462.5   490.3   527.9   584.0   688.6  2191.1 28071.7 43347.6  11874.0    11822
read      436.7   364.6   148.8   207.6   227.2   372.9   451.9   505.3   549.0   607.2   690.0   844.2  1404.4  2739.2 10683.3  97377.0    97494
read      429.6   446.9   148.8   207.2   226.6   368.8   444.0   494.5   536.3   589.4   667.9   806.5  1208.3  4391.9 15443.9  97140.5    97350
read      411.5   418.2   148.8   198.8   213.6   347.1   427.6   477.0   515.5   563.2   630.6   761.7  1343.6  5323.8 12897.0  55490.5    55460
read      392.1   306.2   148.8   198.3   213.8   340.6   409.7   453.9   490.0   536.9   601.3   723.7  1138.4  3159.7 12750.2  85768.5    85984
read      414.6   473.9   148.8   201.3   217.4   349.6   425.2   473.1   512.8   564.7   636.2   780.2  1347.3  4212.2 17110.9  82184.5    82043
read      407.2   346.0   148.8   199.2   213.7   348.6   426.8   476.6   515.5   564.1   630.0   750.0  1303.5  4596.4 10812.6  52710.0    52873
read      418.2   514.2   160.7   203.2   218.2   371.5   432.4   463.3   487.8   519.6   571.6   688.6  1253.9 11262.4 14766.6  14011.0    13911
read      398.8   284.3   148.8   196.8   211.4   342.6   421.3   470.8   511.2   560.0   624.7   747.9  1316.7  2128.0  9873.9  49991.5    49984
read      441.6  1014.9   148.8   211.4   229.3   362.4   407.5   432.1   452.4   477.0   517.7   619.4  1513.6 12172.9 32151.7   9276.5     9274
read      422.2   323.4   148.8   200.4   215.2   357.2   450.1   502.5   540.5   587.1   661.2   852.9  1340.7  3929.8 12263.1  27056.5    27187
read      439.5   565.4   148.8   204.1   219.9   375.2   457.6   498.7   528.1   563.3   618.5   767.5  1560.4  8741.5 28567.4  18875.0    18735
read      414.5   463.2   148.8   201.2   217.9   348.5   420.1   465.8   504.4   553.5   625.0   778.8  1460.0  3549.3 19642.4  86538.0    86505
read      404.9   329.9   148.8   203.4   220.4   354.4   426.4   470.9   507.9   556.0   627.3   759.6  1097.5  2659.4 14326.8  92765.5    93039
read      422.4   520.0   148.8   201.8   217.3   354.4   431.6   479.6   517.8   565.6   634.0   776.1  1426.8  8441.4 13942.2  75698.5    75999
read      397.0   290.4   148.8   197.0   211.4   343.8   430.1   478.9   515.1   557.3   610.8   707.1  1161.6  3693.8  9875.5  32456.0    32324
read      401.8   318.0   148.8   200.7   216.8   346.7   417.8   461.6   497.3   543.2   610.9   744.1  1345.0  3071.9  8623.3  83846.5    84255
read      402.3   437.5   148.8   200.7   216.8   344.8   417.4   462.6   499.2   547.2   614.0   735.5  1154.0  5474.5 13742.3  82001.5    81759
read      394.6   359.6   148.8   196.8   211.8   339.7   423.9   475.8   515.6   558.6   612.5   708.1  1153.4  3114.6 12809.2  37228.0    37291
read      412.6   558.7   148.8   198.4   212.9   337.7   413.2   461.4   500.3   547.9   612.0   728.9  1379.7  8137.3 20226.0  53554.0    53818
read      389.2   274.1   148.8   196.1   210.0   337.9   426.4   476.4   511.4   549.3   597.0   701.3  1080.2  2354.2 10860.6  30368.0    30297
read      403.2   284.3   148.8   199.0   213.8   352.5   442.7   495.9   533.8   576.9   628.9   731.7  1116.2  2409.8 12600.0  31603.0    31569
read      405.8   251.0   148.8   198.0   212.9   350.0   436.6   490.6   531.9   579.0   639.6   766.5  1215.3  3548.9  7200.5  39022.5    38927
read      385.8   280.5   148.8   206.6   223.5   363.0   413.3   438.5   460.0   486.2   523.7   592.6   910.4  3586.1 10610.1  10646.5    10652
read      421.1   515.0   148.8   203.7   221.9   358.6   430.2   477.9   518.2   571.0   645.5   778.0  1155.2  8143.8 17456.9  97798.0    98119
read      407.9   438.2   148.8   199.4   214.2   351.1   431.9   481.4   520.4   569.1   633.4   751.5  1214.7  2700.9 14751.8  48419.5    48176
read      400.7   372.3   148.8   199.7   214.2   347.7   433.4   484.9   522.1   564.7   619.3   717.3  1074.6  2028.4 12801.9  34890.0    34929
read      394.5   312.4   148.8   198.4   213.4   339.1   411.6   457.2   493.3   540.0   605.4   733.0  1277.3  2861.8 11103.3  69491.5    69735
read      428.9   532.0   148.8   200.4   214.7   368.1   450.8   492.9   522.7   557.5   613.7   760.3  1286.1  7778.7 18924.0  20762.0    20753
read      402.3   390.9   148.8   204.3   220.6   345.3   416.3   461.4   497.2   542.0   606.0   728.7  1186.2  4600.7 11983.8  84096.0    84642
read      382.1   227.8   148.8   197.7   212.4   331.5   410.0   461.0   500.6   545.9   600.2   689.5  1090.4  1768.3  7998.1  42339.5    42333
read      419.7   403.6   148.8   204.9   221.0   351.3   431.5   481.0   520.3   571.9   641.7   794.4  1433.9  3565.3 13568.2  61866.5    61587
read      412.1   517.3   148.8   203.8   219.8   342.3   415.6   461.3   498.0   544.1   610.1   740.9  1447.6  7180.5 20037.3  78020.0    77998
read      440.8   353.9   148.8   213.8   235.0   379.8   457.1   507.2   547.5   602.5   683.0   840.2  1380.3  3011.1  9079.6  97658.0    97625
read      424.8   296.2   160.7   203.8   219.3   365.6   462.2   512.8   548.0   593.2   665.1   829.5  1304.6  2984.3  9642.0  24134.0    23781
read      403.2   279.3   148.8   203.0   218.5   342.6   419.1   466.8   505.0   555.0   625.8   768.2  1323.8  3532.4  6435.2  66783.5    66723
read      397.5   310.3   148.8   201.4   216.4   346.6   432.8   485.3   521.1   561.2   609.7   697.2  1061.6  2822.1 10227.9  31155.0    31016
read      425.1   607.7   148.8   201.9   217.3   346.5   427.8   479.2   520.2   570.3   635.4   782.5  1415.3  7782.5 31333.3  47415.0    47394
read      482.4   579.6   148.8   214.9   237.9   399.5   486.6   546.3   594.4   658.5   751.0   919.6  1661.3  8202.5 26818.6  95318.5    95335
read      376.7   472.9   160.7   224.3   249.2   330.8   360.1   376.9   391.4   406.9   433.0   507.1  1338.6  8023.8 13931.6   5169.5     5252
read      392.0   305.8   148.8   196.9   211.6   337.5   409.0   455.0   492.4   539.7   603.5   722.4  1285.6  3072.6  9738.3  65499.0    65908
read      409.4   459.1   160.7   202.8   217.0   363.8   434.1   468.0   493.7   525.3   572.1   687.4  1101.9  7637.6 11592.8  17067.5    16889
read      398.0   244.7   148.8   198.6   213.4   342.7   425.1   475.1   515.1   563.5   626.1   743.5  1257.2  2129.9  7249.0  42719.5    42912
read      427.7   690.4   148.8   207.8   227.5   367.1   437.8   485.9   524.3   573.5   641.8   774.9  1183.7  5585.6 29018.8  99570.0    99898
read      434.6   510.6   148.8   203.3   218.1   363.1   454.9   504.7   541.8   586.0   649.5   822.8  1382.0  5083.0 28664.8  26501.0    26385
read      428.1   585.4   148.8   201.2   216.0   361.7   449.1   495.0   528.2   568.9   633.7   795.9  1280.5  5727.6 32094.3  22677.0    22616
read      423.9   510.4   148.8   199.6   214.7   353.1   433.4   485.4   526.5   578.4   649.7   796.6  1429.0  6559.9 30322.0  50274.5    50605
read      440.5   475.8   148.8   208.3   227.5   372.7   454.1   505.2   546.5   601.3   681.0   828.4  1287.3  5856.4 16010.2  90199.0    90283
read      482.7   818.0   148.8   203.6   219.1   377.8   471.9   526.3   566.5   619.6   707.0   899.3  1959.0 12861.9 30724.7  26204.0    26273
read      407.8   311.2   148.8   199.1   214.0   351.0   432.1   482.8   522.4   573.1   637.1   761.1  1300.7  3029.5 13397.1  48697.0    48521
read      412.0   531.7   148.8   197.2   211.6   343.2   431.1   482.4   519.2   562.3   617.9   724.8  1213.2  8679.6 24091.8  34030.0    34058
read      404.1   357.4   148.8   200.3   216.1   347.6   422.4   468.7   506.5   553.7   621.5   743.8  1225.3  3234.2 12798.1  75992.0    75648
read      428.3   431.3   148.8   201.0   215.8   372.8   455.5   499.9   533.3   576.3   640.2   777.7  1254.3  7699.0 13012.9  19530.0    19482
read      429.0   360.2   160.7   203.4   218.5   379.8   450.1   492.1   526.4   573.3   641.1   769.4  1236.2  4231.3  9492.6  15019.5    15054
read      439.9   559.5   148.8   203.9   220.6   361.3   441.0   493.1   535.6   588.5   665.5   838.0  1658.2  6015.2 28578.9  75659.0    75754
read      529.2  1633.4   160.7   226.0   251.3   340.7   374.5   397.0   415.0   438.1   484.0   647.6  4960.2 29594.5 37518.8   5200.0     5187
read      438.1   596.1   148.8   203.4   217.5   372.2   450.1   490.7   521.0   558.7   620.7   760.0  1569.6  7711.1 30413.8  17519.5    17656
read      425.9   416.8   148.8   207.4   226.4   366.1   439.1   488.7   529.1   581.7   657.1   793.5  1205.6  4181.0 15568.2  96157.0    96343
read      406.4   395.9   148.8   198.3   212.9   347.8   436.5   488.2   527.0   572.2   628.6   737.0  1177.2  5360.1 12176.4  36592.5    36665
read      415.2   547.6   148.8   203.3   219.5   348.8   422.2   469.2   506.9   556.1   628.5   770.7  1183.5  6794.8 22076.3  85361.0    85269
read      395.0   326.5   148.8   196.5   210.5   339.4   428.1   478.6   516.1   557.0   607.4   701.9  1103.7  3653.9 13887.5  31490.0    31525
read      405.2   413.2   148.8   200.9   215.6   344.8   423.4   472.7   510.8   559.9   625.5   752.6  1261.7  3203.2 12494.5  61605.5    61798
read      448.7   730.4   160.7   206.7   223.8   382.4   446.3   482.6   510.8   549.7   610.1   731.9  1509.6  9078.9 31038.7  12332.5    12253
read      500.8   927.6   148.8   202.7   218.4   381.0   488.2   550.4   600.1   675.8   798.3   966.2  1616.0 12489.0 32490.9  25691.5    25710
read      434.9   462.9   148.8   203.3   220.5   357.4   433.3   484.7   526.7   581.0   664.7   840.7  1726.5  5499.8 13427.8  80045.0    79937
read      445.9   847.6   160.7   214.6   235.7   354.8   398.3   424.0   443.9   471.9   521.2   663.1  2528.9 11906.2 29463.8   7298.5     7271
read      404.6   308.3   148.8   204.8   221.9   352.1   424.6   470.4   508.1   557.2   627.5   749.9  1149.5  2793.0 10201.8  85674.0    85861
read      428.0   326.0   148.8   207.8   226.2   367.8   443.1   493.6   534.5   587.5   666.2   812.4  1373.7  2986.2 11030.9  91198.0    91467
read      423.9   560.8   148.8   201.9   218.0   352.0   426.5   472.0   510.0   559.9   628.5   761.2  1309.2  8151.1 29043.2  72207.5    72217
read      397.8   261.9   148.8   199.9   214.8   347.5   438.3   488.8   524.3   563.9   616.2   716.5  1106.7  2638.7 12392.0  30950.5    31080
read      403.7   309.9   148.8   200.1   215.6   344.8   417.7   463.4   500.5   547.2   618.3   765.1  1391.7  3186.7  8089.3  77065.5    76878
read      407.0   362.3   148.8   203.3   220.1   352.1   424.7   469.0   505.7   553.4   622.3   749.8  1229.3  3323.0 11140.3  84621.5    84584
read      431.8   361.8   160.7   209.0   226.5   383.9   446.9   483.1   512.5   550.7   620.0   757.7  1274.0  5184.5  8735.4  12527.0    12492
read      427.1   616.5   148.8   201.1   216.3   353.5   432.3   481.5   520.5   569.7   636.5   773.6  1330.6  9838.2 30810.8  57004.0    57106
read      449.2   464.8   148.8   214.8   236.6   386.6   463.6   514.5   556.2   611.7   690.6   836.9  1253.0  5145.9 16041.7  96547.5    96245
read      407.7   500.6   160.7   217.3   242.6   355.8   395.1   420.8   441.0   469.6   510.7   590.3  1479.5  8067.0 18505.4   6679.5     6791
read      437.8   635.0   148.8   207.1   225.8   364.3   438.1   487.4   526.6   576.9   649.9   808.0  1273.1 10524.9 31055.1  90370.5    90728
read      426.7   923.9   173.5   225.5   253.5   342.8   379.9   403.0   422.9   447.4   488.0   605.5  2152.3 10800.1 31901.9   5166.5     5151
read      450.1   622.4   148.8   206.8   225.1   371.1   450.5   502.6   543.7   594.4   671.7   822.5  1371.4  8749.3 30191.6  82616.0    82969
read      409.0   281.1   148.8   199.9   215.5   357.5   440.7   492.4   531.7   579.4   640.8   755.2  1183.0  2592.4  8287.4  42723.5    42635
read      421.7   435.2   148.8   206.9   226.8   365.1   432.7   479.6   519.4   570.8   641.1   780.8  1216.5  3581.9 17099.2  99918.5    99337
read      385.2   342.4   148.8   199.9   216.3   341.3   404.3   443.8   474.1   515.4   575.5   691.3  1049.2  3113.3 14603.3  94989.0    95192
read      406.9   679.7   148.8   196.9   211.6   339.1   411.4   455.4   489.8   534.1   596.3   704.2  1134.9 12376.1 30155.6  69411.0    69200
read      391.3   397.3   148.8   196.1   210.2   338.2   413.3   460.5   497.5   543.4   603.1   700.1  1153.8  2655.5 16323.5  49385.5    49459
read      385.5   215.3   148.8   197.6   211.6   341.0   427.1   473.7   506.8   545.2   592.4   677.9  1075.1  2248.3  7391.2  28896.5    29055
read      411.2   424.7   148.8   198.4   213.7   346.8   423.0   468.3   505.3   551.8   622.1   762.6  1471.7  4739.5 15961.4  63843.5    64324
read      420.1   749.4   160.7   219.5   244.5   339.9   374.3   396.7   414.2   436.2   473.7   568.3  2314.9 10835.4 24711.4   5790.0     5705
read      419.2   393.6   148.8   204.1   221.1   358.5   432.4   478.8   516.8   568.3   643.0   792.3  1299.4  4066.9 13240.1  84306.5    84816
read      418.8   576.4   148.8   198.2   212.1   352.6   440.1   485.1   516.4   553.6   612.3   765.0  1283.8  5902.5 35290.1  23541.5    23714
read      400.0   313.6   148.8   198.9   214.2   341.7   414.6   460.0   496.7   542.8   609.7   742.2  1310.7  4085.6 12935.3  74247.5    74116
read      405.0   349.3   160.7   199.2   212.9   358.7   437.5   476.0   505.4   541.7   597.8   749.4  1275.1  3587.2 15067.2  19982.0    19948
read      420.1   539.0   148.8   199.5   214.4   349.6   428.7   478.6   518.4   567.1   632.4   760.8  1364.3  7983.8 29150.5  44324.0    44213
read      432.4   420.6   148.8   198.9   213.4   369.2   453.4   499.9   537.7   591.0   677.2   841.4  1399.3  5539.5 16401.0  19497.5    19454
read      387.0   399.2   160.7   215.1   236.3   347.3   385.2   407.1   425.5   448.9   485.6   560.4  1183.2  7156.7 12498.7   7180.0     7190
read      387.7   221.0   148.8   196.9   211.5   340.1   418.7   466.4   503.9   549.8   609.7   711.5  1091.4  1881.5  7599.8  47365.0    47657
read      399.1   353.0   148.8   198.0   212.7   345.0   425.7   474.8   514.0   560.2   619.2   724.4  1160.0  3962.3  9421.6  44312.5    44399
read      396.2   557.6   160.7   219.4   242.4   342.0   375.7   395.0   408.6   428.0   455.7   521.0  1785.6  8019.7 16728.3   6481.0     6481
read      445.3  1017.1   160.7   220.7   247.0   342.9   384.1   407.1   428.6   458.0   505.5   626.7  2268.0 13171.0 37127.9   5753.0     5807
read      410.5   297.5   148.8   201.6   217.5   350.8   423.8   470.1   509.2   560.9   634.6   789.2  1495.0  2978.1  8670.0  82326.0    83137
read      403.3   419.7   160.7   210.3   228.3   364.1   411.7   436.7   458.5   486.5   532.5   627.2  1214.6  6937.7 19082.0   9656.0     9580
read      423.7   606.6   148.8   198.2   213.1   345.7   430.6   483.0   523.3   570.0   628.5   747.3  1308.7 10106.4 29073.9  37333.5    37385
read      402.7   299.3   148.8   200.4   215.3   348.7   435.5   488.4   526.3   569.7   625.3   736.3  1152.3  1986.1 16326.8  33696.0    33706
read      407.0   274.8   148.8   201.0   216.2   352.3   438.4   490.2   528.1   572.0   628.8   746.6  1210.9  3629.0  8756.8  35257.5    35204
read      419.7   610.9   148.8   198.1   213.1   347.2   427.5   478.9   520.6   569.3   633.4   767.1  1341.0  8048.5 30007.1  50725.5    50438
read      424.8   538.6   148.8   200.7   215.9   354.2   437.1   490.0   531.0   581.2   645.2   783.8  1317.0  8387.5 29694.1  48774.0    48878
read      404.2   327.6   148.8   197.9   212.7   344.3   429.1   483.6   524.6   573.7   635.1   769.4  1226.8  3935.1  9833.2  42763.5    42682
read      406.4   277.7   148.8   202.0   216.4   355.4   448.3   497.7   533.2   572.7   623.5   737.1  1159.8  2376.4 11516.4  27493.0    27416
read      407.3   295.6   148.8   199.8   215.0   348.4   427.3   476.7   515.7   564.6   633.8   771.2  1336.1  3256.5  9528.6  64077.0    64424
read      404.7   464.6   148.8   197.9   212.7   339.3   413.0   458.8   495.7   543.8   612.8   748.7  1345.2  5439.4 17687.0  64181.0    64364
read      420.6   742.8   160.7   223.4   250.2   345.5   383.4   403.8   424.0   449.4   491.1   590.1  2524.9  8558.4 27806.0   5568.5     5481
read      423.6   473.3   148.8   200.7   215.6   355.2   447.6   496.0   531.2   571.8   626.6   773.3  1436.2  5326.1 11933.9  26138.0    26227
read      452.3   315.1   148.8   202.1   218.2   373.9   482.8   543.5   592.9   671.8   798.2   961.8  1377.0  3391.2  7669.1  26695.5    26586
read      490.0   990.5   148.8   208.0   227.1   374.1   443.2   489.7   529.6   583.3   667.3   826.6  1996.3 13554.6 31950.5  86436.0    86286
read      436.9   534.0   148.8   199.0   213.9   363.2   460.6   512.0   549.5   596.3   679.5   837.7  1315.7  6807.9 24967.6  24450.5    24452
read      423.3   387.9   148.8   200.1   215.1   357.2   454.4   507.3   544.9   589.3   659.0   822.8  1404.5  3855.8 12598.2  26660.0    26832
read      401.6   515.4   148.8   197.6   211.9   340.2   430.0   479.1   514.1   552.2   601.6   702.0  1147.7  5508.0 30146.2  29806.0    29795
read      408.4   284.0   148.8   200.8   216.3   354.0   438.0   490.8   531.2   580.6   644.6   769.4  1245.1  1819.0 13291.5  45910.0    46224
read      415.4   315.8   148.8   205.7   223.1   361.6   437.5   486.0   524.9   575.2   645.0   776.3  1231.5  2757.9 12793.9  84460.5    84587
read      436.6   604.3   148.8   202.9   218.0   357.7   437.5   487.0   526.7   579.9   653.1   790.6  1519.6 10541.4 27997.4  63225.5    63389
read      388.0   285.5   148.8   196.0   210.4   336.2   414.9   462.9   502.9   551.6   612.5   710.9  1161.1  2144.4  5291.8  47069.5    46953
read      428.3   276.9   148.8   207.8   226.6   371.2   450.0   501.4   543.4   598.4   676.6   816.7  1272.4  2887.8  8408.0  90549.5    90536
read      450.8   508.1   160.7   206.7   223.9   384.4   450.2   490.1   523.5   569.5   640.8   793.0  1751.0  7926.0 14505.8  12505.5    12508
read      404.7   310.7   148.8   198.4   213.0   348.7   434.5   488.8   530.5   577.6   636.2   751.1  1203.1  3236.0 12257.3  38441.5    38491
read      465.3   504.8   148.8   212.7   235.1   395.0   477.9   536.1   583.3   644.4   732.5   867.9  1283.5  7559.9 16078.0  97911.0    97806
read      410.0   359.7   160.7   202.8   218.9   369.9   428.7   462.8   492.6   532.3   585.4   678.2  1191.9  4018.5 13603.2  11673.5    11813
read      405.2   402.6   148.8   196.8   211.2   343.4   423.9   473.5   512.1   558.2   620.9   740.9  1273.2  5155.5 15475.2  39790.5    39665
read      399.5   406.3   148.8   197.4   211.8   339.9   416.2   462.9   500.3   547.4   614.8   737.7  1295.4  3697.6 12884.7  53742.5    53571
read      421.5   491.3   148.8   200.5   215.6   352.0   431.9   480.0   518.0   567.1   635.0   776.0  1377.4  8364.9 16408.1  63411.5    63215
read      410.4   479.7   148.8   199.6   215.4   346.2   417.9   461.8   497.6   543.1   611.0   743.7  1349.5  7579.0 13863.6  78648.5    78767
read      452.1  1190.0   160.7   208.0   227.1   351.6   394.1   417.9   434.1   458.3   494.9   586.6  2511.4 27115.9 32278.0   8686.0     8615
read      409.0   417.8   148.8   198.7   213.8   346.2   423.2   468.4   504.9   551.2   619.6   737.4  1239.3  7265.0 11837.9  67787.5    67903
read      424.9   654.1   148.8   199.9   214.3   368.6   438.3   473.2   501.5   537.8   592.1   710.9  1238.3 10270.8 31394.4  16413.0    16398
read      420.2   354.6   148.8   200.5   215.5   349.4   430.6   482.2   523.2   576.4   652.8   825.3  1539.0  4054.1  9210.5  53050.0    53434
read      410.2   282.8   148.8   200.9   216.0   355.0   442.7   494.1   533.0   579.5   638.9   765.8  1244.2  2633.2  9852.6  38179.5    38068
read      429.1   734.5   160.7   211.0   230.4   369.2   419.4   449.4   471.1   503.4   549.7   639.1  1499.3 10877.2 36254.3   8978.0     9130
read      408.2   329.4   148.8   200.0   215.2   350.6   427.9   474.9   513.3   563.5   632.0   767.5  1383.5  3316.7  9756.8  69402.5    69227
read      422.3   632.3   148.8   198.6   213.8   344.3   427.9   478.9   518.8   564.6   622.8   732.3  1359.1  8575.9 19699.6  37622.0    37496
read      432.5   427.6   148.8   204.4   222.0   363.6   441.5   491.3   532.7   586.5   669.0   846.2  1479.5  4736.8 14854.5  84148.0    83925
read      412.3   443.8   148.8   199.5   214.6   350.4   430.6   479.1   518.0   567.4   633.1   757.1  1333.3  4861.8 12892.8  50962.0    51037
read      395.9   302.3   148.8   198.7   213.4   344.7   429.1   479.4   516.5   559.0   612.2   707.5  1110.1  2232.1 13057.2  33632.0    33690
read      504.4   717.9   148.8   202.8   219.1   366.9   458.4   518.5   567.3   633.6   750.7  1148.6  3164.1  8386.7 30303.6  51477.0    51474
read      422.2   517.3   148.8   200.0   215.8   351.2   429.3   479.4   521.0   572.5   643.0   781.5  1334.9  8300.1 28301.9  73767.5    73708
read      449.7   373.4   148.8   209.0   229.6   383.8   465.1   516.9   558.6   616.3   715.4   902.9  1389.6  4204.0 12032.4  98467.5    98618
read      408.3   389.6   148.8   201.8   217.5   347.3   416.9   460.8   497.2   544.2   613.2   757.4  1386.2  4294.4 11061.1  82004.0    81977
read      414.9   305.0   148.8   204.5   221.9   357.7   428.6   472.7   509.4   559.5   632.6   787.8  1473.1  2656.9  8539.2  91570.0    91567
read      413.3   346.1   148.8   199.2   214.4   352.0   432.4   482.5   522.1   570.6   635.5   768.7  1365.3  4443.1  7907.8  48024.5    48236
read      461.4   493.1   148.8   210.8   231.8   379.8   460.7   515.2   560.2   618.1   700.9   872.8  1711.6  7360.5 14188.8  91777.5    91726
read      421.3   377.1   148.8   199.4   214.5   351.1   434.5   488.6   530.7   584.3   661.1   834.2  1467.8  3760.8 10867.3  52610.5    52458
read      420.5   418.0   148.8   199.8   215.7   349.4   425.2   472.6   511.1   562.8   636.2   802.5  1665.0  4413.8 12913.1  70242.0    70467
read      388.7   261.5   148.8   196.9   211.8   338.9   409.8   454.9   491.8   539.5   604.9   724.8  1160.5  2462.9  8625.6  71265.0    71151
read      434.3   672.2   148.8   201.0   216.6   355.8   434.9   485.7   526.7   576.1   641.9   781.0  1373.2  9523.7 31413.4  64582.0    65016
read      406.9   280.3   148.8   198.8   213.8   347.6   434.0   486.9   527.8   576.8   639.3   767.0  1251.7  3791.4  9005.7  41936.5    42057
read      396.9   369.5   148.8   199.0   214.4   340.4   409.6   453.2   488.0   533.6   598.6   727.6  1345.4  3918.5 12659.6  79016.5    78821
read      409.7   462.9   148.8   198.7   213.9   346.7   422.4   469.1   507.3   554.8   620.5   733.7  1316.5  7611.8 13664.1  60682.5    60720
read      422.8   602.1   148.8   197.8   213.2   345.9   427.2   476.5   514.2   559.5   619.9   736.9  1289.5  8576.6 30422.1  39901.0    39911
read      391.4   285.6   160.7   206.0   221.8   362.4   410.2   435.9   456.7   481.7   522.4   621.1  1115.8  4011.3  8712.3  10598.5    10628
read      411.5   331.5   148.8   200.5   216.0   352.3   431.0   479.1   518.6   569.0   638.8   774.1  1340.5  3700.1  8553.4  73638.5    73736
read      370.3   382.3   160.7   211.3   231.0   342.3   378.0   398.2   414.4   434.1   466.3   526.7   936.8  4292.3 15972.9   7467.0     7334
read      413.9   299.4   148.8   201.7   218.4   353.0   428.4   475.6   514.5   565.4   639.6   795.5  1433.6  3549.0  8016.6  91099.0    91868
read      409.5   427.6   148.8   198.2   213.6   344.0   418.6   465.1   502.4   549.8   620.2   760.2  1420.7  5561.6 12904.8  76722.0    76670
read      416.8   633.1   160.7   204.2   221.3   359.5   406.6   432.5   453.5   480.2   531.4   641.5  1337.1 11862.8 18870.6  10380.5    10405
read      416.3   549.6   148.8   196.0   210.5   348.0   442.2   489.9   524.8   566.7   627.8   774.1  1228.6  5769.3 28495.9  25887.5    26019
read      396.5   294.2   148.8   195.8   210.4   337.9   415.7   464.0   503.2   550.9   618.7   749.0  1346.7  2270.1 11489.3  55607.5    55530
read      424.9   497.1   148.8   200.3   215.0   356.2   446.7   497.2   534.3   577.8   633.6   754.1  1274.5  8137.1 17174.9  29574.0    29615
read      399.4   277.2   148.8   198.6   213.4   343.7   421.0   468.8   506.8   555.1   622.7   751.7  1289.9  2642.8  9076.3  65933.5    66057
read      396.7   293.1   148.8   196.6   211.5   340.5   417.7   465.7   504.7   553.5   620.5   744.1  1222.8  2926.2 11415.1  55353.0    55281
read      433.9   566.8   148.8   198.4   213.0   364.9   451.6   496.2   530.8   575.8   654.5   819.5  1295.0  7583.7 28453.3  21173.5    21177
read      454.4   725.7   148.8   201.5   218.8   360.8   433.4   481.4   522.4   578.2   664.9   849.3  1919.3  9824.7 31074.9  88086.5    88239
read      418.0   510.5   148.8   199.7   215.1   347.1   422.4   468.9   507.0   557.8   629.3   770.6  1439.2  7815.4 15432.6  70424.5    70227
read      479.0   824.2   160.7   202.5   217.9   375.0   470.8   526.1   567.4   621.6   721.8   904.6  1777.1 12675.1 31499.5  23393.5    23421
read      384.3   301.0   148.8   202.3   218.9   339.5   401.2   439.5   470.6   511.9   571.2   683.0  1071.7  3705.7 11443.5  97381.0    97104
read      380.2   518.8   160.7   219.4   242.9   338.0   370.9   390.4   403.2   424.8   456.3   526.3   989.7  9549.8 12834.3   6277.5     6235
read      421.7   468.6   148.8   199.2   214.4   346.1   424.2   472.0   511.6   562.6   633.6   786.1  1509.6  6102.2 12382.4  57875.0    58045
read      474.5   831.9   148.8   199.9   215.1   369.5   464.5   517.2   556.4   611.3   716.6   897.7  1618.1 12685.5 36006.9  23731.5    23729
read      407.0   360.0   148.8   197.7   212.6   347.1   431.3   483.6   522.8   569.7   632.1   762.3  1266.4  3530.4 10220.1  40866.5    40897
read      401.6   371.5   148.8   196.7   211.6   339.9   418.3   467.1   504.5   550.5   617.1   746.7  1365.4  3944.2  8918.8  53601.5    53312
read      419.4   385.5   148.8   204.2   221.7   359.4   432.3   480.2   519.8   571.6   647.8   800.3  1326.4  4334.9 12628.7  87014.0    87262
read      420.4   473.4   148.8   203.1   219.5   353.7   429.9   478.9   518.5   569.5   637.9   778.3  1410.4  6672.9 20807.3  82150.0    81836
read      426.3   487.0   148.8   205.5   223.6   365.3   440.2   488.7   528.7   581.7   655.8   791.4  1180.4  5502.3 15017.9  92175.5    92274
read      418.1   496.9   148.8   199.6   214.3   351.9   432.7   482.4   522.4   572.0   636.6   766.1  1348.2  6116.2 30233.3  47545.5    47252
read      399.6   381.0   148.8   198.1   213.5   343.5   416.2   461.3   497.3   543.9   613.0   739.4  1181.4  4749.0 12614.1  76001.0    75747
read      404.5   403.6   148.8   199.9   216.1   348.9   423.2   468.4   504.8   550.1   619.6   748.5  1181.2  4572.7 16006.3  81275.0    80994
read      436.0   617.2   148.8   204.0   221.9   361.7   433.5   482.2   523.8   579.6   662.3   808.3  1300.8  8420.2 28673.4  97925.0    98224
read      400.3   472.0   148.8   215.2   235.9   354.8   396.5   423.6   444.5   470.3   515.7   605.2  1184.0  8893.2 15895.1   7780.5     7737
read      398.5   331.3   148.8   196.7   211.1   336.7   425.0   478.0   518.4   563.3   620.6   733.3  1154.4  4212.7 12238.3  37703.0    37514
read      414.7   547.2   160.7   209.1   226.5   367.1   417.4   443.7   464.7   492.7   537.0   633.0  1686.4  5242.3 20061.3  10724.0    10640
read      449.2   591.8   148.8   209.0   228.2   372.2   450.0   499.9   540.5   591.6   668.9   815.1  1417.4  7401.0 28094.6  90286.5    90490
read      423.1   366.1   148.8   209.0   227.9   366.1   438.8   485.8   524.1   574.3   642.7   787.1  1255.1  4306.9  8897.1  92722.0    92514
read      394.6   411.4   148.8   199.1   215.2   340.9   408.5   450.1   482.4   524.9   586.3   703.4  1174.4  4377.1 11602.6  89024.0    89245
read      392.6   286.6   148.8   198.4   213.7   341.4   415.5   460.0   495.4   539.8   603.3   719.0  1171.3  2942.0  9334.0  74029.5    73823
read      404.6   385.3   148.8   198.0   212.9   344.2   426.4   475.3   515.3   563.1   626.2   741.5  1311.6  4219.3 10617.9  46653.5    46565
read      453.4   714.5   148.8   201.6   216.7   374.1   463.8   513.5   548.7   594.8   677.6   848.3  1398.4  8183.8 34470.5  21260.0    21419
read      404.7   305.2   148.8   200.7   216.3   346.6   424.7   471.1   509.3   559.2   627.9   769.0  1335.0  2595.4  9102.0  66700.5    66915
read      409.6   485.2   148.8   196.2   210.7   344.2   432.1   483.8   520.2   562.0   616.3   721.9  1196.5  7716.2 14648.5  31866.0    31667
read      383.0   286.4   148.8   195.4   210.1   331.1   398.9   442.2   478.2   525.7   590.5   723.2  1198.9  2246.9  7988.2  72513.5    72255
read      522.7  1051.9   148.8   214.7   238.7   396.6   468.4   521.2   566.8   631.4   732.8   907.0  1809.2 12868.4 32336.5  99351.0    99535
read      459.1  1033.1   160.7   208.4   226.9   364.6   414.7   444.8   470.1   505.4   557.2   657.8  1973.2 13326.0 31510.9   9206.0     9226
read      417.7   501.8   148.8   197.3   212.6   344.3   420.5   468.6   506.7   556.1   627.4   765.3  1543.1  8137.5 17802.4  67539.5    67844
read      425.3   450.7   148.8   202.3   217.7   355.4   434.6   484.1   523.3   572.8   645.2   795.8  1607.8  3988.1 16110.9  71153.0    71413
read      414.0   510.8   148.8   201.2   218.4   347.8   419.1   466.5   505.5   555.5   626.2   755.4  1207.2  6823.5 17246.0  97523.0    97328
read      417.2   613.5   148.8   196.3   211.0   342.4   421.3   468.9   507.6   556.5   621.5   736.2  1344.5 10094.5 29016.1  54631.0    55113
read      391.8   277.9   148.8   196.0   210.3   337.0   412.6   461.5   499.7   547.6   611.6   729.6  1288.8  2334.8  9396.5  54139.0    53743
read      413.5   474.4   148.8   200.9   215.1   376.0   442.4   477.9   505.7   545.2   609.8   723.7  1083.4  3931.1 23860.2  15130.0    15253
read      405.6   374.3   148.8   202.8   219.8   349.7   420.5   464.8   501.0   548.2   618.5   744.4  1236.7  4238.8 12407.6  90624.0    90605
read      431.7   693.6   148.8   202.1   216.5   356.9   447.4   497.1   531.3   571.4   627.1   757.6  1281.8  8844.7 29342.9  25768.0    25767
read      423.9   590.2   148.8   203.2   220.7   354.6   423.2   467.8   505.8   555.1   627.7   763.0  1308.2  7944.5 28864.2  93035.5    93458
read      465.3   669.8   148.8   206.7   225.9   371.5   446.5   496.4   537.0   590.2   676.6   865.2  1889.7  9016.8 27903.6  94913.5    95080
read      481.2   799.2   148.8   207.2   226.9   377.7   456.6   509.4   553.7   614.2   701.6   891.9  1989.5  9571.9 31883.7  88293.5    88399
read      557.9   567.2   148.8   225.2   255.6   463.6   584.2   657.0   718.2   807.4   934.1  1131.0  1680.6  6990.8 25541.3  95725.5    95681
read      398.3   442.8   148.8   196.7   210.9   341.3   426.8   475.9   511.9   552.8   604.9   696.8  1070.9  7045.1 14369.3  33117.0    33003
read      501.3   565.5   148.8   228.0   257.7   426.3   518.7   579.0   626.2   684.6   766.0   910.4  1457.3  6028.0 28004.6  98382.5    98809
read      391.3   355.2   148.8   196.1   210.5   335.1   406.8   452.0   487.4   533.2   594.6   718.9  1270.4  3668.4 15141.3  64367.0    64610
read      400.6   284.1   148.8   198.8   213.5   346.0   425.0   472.8   509.7   559.6   626.5   745.2  1280.3  2307.2 11683.4  51224.5    51183
read      421.9   402.6   148.8   195.9   209.5   362.5   448.5   490.1   521.3   563.4   637.5   823.0  1403.4  5630.8  9483.5  20214.5    20194
read      440.5   894.2   160.7   210.2   230.9   352.9   396.5   423.1   444.1   473.4   520.6   616.6  2408.1 11051.6 36863.9   7632.0     7602
read      410.2   456.8   148.8   197.3   211.8   349.3   432.5   483.3   523.5   572.7   637.1   755.5  1253.5  5854.8 13859.8  46296.5    46677
read      387.8   557.4   160.7   216.8   241.2   333.1   365.7   386.0   401.1   423.0   455.8   534.3  1487.0  8044.6 16839.3   5627.5     5577
read      423.8   333.9   160.7   198.2   212.5   363.3   454.7   502.1   538.2   583.2   656.2   833.9  1320.6  4067.5 12071.0  22661.5    23035
read      418.9   344.6   148.8   200.0   215.3   351.5   434.1   483.2   522.9   575.7   651.0   813.9  1510.4  3738.0 10478.5  57629.5    57516
read      413.9   637.2   148.8   198.4   213.3   346.6   423.8   468.7   505.1   550.5   619.3   740.4  1304.7  4998.1 35523.6  62878.5    62851
read      456.7   715.2   148.8   199.2   214.1   357.4   446.5   500.3   542.6   594.1   669.0   822.6  2195.6  8219.7 31529.9  38572.0    38431
read      526.9   912.3   160.7   202.0   217.2   379.7   487.4   551.6   605.9   686.8   841.7  1114.0  3009.3 12224.2 36124.5  25789.0    25729
read      402.1   318.7   160.7   199.4   213.6   359.3   439.5   477.3   504.0   537.9   588.0   707.5  1181.9  3887.7 12470.0  19319.0    19443
read      441.9   679.8   160.7   204.3   219.5   371.2   453.6   495.6   526.0   562.0   617.4   772.5  1397.1  9941.7 25935.6  19434.5    19461
read      436.2   582.0   148.8   198.8   214.1   351.0   436.4   492.6   535.7   588.8   666.8   833.8  1494.6  9649.4 26799.1  42627.0    42341
read      448.2  1167.1   173.5   220.9   246.3   342.7   379.4   403.0   421.7   444.2   485.9   589.9  2535.9 19779.7 36867.0   5707.5     5691
read      420.7   496.6   148.8   199.1   214.0   349.3   435.5   489.6   530.5   581.2   649.9   794.5  1386.8  5721.4 20422.6  40241.0    40223
read      429.4   618.7   148.8   199.9   214.8   351.5   443.9   496.7   535.2   581.5   642.8   794.2  1273.1  9775.2 33168.3  30049.0    29941
read      450.0   867.8   148.8   198.1   212.9   346.0   430.5   481.1   520.7   570.9   640.6   821.0  1795.5 15408.8 31986.1  41218.0    41162
read      428.8   400.7   160.7   201.8   216.8   358.1   444.8   497.8   539.5   591.9   665.9   812.2  1463.6  5878.6  8123.2  43970.5    43863
read      422.1   543.0   148.8   200.2   213.9   361.6   443.1   482.2   509.4   542.6   587.3   693.5  1443.2  7928.3 21701.1  20297.5    20318
read      685.9   920.2   148.8   250.2   286.3   474.4   591.9   680.6   759.0   907.6  1487.6  1743.6  2918.4 12054.9 31690.3  93847.5    93421
read      396.2   329.9   148.8   196.5   211.1   338.5   412.4   459.4   497.2   544.0   608.3   724.2  1315.5  4064.9 12132.5  48654.5    48578
read      418.2   386.5   148.8   200.1   215.2   357.3   440.7   491.7   533.3   584.6   648.2   771.0  1319.5  6004.2  9466.3  40774.0    40595
read      435.7   578.9   148.8   200.8   215.4   372.5   447.7   487.1   516.1   553.0   614.8   758.9  1399.2  8518.7 15585.3  17841.5    17677
read      409.6   428.3   148.8   201.1   217.0   350.7   424.7   470.7   509.7   559.5   629.3   758.8  1232.2  4039.2 18299.2  78433.5    78948
read      417.6   537.9   160.7   208.2   225.8   363.7   412.1   440.1   464.2   497.9   546.8   644.9  1326.1  6850.3 26559.1   9623.5     9703
read      420.5   701.5   160.7   209.0   226.9   361.4   407.6   431.9   452.2   477.7   524.4   631.9  1684.7  8967.4 36585.9   9611.0     9686
read      531.8  1589.0   160.7   215.7   237.3   360.7   406.0   434.7   460.7   496.0   551.3   702.0  4459.7 29890.1 40024.0   7802.5     7968
read      467.5  1134.1   160.7   204.6   220.5   375.4   443.3   476.2   499.2   527.0   566.5   659.8  2013.7 14583.5 41645.8  15883.5    15830
read      552.9  1464.7   160.7   213.8   233.6   360.9   405.6   432.5   456.5   490.6   546.8   903.2  4419.1 29278.2 39314.5   8188.0     8192
read      405.6   366.3   148.8   199.5   215.6   345.4   415.6   461.1   497.1   542.8   610.3   744.2  1456.9  4093.8  7974.7  79091.0    79410
read      416.6   438.6   148.8   202.9   219.2   353.6   430.1   476.5   513.7   563.4   633.0   770.5  1351.0  5125.4 13519.7  76620.5    76582
read      414.8   357.7   148.8   201.4   216.2   347.2   428.0   480.0   521.0   572.4   641.6   793.2  1526.5  3136.8 11227.6  54773.5    54634
read      400.6   331.3   148.8   201.9   217.0   344.9   422.4   468.6   504.5   548.6   613.4   734.4  1166.8  4072.4 12780.4  71980.0    72177
read      500.7  1035.3   160.7   207.6   224.4   393.9   468.6   514.4   549.7   601.1   693.8   849.3  1779.7 17181.5 31904.0  15148.5    15101
read      491.3  1158.0   160.7   216.0   237.6   371.8   423.1   455.2   480.4   514.7   571.5   733.2  2881.9 15973.5 35660.1   8100.0     8167
read      419.8   409.9   148.8   201.3   216.6   361.8   443.6   495.0   535.2   582.4   642.8   749.5  1257.7  5067.7  9425.7  43973.0    44130
read      415.8   354.9   148.8   198.2   213.0   349.9   430.6   481.3   521.2   570.0   638.6   788.2  1452.3  3856.9  9765.5  52838.0    53047
read      436.3   358.4   148.8   211.4   232.7   380.7   456.6   506.4   547.1   599.1   676.3   813.8  1212.1  4408.0 14280.0  97376.0    97171
read      412.6   397.5   148.8   202.7   218.5   353.4   427.7   473.7   511.2   561.1   631.5   763.1  1308.3  4316.3 16877.4  81350.5    81360
read      430.4   642.8   148.8   199.8   216.0   348.9   424.2   470.7   509.2   559.4   630.7   782.2  1564.7  9326.0 30962.5  76859.5    77277
read      420.1   510.2   148.8   198.7   213.7   348.7   432.2   486.3   529.1   579.3   640.6   776.2  1387.9  6204.9 29181.0  38374.0    38294
read      452.9   930.5   160.7   208.1   225.1   373.5   428.3   459.0   482.5   511.5   561.4   673.4  2212.9  9755.9 35846.6  11154.5    11165
read      539.9  1364.0   148.8   207.0   224.8   380.6   463.1   511.0   548.5   597.6   677.5   866.8  2835.9 17308.5 36811.6  74030.0    74155
read      438.7   667.9   160.7   206.6   223.2   373.8   434.1   467.7   496.0   535.8   591.4   717.3  1385.3 11928.7 28503.8  12223.0    12255
read      437.0   602.2   148.8   200.4   215.9   351.5   434.0   486.9   528.8   581.6   658.1   830.7  1582.7  7640.7 31316.7  52555.5    52404
read      437.5   648.2   160.7   203.0   217.6   375.1   453.0   492.8   521.8   559.0   620.5   776.2  1473.5  7954.0 32025.2  17071.5    17057
read      382.8   464.7   160.7   220.9   246.0   340.9   374.3   395.9   411.8   432.1   465.7   543.9  1371.7  6794.5 18646.5   6177.5     6005
read      425.2   494.8   148.8   206.5   224.1   361.3   436.8   485.6   523.6   572.4   640.1   783.7  1340.7  4893.6 17474.6  85463.0    85707
read      412.1   576.7   148.8   203.1   219.1   348.9   421.6   465.9   501.2   544.9   608.2   720.8  1120.9  8292.3 30630.3  79653.0    79742
read      405.6   274.8   148.8   199.9   215.2   348.0   425.8   474.1   513.2   563.7   630.7   769.0  1363.9  2624.1  8713.7  58530.0    58322
read      418.3   475.4   148.8   201.1   215.2   352.2   443.2   492.9   527.9   568.5   622.2   741.0  1206.7  4890.9 17904.7  26448.0    26212
read      393.0   291.1   148.8   199.4   214.4   341.1   414.7   460.1   496.5   542.2   608.6   730.7  1199.8  2292.2 12227.7  69384.0    69487
read      391.6   254.8   148.8   198.1   212.2   344.7   432.8   483.0   517.7   558.2   608.0   692.8  1028.1  2591.0  8812.9  29518.5    29507
read      416.3   643.3   148.8   198.7   213.5   347.0   424.9   470.8   508.0   556.7   624.1   754.5  1337.8  7647.5 39338.1  51523.5    51412
read      407.2   457.9   148.8   198.5   213.6   343.9   419.3   465.0   502.3   549.0   616.5   739.0  1278.0  7504.2 12889.2  67246.0    67374
read      408.4   414.8   148.8   199.5   214.4   347.8   425.2   473.0   510.7   559.4   626.5   747.2  1283.1  6947.8 11886.5  55409.5    55125
read      394.1   291.7   148.8   197.8   212.7   343.1   419.0   466.0   503.1   548.8   611.5   719.0  1169.3  2334.5  9387.2  53023.5    53048
read      439.0   535.8   160.7   205.2   221.0   382.5   447.8   488.7   522.0   565.2   625.1   747.2  1433.4  8062.7 18359.7  12197.5    12192
read      434.0   558.5   148.8   200.2   215.3   357.8   442.1   493.6   533.9   585.1   653.5   797.3  1459.7  6744.5 18848.1  35921.0    36138
read      414.8   460.0   148.8   200.6   216.3   353.8   434.4   481.7   519.1   568.0   636.5   761.6  1358.0  2633.9 18775.4  60849.5    60799
read      402.7   303.5   148.8   196.9   211.5   348.2   431.3   484.0   524.0   569.5   629.8   740.3  1179.4  4149.6  8075.2  36592.0    36368
read      426.3   531.9   148.8   197.8   212.8   346.7   433.9   488.6   531.0   583.2   652.6   799.9  1454.1  7426.6 30396.5  39742.0    39729
read      461.4   355.8   148.8   216.2   239.2   399.5   483.9   538.3   581.0   635.9   717.7   865.7  1385.9  3981.4 13152.5  95838.0    95693
read      425.9   621.1   148.8   197.5   212.3   347.8   430.2   481.7   523.9   574.5   638.6   773.6  1355.3  8121.2 30869.3  41214.5    40999
read      400.9   351.9   148.8   197.4   212.2   342.0   419.1   465.8   503.9   551.6   618.9   735.9  1302.3  4023.1 13602.5  65063.0    65037
read      434.9   526.9   160.7   202.3   219.2   378.8   448.4   488.0   521.7   568.0   635.8   764.9  1235.6  6355.2 19672.0  12713.0    12633
read      484.3   851.9   148.8   200.0   215.7   359.8   443.9   498.0   539.7   595.0   686.9   985.5  2663.8 12509.0 36072.0  49902.0    50117
read      392.4   305.1   148.8   198.0   212.8   343.0   417.2   461.6   496.8   541.3   602.6   708.5  1236.6  2506.9  8543.3  62755.5    62765
read      396.2   597.0   148.8   203.7   219.3   361.0   412.1   436.4   455.0   474.6   501.8   547.0  1105.2  7713.9 29008.9  12438.0    12379
read      383.4   290.2   148.8   197.1   211.6   340.6   413.3   457.8   492.0   533.7   586.5   671.1   996.6  2792.8  8210.7  49451.0    49369
read      407.5   650.3   148.8   196.3   211.2   341.2   417.2   463.5   499.4   541.7   594.2   681.4  1193.9  8617.4 31538.6  39319.0    39111
read      395.5   358.3   148.8   198.3   213.0   344.6   421.9   468.3   505.0   549.6   608.4   702.5  1133.7  3639.5 12107.8  52668.0    52692
read      391.2   251.3   148.8   203.1   218.0   355.2   439.3   483.6   514.1   548.7   588.9   655.8   913.3  1879.4  9541.2  24686.0    24539
read      381.6   261.0   148.8   196.5   211.0   335.9   406.4   451.1   485.8   528.6   583.2   668.6  1113.3  3238.6  8610.3  61475.0    61591
read      380.9   257.3   148.8   196.5   211.4   340.8   412.8   458.0   493.7   537.1   590.3   672.9   958.1  1744.5 12825.4  47835.5    47864
read      388.8   301.1   160.7   202.5   216.8   363.4   431.0   463.7   486.4   510.9   543.9   597.3   923.7  3955.3 12281.6  16629.0    16479
read      418.4   591.8   148.8   200.4   216.4   349.8   423.2   467.4   501.7   544.1   602.8   708.8  1632.7  5658.5 30908.5  75238.0    75268
read      366.2   378.4   160.7   208.1   225.4   348.4   385.5   404.1   418.7   433.5   457.2   500.5   718.2  5078.1 15345.8   8835.0     8714
read      364.9   299.6   160.7   200.7   214.4   353.4   403.4   427.6   444.0   462.6   487.2   528.3   709.5  4242.2 11440.2  12929.0    13002
read      398.6   423.3   148.8   200.0   215.6   347.7   421.3   465.8   501.3   545.0   604.1   699.5  1094.4  3535.2 16361.6  77191.0    77147
read      393.6   229.4   148.8   199.4   214.4   353.3   431.5   479.0   513.9   557.3   613.4   701.6  1011.6  1872.9  7048.0  43747.0    43518
read      380.5   211.8   148.8   198.9   213.1   341.9   428.4   473.4   503.8   537.8   579.5   641.0   896.8  1961.1  7656.5  27008.0    27206
read      420.1   530.4   148.8   198.9   213.8   349.1   427.4   476.2   513.8   560.3   623.7   735.7  1564.0  7672.0 25706.1  55884.0    55859
read      419.6   452.6   148.8   199.8   215.1   355.4   438.7   488.9   527.7   575.6   639.3   758.8  1315.4  5566.7 24503.6  37192.0    37448
read      403.2   278.4   148.8   200.4   215.7   358.0   435.2   482.1   518.6   563.0   622.8   721.2  1157.2  2745.0  8777.9  45190.5    45026
read      402.4   322.8   148.8   205.7   224.0   358.8   426.3   469.2   504.0   548.3   611.3   715.4  1016.8  2316.0 12430.6 100358.5    99974
read      396.6   457.6   148.8   197.8   213.1   341.4   412.7   456.5   491.1   535.6   594.8   693.1  1118.8  4328.6 13549.8  64660.5    64632
read      413.8   530.8   148.8   200.1   215.9   354.1   430.7   479.8   517.5   563.4   624.3   733.5  1163.6  6592.9 24195.1  49245.0    49061
read      442.5   629.0   148.8   201.6   218.7   351.2   423.1   467.9   504.0   549.3   617.8   786.8  2037.8  7251.7 30078.6  80408.0    80418
read      398.3   601.1   160.7   204.5   218.9   358.4   426.0   457.4   478.5   502.9   534.0   584.5   925.6  7065.1 31595.6  16563.5    16471
read      393.6   258.3   148.8   198.7   214.1   351.1   433.1   483.4   519.5   562.1   613.8   690.2   981.4  1929.8  7321.4  35773.5    35694
read      378.3   397.8   148.8   203.4   217.8   359.5   414.7   441.7   460.5   482.1   508.0   556.5   780.3  4741.4 19127.7  14011.0    13935
read      381.0   376.4   148.8   197.8   212.8   335.8   403.4   445.2   477.7   519.3   574.7   657.9   893.6  4066.1 14825.4  79664.0    79838
read      392.3   357.8   148.8   198.0   213.6   349.3   424.0   470.5   506.3   548.6   602.0   679.6   887.3  3684.2  9901.6  48878.5    48842
read      375.1   268.6   148.8   201.0   214.8   358.7   427.1   459.3   481.0   504.7   535.7   582.1   734.0  3823.6  8424.3  17810.5    17708
read      393.2   489.1   148.8   197.7   212.8   342.7   424.1   472.3   505.3   543.0   589.4   657.8   915.3  4633.8 17273.1  31147.5    31401
read      389.5   378.0   148.8   197.4   212.5   341.5   411.5   454.5   488.2   531.0   587.5   681.4  1107.6  3946.4 12350.3  61822.0    62091
read      388.4   241.9   148.8   202.5   218.4   345.5   414.7   456.9   489.9   532.1   587.9   679.7  1078.0  2634.6 10103.7  86965.5    87121
read      379.4   359.3   148.8   197.6   212.9   332.2   397.3   436.4   468.1   507.5   562.3   649.4  1139.1  3642.2 13044.4  81890.0    81929
read      392.6   315.8   148.8   197.4   212.5   344.3   422.7   470.7   508.4   551.6   605.6   691.9  1026.9  3840.1  6414.4  41953.5    42013
read      394.5   359.9   148.8   205.3   222.3   353.0   420.0   461.6   495.3   537.2   591.4   679.5   933.8  2849.0 15799.7  90757.0    90709
read      387.4   354.3   148.8   198.4   213.4   339.5   410.5   454.2   487.7   530.1   585.5   674.4  1029.3  3952.4 12295.1  67709.0    67578
read      380.2   242.5   148.8   197.6   212.4   338.6   412.1   456.6   490.7   532.6   586.2   670.0   913.2  2123.7  9977.0  58169.5    58116
read      399.8   433.4   148.8   200.1   215.5   349.1   423.2   466.9   501.7   544.7   601.3   690.2   965.1  6776.4 14113.2  69264.5    68886
read      386.9   240.1   148.8   203.9   220.8   348.4   412.3   451.6   482.6   523.1   579.4   675.9  1035.3  2176.8  8180.5  93094.0    93119
read      420.2   446.4   148.8   206.8   225.5   364.8   435.6   481.0   517.5   564.5   628.3   742.3  1257.9  5966.1 15241.6  94871.5    95079
read      390.6   403.7   148.8   198.2   213.1   342.5   413.8   457.1   490.6   533.4   591.2   685.0  1004.1  4414.8 13823.5  77154.0    77456
read      377.6   354.3   148.8   201.5   215.3   359.4   420.2   449.4   468.1   491.3   519.2   564.6   737.6  6130.2 11454.9  15691.5    15723
read      373.1   473.1   148.8   207.4   224.1   353.1   394.7   416.0   430.8   449.8   471.8   520.5   728.2  5178.3 15093.9   9880.0     9867
read      388.2   630.2   160.7   211.2   229.3   346.7   380.7   398.2   411.4   427.6   450.1   492.8  1153.0  8096.2 33491.4   8141.5     8176
read      384.7   313.1   148.8   203.0   219.4   344.9   410.2   449.5   480.1   520.5   576.8   671.0   930.0  2722.9 11706.9  89133.0    89745
read      395.8   629.7   160.7   208.8   225.7   360.3   406.1   429.2   445.6   464.5   490.6   537.9   837.5  7682.8 29287.0  11135.5    11058
read      388.8   375.9   148.8   202.7   217.6   341.6   412.9   455.5   488.0   528.8   583.3   675.4  1064.1  2844.9 13471.7  81171.0    81413
read      392.5   378.5   160.7   201.8   216.1   351.9   434.8   472.9   499.0   528.3   563.7   619.2   946.6  4563.8 12296.0  21478.5    21659
read      389.3   430.3   148.8   199.3   213.8   342.5   432.6   479.0   509.6   543.0   583.1   639.6   890.8  3486.6 12260.6  27120.5    27181
read      385.2   217.3   160.7   204.6   219.7   364.3   437.9   472.3   495.4   520.8   549.8   599.3   821.7  3244.5  7767.4  17333.0    17420
read      396.3   429.2   148.8   198.6   212.4   351.1   436.9   477.8   505.7   537.0   576.3   635.7   975.2  6071.0 12623.2  23059.0    23028
read      394.8   409.6   148.8   198.6   213.7   347.4   431.5   480.1   515.0   554.9   601.8   675.2   932.8  3670.6 12815.2  33678.0    33694
read      378.3   253.3   148.8   195.6   209.4   332.8   417.1   465.3   500.4   539.5   584.7   654.9   981.0  1824.4 12170.8  32787.0    32735
read      387.9   323.2   148.8   197.4   212.1   342.0   416.5   461.1   495.5   538.2   593.8   684.9  1050.8  2317.4 10230.7  57644.5    57645
read      403.8   518.4   148.8   198.8   214.0   352.0   429.3   475.4   510.5   553.9   611.1   699.6  1003.6  4939.8 30087.5  45247.0    45216
read      390.9   265.0   148.8   198.4   213.6   344.7   419.6   465.2   501.7   546.9   605.1   702.3  1125.2  2353.2  6841.0  57650.0    57659
read      378.0   326.2   148.8   198.6   214.0   338.9   404.8   444.6   474.0   513.2   567.5   653.0   903.4  2644.2 15825.8  85562.0    85443
read      393.2   440.0   148.8   207.4   223.5   367.2   423.2   451.0   468.7   491.7   519.6   569.1   861.5  7093.6 19875.4  14086.0    14390
read      399.1   564.1   148.8   199.9   215.1   343.8   426.2   473.8   509.7   547.7   591.1   658.5   905.2  8042.9 31144.6  31496.0    31520
read      385.4   304.9   148.8   197.5   212.3   339.2   411.3   455.2   489.7   532.8   589.6   679.5  1082.1  2548.3 12749.0  67029.0    67089
read      379.1   292.6   148.8   197.7   211.2   360.1   427.9   460.7   483.3   507.9   539.9   588.6   799.4  3944.1 12283.0  16614.0    16537
read      383.0   221.9   160.7   199.6   213.2   365.4   439.4   474.9   500.3   528.7   562.5   615.6   801.6  2392.3  7654.2  19022.0    18930
read      397.4   259.4   148.8   201.6   216.0   349.1   429.5   478.2   516.1   561.9   619.9   710.1  1088.6  3251.0  8710.8  46832.0    46784
read      391.6   330.6   148.8   205.8   222.9   349.4   417.1   457.4   489.0   529.3   584.9   680.7   950.0  2568.1 11600.8  93422.5    93102
read      390.8   374.1   148.8   203.1   219.2   342.5   411.8   453.7   486.6   527.9   584.4   684.2  1009.9  3308.9 13150.2  89328.0    89799
read      395.9   455.3   148.8   202.1   217.2   342.2   419.4   464.6   499.3   541.5   595.7   685.6  1009.9  4726.7 18854.3  66754.5    66551
read      381.5   358.9   148.8   203.1   219.4   342.2   407.8   447.9   477.9   517.1   571.4   656.5   907.0  2002.0 16329.2  92733.0    93104
read      393.2   446.7   148.8   198.0   212.6   337.9   416.4   463.6   500.8   544.8   598.0   681.9  1036.3  6082.1 13546.5  43896.0    43768
read      379.5   246.9   148.8   200.0   214.3   335.5   408.1   453.3   487.5   531.1   587.4   671.8   956.4  1979.7  8123.4  53932.5    54006
read      392.5   335.5   148.8   202.0   217.0   343.6   419.6   464.1   498.2   540.6   596.3   688.3  1038.9  4156.6  8820.9  64564.5    64618
read      402.6   401.1   148.8   203.7   219.8   347.9   418.6   460.7   493.7   535.9   596.3   702.6  1314.1  5680.2 10111.8  86505.5    86482
read      379.8   284.0   148.8   198.6   213.4   336.8   404.9   446.1   477.1   516.2   570.1   660.2  1036.1  2887.0 12483.3  77340.5    77459
read      384.7   277.3   148.8   199.9   214.3   341.7   413.9   456.7   490.2   532.5   588.0   673.8   952.7  3397.5  8762.5  61491.5    61365
read      372.0   228.1   148.8   197.3   211.5   333.9   402.5   445.2   479.0   522.8   578.8   652.9   848.0  1842.5  8128.2  52442.5    52346
read      378.1   342.3   148.8   201.5   216.5   337.0   402.5   442.1   471.6   509.9   562.9   640.8   896.0  3088.2 12786.3  86916.0    87286
read      380.7   334.9   160.7   197.9   211.6   356.1   425.0   456.9   478.6   503.7   536.3   587.4   811.9  5753.9 10995.0  17385.0    17384
read      376.5   316.5   148.8   202.8   218.7   335.9   397.4   434.2   462.9   499.6   550.2   645.0   971.6  3454.3  8837.8  97634.5    98165
read      362.0   209.6   148.8   197.5   212.0   332.6   398.9   437.4   466.4   501.1   544.2   607.4   767.2  1774.3  9257.9  63377.0    63330
read      373.5   443.4   148.8   223.0   249.2   340.5   369.3   386.1   397.7   412.0   430.3   467.0  1130.1  6307.2 19587.5   5982.5     5866
read      365.0   247.8   148.8   196.0   210.4   331.0   406.7   451.2   481.0   513.8   551.0   608.7   753.7  1356.0 10154.5  37592.5    37693
read      360.7   189.7   148.8   197.1   211.5   329.7   398.2   437.4   466.1   500.5   543.5   611.8   779.6  1392.1  8132.3  75228.0    75360
read      366.1   184.3   148.8   196.9   211.2   333.8   415.5   458.6   487.7   520.0   557.8   614.4   750.4  1217.7  5698.5  34614.0    34753
read      358.9   213.2   148.8   195.2   209.7   330.2   397.4   435.4   464.3   498.7   541.6   604.1   744.3  1207.8 11084.8  59738.0    59823
read      362.6   184.1   148.8   196.0   210.5   333.1   401.3   440.8   469.7   504.5   547.4   615.8   778.8  1672.7  6915.6  68017.0    68266
read      370.4   239.5   148.8   197.5   211.8   331.5   410.4   458.1   491.8   528.8   570.0   625.8   768.2  2391.4 12928.6  39505.0    39383
read      363.9   191.4   148.8   198.4   212.9   332.5   402.1   443.0   472.6   508.3   551.5   616.1   770.1  1504.1  7121.4  64862.0    65072
read      365.5   235.0   148.8   195.8   209.7   327.1   413.7   460.7   491.4   523.7   559.3   607.7   718.0  1921.5  8642.2  33411.5    33192
read      367.4   317.6   148.8   197.9   212.2   330.3   402.1   445.8   478.5   516.4   560.5   621.1   768.9  1819.3 11755.8  51886.0    51847
read      358.5   195.8   148.8   198.4   212.6   328.8   394.8   433.9   463.8   499.5   542.7   604.3   735.8  1263.5  8220.4  62506.0    62362
read      355.5   179.5   148.8   197.3   212.1   326.4   390.8   428.3   455.7   488.9   533.6   602.0   757.3  1178.2  7727.4  84152.0    84073
read      360.0   192.4   148.8   197.3   211.6   331.2   398.7   436.7   465.1   499.6   542.7   610.1   773.3  1170.0  9511.9  64272.5    64213
read      367.0   215.4   148.8   196.9   211.0   337.0   420.7   460.1   485.6   512.4   544.0   592.5   745.2  1742.8  8395.3  27133.0    27059
read      361.4   190.3   148.8   196.9   211.4   332.5   400.8   440.9   469.9   504.8   547.1   609.2   745.5  1284.7  7856.7  54369.5    54703
read      360.9   212.0   148.8   202.2   217.6   332.4   390.8   424.9   450.9   482.9   527.4   599.5   781.5  1914.0  7575.1  98069.0    98366
read      366.3   200.5   148.8   196.2   210.8   330.7   419.0   462.7   490.8   520.8   554.1   601.6   734.7  1764.5  8424.3  29673.0    29565
read      358.2   174.5   148.8   198.8   212.9   328.1   394.7   434.0   463.2   498.0   541.8   607.9   748.8  1489.9  5652.2  74906.0    75000
read      374.2   203.9   148.8   201.0   215.2   338.9   410.5   453.6   485.3   523.3   570.9   638.7   848.1  1862.8  7931.4  62063.0    62235
read      373.0   260.1   148.8   198.7   213.5   333.8   408.4   453.4   486.6   524.8   569.2   630.3   796.9  2796.9 10723.3  47800.0    47788
read      361.1   245.7   148.8   197.5   211.9   328.3   395.6   434.5   464.2   499.4   543.2   609.0   753.6  2000.8 11127.8  68767.5    68928
read      371.3   220.4   148.8   197.1   211.6   335.8   416.1   461.8   493.1   526.5   565.1   622.1   795.6  1937.9  6922.1  36623.0    36478
read      359.1   204.8   148.8   198.5   212.7   327.5   393.1   431.3   460.6   495.5   540.5   609.5   778.2  1563.5  8728.9  76124.0    76067
read      370.6   228.5   148.8   198.6   213.0   336.1   410.4   456.3   488.9   525.7   568.5   628.1   778.3  1238.2  8940.5  46796.5    47020
read      357.4   177.8   148.8   198.6   212.9   326.4   392.3   429.6   458.3   493.5   539.5   609.8   769.8  1383.4  5502.8  81335.5    81656
read      377.0   318.0   148.8   203.5   218.4   361.6   420.0   446.7   464.2   484.3   506.4   544.9   682.4  5077.8  9444.1  16405.0    16396
read      369.7   189.6   148.8   201.0   215.9   351.3   427.3   460.4   481.7   504.0   533.4   577.9   704.4  2145.6  6381.6  21661.0    21661
read      360.8   188.3   148.8   196.5   210.8   328.2   397.7   439.7   470.5   505.7   547.7   609.1   790.3  1505.0  7934.5  50186.0    50156
read      366.7   197.0   148.8   197.9   212.9   335.6   404.6   446.8   476.2   511.4   554.8   620.5   784.6  1507.3  7116.0  53764.0    54102
read      365.3   210.1   148.8   198.4   212.9   334.8   404.3   443.9   472.4   506.6   549.8   618.9   786.6  1355.0  9043.4  66000.5    65670
read      365.6   223.4   148.8   200.5   214.5   355.0   418.1   444.9   461.6   480.9   504.3   542.0   658.4  2564.7  8461.0  17586.0    17584
read      366.0   269.2   148.8   195.8   210.0   332.1   413.9   455.5   481.8   509.3   543.0   589.6   731.9  2661.0 11911.6  30268.0    30347
read      373.3   285.2   148.8   198.7   213.4   348.3   425.1   457.7   478.5   501.3   530.8   576.2   720.7  4759.4  8777.7  21446.0    21534
read      364.6   334.2   160.7   210.7   228.5   354.1   390.1   407.5   421.3   435.1   457.1   490.4   616.0  4059.7 11954.2  10138.5    10216
read      353.5   212.1   148.8   196.6   211.0   324.4   388.9   425.5   452.7   485.2   528.9   595.6   744.3  1248.0  8944.8  80112.0    80544
read      368.8   186.3   148.8   198.2   213.0   339.0   410.4   452.2   482.5   517.2   560.3   622.1   761.6  1446.4  7824.5  45659.0    45508
read      367.1   279.6   148.8   199.0   213.8   347.3   422.4   454.7   475.0   498.0   525.7   565.7   678.3  2149.4 13148.8  21618.5    21591
read      367.4   324.2   148.8   203.0   217.4   356.0   408.7   432.9   449.2   466.0   489.4   525.1   631.9  5418.5 11047.4  15472.5    15435
read      359.8   223.8   160.7   202.8   216.9   355.0   405.2   428.5   444.0   460.8   482.0   514.3   623.0  2969.3  9809.3  14606.0    14502
read      369.2   336.2   148.8   201.1   215.5   358.8   415.5   440.7   457.2   474.5   498.7   535.6   640.5  4196.2 10029.8  16469.5    16369
read      368.0   214.1   148.8   196.9   211.0   336.0   409.9   454.5   485.9   521.2   561.4   621.0   769.7  1339.7  9005.8  41936.0    42077
read      363.1   201.2   148.8   196.4   210.5   328.6   405.3   451.1   482.5   517.1   556.7   610.5   739.5  1172.7  8572.6  38343.0    38334
read      369.1   247.1   148.8   200.2   214.5   358.1   423.5   451.6   469.1   489.7   511.8   550.9   661.5  2685.2 12418.2  17802.0    17694
read      359.7   179.8   148.8   198.0   212.4   327.6   394.9   434.0   463.7   498.8   543.8   612.7   789.5  1549.4  7716.0  75095.5    75056
read      366.8   210.9   148.8   198.9   213.6   338.1   405.9   446.4   475.7   511.9   555.2   619.2   768.8  1422.5  8206.2  53970.0    53845
read      367.8   261.2   160.7   207.6   223.5   362.3   411.2   433.8   449.3   465.1   487.5   520.6   618.2  3979.8 12587.3  13434.0    13319
read      359.6   160.1   148.8   200.0   214.5   329.1   396.2   434.7   463.0   497.7   543.2   613.6   773.7  1415.0  4423.9  77736.5    77808
read      366.5   227.6   148.8   198.2   212.3   330.3   404.9   451.9   485.5   522.3   564.0   621.2   741.8  1328.4  9885.8  44502.5    44423
read      370.8   248.6   148.8   199.6   213.6   339.1   426.4   466.0   491.1   517.7   547.8   592.6   717.1  2154.9 11821.7  25775.5    25669
read      360.4   174.9   148.8   200.2   214.4   329.4   397.6   437.9   468.4   504.9   547.9   610.8   747.7  1196.5  5941.0  66404.0    66463
read      365.8   176.3   148.8   196.8   211.2   332.1   411.8   458.5   489.4   522.7   561.1   616.8   741.0  1547.0  4741.1  35342.5    35396
read      364.3   200.2   148.8   195.9   210.1   326.9   410.9   457.4   487.6   520.3   557.4   611.3   763.9  1252.0 11094.6  34155.5    33885
read      372.4   369.7   160.7   209.2   226.0   361.1   403.2   424.4   437.9   455.9   475.4   507.1   623.4  4650.4 16127.2  11780.5    11712
read      358.2   197.0   148.8   196.8   211.2   327.0   393.9   434.7   466.3   503.8   546.6   604.6   738.7  1240.4  8443.3  51313.5    51485
read      365.5   203.9   148.8   199.3   213.8   334.5   402.9   443.4   473.4   509.9   554.5   620.0   760.9  1381.5  9188.5  59337.5    59378
read      351.9   193.3   148.8   200.5   215.3   323.4   381.7   416.3   442.2   473.0   517.5   585.7   750.8  1637.8  7951.9  94319.0    94757
read      362.8   180.8   148.8   198.5   213.3   331.7   400.2   439.3   468.6   503.8   548.2   618.5   788.3  1561.7  7438.6  71749.0    71707
read      360.4   302.0   160.7   221.1   244.6   338.4   367.5   384.0   396.0   410.4   431.4   471.4   665.8  5356.8  9780.4   6222.5     6184
read      364.2   217.1   148.8   198.6   213.0   332.4   401.3   442.0   473.2   509.9   554.6   618.4   763.8  1444.6  9901.3  52315.5    52631
read      365.6   200.5   137.8   195.4   209.7   331.4   413.7   456.7   484.7   514.8   548.4   598.5   767.0  2779.0  7885.1  31322.0    31188
read      352.7   198.9   148.8   200.3   215.2   325.5   384.5   419.5   445.6   476.3   518.7   585.4   739.4  1258.8  8746.0  92380.0    92326
read      360.5   206.0   148.8   200.1   215.0   329.3   396.3   434.3   462.6   496.9   541.6   611.5   774.1  1513.6  7824.3  78054.5    78268
read      362.7   178.4   148.8   200.2   214.4   329.6   397.8   437.6   467.1   503.3   547.8   618.3   797.4  1708.6  6018.5  78496.0    78655
read      368.0   244.8   148.8   196.9   211.2   333.4   422.2   465.0   492.8   522.9   557.6   608.2   733.9  1497.6  6979.2  29979.5    29798
read      365.8   230.6   148.8   204.9   221.0   337.0   397.0   432.4   459.9   493.1   537.6   611.3   773.3  1272.2  8944.5  96226.0    96196
read      364.9   209.6   148.8   196.9   210.9   332.3   409.0   453.2   484.1   517.7   557.2   612.4   741.5  1374.6  9004.5  39338.5    39289
read      372.4   261.1   148.8   206.5   222.3   366.5   416.7   439.8   456.0   472.2   496.9   533.8   627.4  4129.3 12249.1  13937.5    13806
read      362.5   180.3   148.8   203.2   218.2   332.5   397.2   434.7   463.4   498.1   543.1   613.6   771.1  1280.7  6939.8  86847.0    86543
read      358.6   187.9   148.8   198.1   212.4   329.8   395.5   432.8   462.1   497.3   541.1   605.0   746.3  1274.8  7923.5  67153.5    67095
read      373.1   302.7   160.7   205.0   219.6   365.6   419.2   443.5   459.7   477.7   501.1   538.3   641.3  3802.9 12914.0  15009.5    15164
read      375.7   337.7   148.8   201.8   215.6   353.4   429.5   463.4   485.6   508.5   537.9   581.9   718.7  2364.5 20719.1  21595.5    21544
read      361.1   177.9   148.8   198.5   213.2   330.2   397.6   436.6   465.7   500.1   544.2   616.6   785.8  1415.7  5971.7  80487.5    80587
read      356.2   196.9   148.8   198.4   213.2   327.2   389.3   425.4   452.3   485.1   529.3   600.7   758.1  1300.6  7769.3  90675.0    90870
read      365.9   204.3   148.8   202.2   216.7   356.4   421.7   450.9   469.3   491.5   517.1   556.6   653.4  1594.8  7869.4  18423.0    18274
read      365.1   202.7   148.8   196.2   210.2   332.0   411.9   454.9   483.1   513.7   548.9   604.8   768.0  1468.7  7812.3  33553.5    33727
read      377.5   324.9   148.8   209.3   226.1   366.7   410.6   432.4   448.3   465.4   490.3   531.2   672.3  4521.2 11698.3  11472.0    11433
read      371.2   192.2   148.8   204.2   219.0   364.6   424.4   452.0   470.0   491.7   516.5   554.4   666.9  2333.9  7850.4  16975.0    17009
read      361.0   187.1   148.8   196.7   211.4   332.0   399.7   439.2   468.3   503.1   544.6   610.4   774.8  1293.0  7445.6  61623.5    61531
read      362.5   203.0   148.8   197.7   212.5   332.3   399.9   438.1   466.6   500.9   545.2   617.6   786.3  1142.9  8615.2  77689.0    77691
read      360.5   187.4   148.8   196.9   211.5   331.4   398.7   436.5   465.0   498.7   541.7   612.4   773.8  1414.8  6801.3  75129.0    75329

Total QPS = 50188.5 (48181008 / 960.0s)

Total connections = 64
Misses = 0 (0.0%)
Skipped TXs = 0 (0.0%)

RX 11900708976 bytes :   11.8 MB/s
TX          0 bytes :    0.0 MB/s
Warning! Detected max cpu usage > 95%
CPU Usage Stats (avg/min/max): 100.00%,50.50%,100.00%
