Random waveform, supplied seed
Total number of intervals = 450 (7434, 67201, 85927, 63953, 31595, 87879, 7287, 62295, 6561, 22532, 60653, 59076, 60154, 22964, 8172, 27652, 37594, 24367, 33771, 84944, 85666, 51918, 34406, 28664, 38289, 20658, 13840, 93419, 98284, 71313, 42089, 46458, 30755, 42889, 93552, 65694, 29574, 51355, 67361, 16287, 81508, 87619, 99068, 51267, 11822, 97494, 97350, 55460, 85984, 82043, 52873, 13911, 49984, 9274, 27187, 18735, 86505, 93039, 75999, 32324, 84255, 81759, 37291, 53818, 30297, 31569, 38927, 10652, 98119, 48176, 34929, 69735, 20753, 84642, 42333, 61587, 77998, 97625, 23781, 66723, 31016, 47394, 95335, 5252, 65908, 16889, 42912, 99898, 26385, 22616, 50605, 90283, 26273, 48521, 34058, 75648, 19482, 15054, 75754, 5187, 17656, 96343, 36665, 85269, 31525, 61798, 12253, 25710, 79937, 7271, 85861, 91467, 72217, 31080, 76878, 84584, 12492, 57106, 96245, 6791, 90728, 5151, 82969, 42635, 99337, 95192, 69200, 49459, 29055, 64324, 5705, 84816, 23714, 74116, 19948, 44213, 19454, 7190, 47657, 44399, 6481, 5807, 83137, 9580, 37385, 33706, 35204, 50438, 48878, 42682, 27416, 64424, 64364, 5481, 26227, 26586, 86286, 24452, 26832, 29795, 46224, 84587, 63389, 46953, 90536, 12508, 38491, 97806, 11813, 39665, 53571, 63215, 78767, 8615, 67903, 16398, 53434, 38068, 9130, 69227, 37496, 83925, 51037, 33690, 51474, 73708, 98618, 81977, 91567, 48236, 91726, 52458, 70467, 71151, 65016, 42057, 78821, 60720, 39911, 10628, 73736, 7334, 91868, 76670, 10405, 26019, 55530, 29615, 66057, 55281, 21177, 88239, 70227, 23421, 97104, 6235, 58045, 23729, 40897, 53312, 87262, 81836, 92274, 47252, 75747, 80994, 98224, 7737, 37514, 10640, 90490, 92514, 89245, 73823, 46565, 21419, 66915, 31667, 72255, 99535, 9226, 67844, 71413, 97328, 55113, 53743, 15253, 90605, 25767, 93458, 95080, 88399, 95681, 33003, 98809, 64610, 51183, 20194, 7602, 46677, 5577, 23035, 57516, 62851, 38431, 25729, 19443, 19461, 42341, 5691, 40223, 29941, 41162, 43863, 20318, 93421, 48578, 40595, 17677, 78948, 9703, 9686, 7968, 15830, 8192, 79410, 76582, 54634, 72177, 15101, 8167, 44130, 53047, 97171, 81360, 77277, 38294, 11165, 74155, 12255, 52404, 17057, 6005, 85707, 79742, 58322, 26212, 69487, 29507, 51412, 67374, 55125, 53048, 12192, 36138, 60799, 36368, 39729, 95693, 40999, 65037, 12633, 50117, 62765, 12379, 49369, 39111, 52692, 24539, 61591, 47864, 16479, 75268, 8714, 13002, 77147, 43518, 27206, 55859, 37448, 45026, 99974, 64632, 49061, 80418, 16471, 35694, 13935, 79838, 48842, 17708, 31401, 62091, 87121, 81929, 42013, 90709, 67578, 58116, 68886, 93119, 95079, 77456, 15723, 9867, 8176, 89745, 11058, 81413, 21659, 27181, 17420, 23028, 33694, 32735, 57645, 45216, 57659, 85443, 14390, 31520, 67089, 16537, 18930, 46784, 93102, 89799, 66551, 93104, 43768, 54006, 64618, 86482, 77459, 61365, 52346, 87286, 17384, 98165, 63330, 5866, 37693, 75360, 34753, 59823, 68266, 39383, 65072, 33192, 51847, 62362, 84073, 64213, 27059, 54703, 98366, 29565, 75000, 62235, 47788, 68928, 36478, 76067, 47020, 81656, 16396, 21661, 50156, 54102, 65670, 17584, 30347, 21534, 10216, 80544, 45508, 21591, 15435, 14502, 16369, 42077, 38334, 17694, 75056, 53845, 13319, 77808, 44423, 25669, 66463)
Average QPS expected = 50157
Timestamp start: 1715609646152
Timestamp end: 1715610546960

#type       avg     std     min      p5     p10     p50     p67     p75     p80     p85     p90     p95     p99    p999   p9999      QPS   target
read      425.5   555.6   160.7   214.6   234.5   361.8   404.9   431.4   454.6   484.9   530.2   669.6  1910.9  8072.0 16964.2   7334.0     7434
read      439.0   481.5   148.8   205.4   221.8   363.0   447.2   498.1   537.3   587.3   663.5   809.2  1660.7  6544.0 10216.5  66679.5    67201
read      447.8   611.5   148.8   208.4   227.4   370.5   448.6   496.3   534.0   582.7   655.6   802.2  1573.5  8543.7 30057.2  85777.0    85927
read      404.2   287.0   148.8   200.5   215.9   351.2   430.5   478.6   516.8   564.2   630.7   749.7  1212.7  2719.5  9585.9  63783.0    63953
read      443.9   720.9   148.8   200.2   214.8   360.6   451.2   505.5   545.4   589.2   647.5   773.3  1344.3  8648.5 31875.6  31731.0    31595
read      472.8   572.3   160.7   215.4   237.0   396.0   481.6   537.6   582.1   640.0   727.7   891.1  1474.7  6448.0 30326.9  87965.5    87879
read      393.2   447.3   160.7   216.1   237.5   351.0   387.8   407.4   425.2   447.4   483.9   565.8  1321.1  7919.4 15393.3   7276.0     7287
read      423.8   461.7   148.8   202.3   217.3   350.9   429.0   476.8   516.2   567.9   638.6   794.5  1631.7  6057.7 11944.1  61950.0    62295
read      441.8  1063.5   160.7   216.5   240.4   348.4   384.4   404.2   421.7   441.1   471.5   549.7  2312.7 12649.3 33983.1   6589.5     6561
read      426.9   441.3   148.8   197.9   212.5   366.0   452.7   499.4   532.5   572.3   632.5   809.5  1442.0  5062.1 17362.7  22409.5    22532
read      416.0   457.7   148.8   202.0   217.4   349.5   428.6   475.3   512.6   559.3   623.9   751.5  1361.8  5738.3 15826.6  60489.5    60653
read      414.7   471.8   148.8   204.0   219.2   355.2   435.1   482.8   521.1   567.7   630.0   742.6  1249.8  6423.3 17375.2  58593.5    59076
read      415.9   281.8   148.8   205.2   220.9   360.5   443.4   493.5   532.7   581.8   648.6   780.2  1257.5  2743.2  8144.5  59878.0    60154
read      443.2   501.6   148.8   199.6   214.4   371.1   461.9   511.6   547.2   594.3   676.2   844.8  1544.1  8145.4 13141.4  22817.0    22964
read      558.2  1693.5   160.7   211.6   233.6   370.5   419.4   451.2   477.5   513.7   576.7   815.9  4126.6 25654.0 37027.9   8232.5     8172
read      440.4   363.3   148.8   201.7   216.4   367.0   467.5   527.6   571.1   625.3   721.3   912.4  1349.2  4954.4 13035.2  27689.5    27652
read      417.3   487.0   148.8   199.7   214.4   353.4   441.0   494.0   533.6   579.3   634.6   742.2  1252.1  7112.4 25355.0  37425.0    37594
read      467.7   679.5   160.7   201.6   216.7   376.8   479.8   536.1   577.4   632.4   730.5   936.9  1530.7 13164.2 30780.4  24476.0    24367
read      411.3   336.0   148.8   198.2   213.2   351.4   439.9   492.4   529.7   572.3   629.7   752.8  1275.2  3836.9 10767.7  33725.0    33771
read      567.0  1395.4   148.8   215.5   236.6   398.1   463.8   507.5   546.6   602.6   696.9   911.5  4089.4 20338.1 35602.4  84915.5    84944
read      438.6   292.6   148.8   210.5   229.6   375.0   454.6   505.6   545.1   598.2   677.6   851.9  1585.1  2883.6  8442.7  85675.0    85666
read      412.2   440.4   148.8   202.1   216.8   351.5   432.7   483.1   521.3   568.2   631.7   750.0  1310.6  3826.8 15923.8  52247.0    51918
read      418.0   416.8   148.8   201.3   216.4   360.1   449.7   503.8   542.8   587.9   641.2   743.0  1194.2  5190.6 11560.5  34500.0    34406
read      426.4   596.5   160.7   202.0   216.2   359.9   453.5   504.8   540.2   581.1   632.3   740.3  1228.3  7917.1 31414.8  28420.0    28664
read      423.5   311.7   148.8   202.6   217.8   362.8   452.1   507.7   548.8   600.5   668.4   796.2  1339.9  3979.7 10531.1  38218.5    38289
read      455.7   544.4   160.7   201.8   216.7   382.5   472.8   523.2   559.2   608.0   697.5   886.1  1415.1  7909.2 17087.8  20577.5    20658
read      510.7   924.5   148.8   204.7   221.8   404.8   489.9   544.9   591.2   648.7   724.6   859.3  2313.4 12240.7 31404.8  13939.5    13840
read      457.1   449.4   160.7   217.4   239.4   390.9   470.2   523.8   567.0   622.2   697.5   841.3  1398.5  4734.4 13839.5  93482.5    93419
read      530.4   408.9   160.7   248.1   284.2   463.8   569.1   635.7   687.1   745.5   823.8   957.9  1328.4  4614.7 13415.7  98392.5    98284
read      431.0   588.2   148.8   204.1   220.4   356.7   434.3   483.5   522.4   572.8   647.8   808.5  1468.6  5387.7 29310.8  71631.5    71313
read      422.1   543.9   148.8   201.7   217.1   349.8   433.7   486.2   525.5   572.6   634.1   758.9  1377.3  9185.0 30255.4  42377.5    42089
read      420.1   484.5   148.8   200.4   215.8   346.1   428.7   482.4   523.9   573.2   635.6   789.4  1383.6  9610.8 14888.6  46069.0    46458
read      428.5   701.1   148.8   199.0   213.5   346.8   439.4   493.1   530.5   572.7   628.5   775.6  1277.0  8706.4 31996.0  30481.5    30755
read      413.6   434.8   148.8   199.2   214.0   352.6   434.9   485.9   526.1   574.6   637.5   765.9  1322.1  3635.5 13852.0  42817.5    42889
read      444.7   445.5   148.8   208.0   228.0   374.4   455.5   507.1   548.8   601.8   680.3   852.3  1504.6  4353.1 17079.3  93784.0    93552
read      420.8   471.3   148.8   200.5   215.7   351.8   431.6   479.0   515.5   563.6   633.3   777.1  1504.9  5337.5 13946.1  65492.0    65694
read      412.8   423.2   148.8   197.7   212.5   352.4   441.6   491.7   526.4   567.0   620.4   730.6  1243.4  6344.6 11795.3  29788.0    29574
read      415.5   501.1   148.8   199.6   214.4   347.2   425.0   473.1   511.9   560.2   624.5   759.1  1469.8  5728.7 14978.1  51295.0    51355
read      402.0   370.4   148.8   200.1   215.2   346.9   420.8   465.7   501.2   545.2   608.3   725.9  1247.3  3779.5 12658.2  67312.0    67361
read      459.2   841.6   160.7   201.5   216.3   379.1   449.7   489.2   518.3   555.8   622.0   763.6  1589.2 12358.2 35654.1  16242.5    16287
read      412.6   418.5   148.8   205.1   222.0   356.2   431.5   478.2   515.6   563.8   631.2   758.5  1203.4  2504.4 16985.0  81556.5    81508
read      441.2   405.9   148.8   212.3   232.0   378.8   458.7   508.5   549.2   604.1   681.6   825.2  1284.9  5413.1 15859.0  87770.5    87619
read      484.4   454.7   148.8   229.1   257.6   421.3   508.9   564.7   608.2   662.9   738.7   870.2  1305.9  5581.1 12878.2  98935.5    99068
read      408.9   403.4   160.7   201.5   215.9   353.2   433.1   480.8   518.1   564.6   625.5   728.2  1185.5  4752.8 12779.0  51451.0    51267
read      490.5   882.0   160.7   206.8   224.6   390.7   455.0   494.5   528.3   573.1   636.1   793.1  3042.8 13497.5 30876.1  11841.0    11822
read      501.6   560.6   148.8   228.6   257.6   427.2   519.2   581.4   629.8   689.3   771.3   924.5  1436.5  8221.9 30650.4  97224.0    97494
read      462.5   346.3   148.8   217.0   240.8   399.5   483.1   538.3   583.9   642.3   729.3   881.7  1355.2  3222.8 10907.9  97247.0    97350
read      413.5   424.6   148.8   200.3   215.3   349.1   425.1   470.5   509.0   558.0   626.2   765.8  1449.2  5302.9 13383.4  55474.5    55460
read      443.5   562.0   148.8   207.5   225.4   364.8   444.5   495.1   534.1   584.2   658.8   833.4  1542.5  8482.9 20438.5  85943.0    85984
read      420.9   539.7   148.8   204.0   220.6   354.6   428.1   470.7   506.3   549.8   613.5   736.3  1273.2  8127.8 16156.0  81895.0    82043
read      412.0   460.6   148.8   201.2   216.0   348.6   427.7   475.1   512.4   559.6   624.5   747.0  1355.5  5197.1 18414.5  53011.5    52873
read      413.6   330.4   148.8   202.7   217.3   374.6   441.0   475.3   503.1   540.1   598.8   722.4  1296.3  4257.9 15430.9  13928.0    13911
read      442.0   683.7   148.8   202.8   217.7   357.2   439.8   490.5   529.8   579.3   642.3   784.8  1574.2  9807.1 31814.9  49720.5    49984
read      435.0   661.7   160.7   210.2   229.0   368.1   414.6   439.5   461.6   491.7   539.9   647.5  2091.5  8693.9 28190.1   9314.5     9274
read      458.2   514.6   148.8   200.5   215.2   368.8   466.4   525.3   567.6   621.0   720.0   977.2  1627.5  4731.9 17479.1  27137.5    27187
read      492.7   647.9   160.7   201.7   217.7   403.0   497.1   553.9   602.8   675.2   779.1   970.8  2151.5  7767.1 32085.9  18639.0    18735
read      434.7   336.0   148.8   212.1   231.3   380.5   461.0   509.3   547.1   596.8   671.2   813.8  1231.9  3165.5 10998.5  86392.0    86505
read      459.5   456.0   160.7   218.4   239.7   395.0   477.7   533.2   576.5   631.3   712.2   853.5  1334.9  5041.7 16546.2  92879.5    93039
read      427.7   658.4   148.8   204.2   220.2   354.7   430.6   478.5   517.6   567.4   633.3   760.7  1188.4  8695.0 35485.0  76061.5    75999
read      410.0   432.0   148.8   199.0   213.4   348.4   439.5   493.8   532.4   574.9   625.3   717.3  1181.2  6559.6 15894.3  32477.0    32324
read      406.7   318.8   148.8   205.4   222.3   355.4   430.3   476.3   511.3   556.4   621.4   742.4  1149.5  3297.0 12517.4  83728.0    84255
read      420.9   433.6   148.8   204.8   222.3   362.5   440.2   488.9   526.1   573.7   640.5   785.2  1248.6  3526.9 15018.7  81853.5    81759
read      434.9   553.5   148.8   202.0   217.3   364.2   451.6   505.5   545.6   592.1   654.5   775.9  1325.4  7661.0 28997.1  37517.5    37291
read      400.0   223.7   148.8   200.9   215.8   351.4   432.3   480.8   518.5   563.4   624.8   737.6  1219.7  2110.6  5298.7  53797.0    53818
read      415.1   398.8   148.8   197.9   212.7   353.4   441.4   492.8   530.2   573.6   629.9   755.9  1298.8  5201.7 15527.3  30411.5    30297
read      407.0   377.0   148.8   198.1   213.1   347.7   437.9   490.9   529.0   572.6   625.6   731.9  1198.6  4969.0  8758.3  31632.0    31569
read      410.2   254.6   148.8   200.2   215.2   361.2   444.9   497.0   536.9   584.6   645.2   756.6  1235.0  2074.6  9210.3  39028.0    38927
read      447.8   817.6   160.7   207.4   224.4   369.6   423.0   454.2   478.9   512.6   568.4   683.8  1817.6  9764.3 41923.1  10643.5    10652
read      456.8   318.4   148.8   221.1   245.8   402.2   488.4   542.7   585.4   638.1   711.0   838.6  1204.5  2653.9 10832.5  97338.5    98119
read      414.9   259.5   148.8   203.2   218.5   363.9   444.8   494.2   532.8   580.5   645.4   769.7  1329.2  2244.4  8056.5  48225.5    48176
read      406.4   228.0   148.8   200.3   215.2   360.4   446.5   497.2   534.3   579.3   636.1   739.0  1145.6  2178.3  5234.6  34856.5    34929
read      423.3   552.4   148.8   201.3   217.6   355.6   434.2   481.5   518.8   565.9   632.0   756.6  1266.3  7430.7 23963.5  69850.5    69735
read      433.9   532.1   148.8   198.9   213.3   365.6   454.8   499.5   531.2   569.5   626.6   790.9  1472.0  6545.9 14891.5  20777.5    20753
read      485.1   880.3   148.8   206.7   225.9   379.2   458.0   507.4   548.6   605.0   690.0   886.3  1785.9 12707.9 31165.6  84475.5    84642
read      409.5   392.3   148.8   196.7   211.4   347.9   430.0   481.7   521.8   568.8   629.7   750.7  1329.1  4826.5  9273.9  42490.5    42333
read      413.3   365.5   148.8   200.3   215.7   351.9   432.2   480.4   517.9   566.6   633.2   764.1  1461.3  3947.0 10687.7  61750.5    61587
read      439.8   374.5   148.8   207.2   224.8   372.0   452.8   503.5   544.6   597.2   676.2   845.0  1643.2  3376.1 12214.7  77977.5    77998
read      523.3   611.8   148.8   232.7   263.5   439.0   539.7   603.9   651.2   708.8   786.4   937.6  1538.6 10088.5 26551.7  97581.5    97625
read      429.7   421.5   148.8   199.1   213.6   366.3   460.1   509.1   543.2   585.5   653.4   844.5  1342.2  4484.7 13573.3  23637.0    23781
read      415.1   465.3   148.8   202.8   218.3   352.3   433.2   482.3   521.2   568.9   631.0   743.3  1257.1  6175.1 19323.2  66585.5    66723
read      410.1   382.7   148.8   199.1   214.3   354.0   445.9   497.1   533.5   575.3   627.4   728.1  1162.4  4241.5 13710.7  31153.5    31016
read      403.4   434.7   148.8   198.7   213.2   339.5   419.6   470.6   512.3   561.7   622.7   731.4  1285.7  4289.2 13442.4  47162.0    47394
read      468.4   510.5   148.8   218.5   240.8   394.4   480.6   539.5   586.7   646.9   732.4   882.4  1406.3  6196.0 23160.3  95531.0    95335
read      380.4   373.5   160.7   227.2   254.3   340.3   372.0   391.2   403.8   425.7   457.1   525.9  1444.9  6234.7 11653.0   5182.5     5252
read      414.1   280.7   148.8   204.0   219.6   351.7   430.9   480.0   520.0   570.7   640.4   788.0  1433.2  3715.6  5346.0  65344.0    65908
read      453.4   797.0   160.7   202.7   216.7   384.8   460.5   498.7   526.7   560.6   614.9   772.8  1500.4 10574.3 36742.3  16995.5    16889
read      417.4   396.0   148.8   199.8   215.0   356.2   438.3   489.6   529.7   577.8   642.0   768.8  1349.1  5620.3 10753.0  42808.5    42912
read      465.1   405.7   148.8   217.0   240.8   399.7   483.7   539.8   585.1   641.9   726.2   872.9  1373.0  4342.9 15647.4  99426.0    99898
read      424.1   462.5   148.8   197.1   211.4   353.7   448.2   501.6   538.6   582.3   644.0   827.9  1377.3  4243.9 30397.5  26482.0    26385
read      428.5   306.4   148.8   201.1   215.9   371.7   464.8   513.7   547.5   590.6   660.3   834.5  1326.5  3953.4  8449.9  22614.0    22616
read      423.4   441.8   148.8   200.1   214.7   351.2   432.9   485.6   528.1   582.2   654.3   824.6  1446.9  4709.7 13793.3  50556.0    50605
read      412.4   359.8   148.8   207.8   226.1   363.7   435.8   480.7   516.7   563.1   629.4   748.7  1127.3  2710.4 17119.3  90626.0    90283
read      456.8   523.9   148.8   201.3   216.3   369.8   470.1   528.9   571.6   626.2   723.9   967.4  1559.4  7473.1 17449.9  26405.5    26273
read      427.9   416.8   148.8   200.9   216.1   358.2   439.7   491.8   533.0   583.8   652.0   794.2  1599.6  5836.2 15768.8  48321.0    48521
read      437.7   729.8   148.8   199.5   214.4   359.4   446.5   498.2   536.8   581.8   636.5   746.5  1277.9 10709.6 35525.2  34320.5    34058
read      409.4   415.6   148.8   202.6   218.5   354.4   431.5   478.9   515.6   561.8   625.2   744.6  1193.6  3172.5 17181.5  75983.5    75648
read      417.1   426.6   148.8   198.8   213.4   371.4   454.6   495.5   524.2   558.6   616.2   764.1  1203.0  4660.4 12792.7  19504.5    19482
read      436.7   592.4   160.7   202.9   217.0   378.1   446.4   481.9   507.2   539.6   588.4   724.4  1839.4  6847.9 32460.1  15133.0    15054
read      433.6   373.5   148.8   206.3   223.5   365.6   447.0   496.5   535.0   584.3   657.8   815.8  1637.7  4519.2 10189.1  75841.0    75754
read      401.1   662.0   160.7   227.0   254.6   339.7   372.3   393.2   408.4   432.5   470.6   565.6  1646.2  8604.3 28951.9   5214.0     5187
read      443.9   494.6   148.8   203.1   217.8   390.0   471.9   515.8   547.7   592.6   670.1   830.0  1354.8  6373.8 15623.6  17682.5    17656
read      405.5   322.1   148.8   206.1   224.4   358.2   428.5   471.8   506.9   551.8   617.5   736.4  1080.2  2748.8 12796.3  96236.0    96343
read      407.4   444.2   148.8   199.3   214.6   355.7   441.3   492.2   529.2   571.5   624.0   712.1  1113.3  2327.3 16187.6  36514.5    36665
read      408.4   449.6   148.8   202.4   218.4   348.6   422.0   466.2   501.6   546.0   611.2   736.9  1267.5  4612.9 16695.0  85210.5    85269
read      444.1   797.1   148.8   198.3   212.9   353.9   443.6   495.5   533.4   576.6   631.8   749.7  1423.0  8862.6 31726.5  31523.5    31525
read      422.6   473.6   148.8   202.2   217.4   355.5   438.0   487.2   525.4   573.6   641.0   788.5  1385.3  5923.9 18426.3  61764.5    61798
read      449.7   658.6   148.8   203.0   218.7   381.6   445.5   484.4   515.7   561.3   635.2   782.8  1507.7 12491.6 19391.5  12273.5    12253
read      465.4   398.7   148.8   199.3   214.4   375.5   486.7   550.1   597.9   676.7   811.5  1018.9  1578.9  4726.6 12237.2  25639.5    25710
read      423.8   497.6   148.8   205.6   223.1   366.1   444.8   491.4   528.4   575.3   640.0   764.0  1154.0  6926.0 13915.7  80003.0    79937
read      486.1  1240.3   160.7   215.1   238.5   362.8   406.4   433.3   455.2   484.1   534.4   646.5  3716.4 12887.6 56973.4   7236.0     7271
read      439.0   414.7   148.8   206.9   225.3   371.5   450.3   501.2   541.8   592.9   669.3   819.4  1402.1  5140.7 12235.7  85544.0    85861
read      440.5   385.7   148.8   215.4   236.3   387.6   465.1   515.2   555.3   608.7   683.1   808.7  1147.2  3799.3 11867.9  91466.5    91467
read      415.1   462.3   148.8   204.6   220.6   355.3   433.4   480.8   517.8   564.8   629.9   748.1  1239.0  4372.7 12859.8  72324.0    72217
read      430.1   641.7   148.8   199.3   214.3   358.8   447.5   498.0   533.9   575.0   628.8   734.3  1336.0  8697.1 31078.5  31003.5    31080
read      424.1   359.8   148.8   207.6   225.1   366.9   447.3   496.9   534.9   583.4   652.7   780.5  1247.1  4052.6 12647.7  77035.5    76878
read      426.3   464.8   148.8   207.1   225.1   363.8   437.9   485.3   523.6   573.4   644.3   799.7  1332.0  4618.1 18704.6  84421.0    84584
read      503.2  1200.5   148.8   205.0   221.6   379.7   440.4   473.2   500.3   537.3   603.2   780.5  3252.7 14237.4 33766.7  12612.5    12492
read      410.7   439.0   148.8   202.2   216.7   347.7   428.3   477.7   516.4   564.4   629.7   747.6  1312.9  4577.5 16257.5  56841.5    57106
read      445.3   543.6   148.8   211.2   231.6   377.5   451.7   501.4   542.1   593.3   672.6   823.7  1314.4  7108.6 28851.3  96330.5    96245
read      461.8  1079.7   160.7   220.1   242.6   359.7   400.8   425.2   443.5   468.9   516.6   619.2  3196.3 12217.4 38887.7   6865.0     6791
read      450.7   301.9   148.8   217.0   237.3   391.8   473.1   528.9   572.9   628.2   708.1   853.9  1350.4  2864.3  8625.7  90220.0    90728
read      406.1   684.1   173.5   225.3   253.6   337.8   373.3   395.9   413.6   436.6   478.6   569.5  1771.2  8117.6 31298.1   5089.5     5151
read      453.8   682.9   148.8   208.8   227.0   373.2   454.1   504.2   546.2   601.1   680.6   832.2  1521.0 11673.3 30899.9  82081.0    82969
read      412.0   520.6   148.8   198.5   213.6   345.3   427.4   478.0   519.0   567.0   624.7   730.5  1273.2  5799.8 30321.7  42855.0    42635
read      476.7   381.4   148.8   225.2   252.8   417.9   503.0   559.7   605.3   663.3   739.7   873.0  1253.5  4599.1 12498.0  99592.0    99337
read      428.7   475.8   148.8   209.8   229.2   368.9   442.2   490.0   528.1   576.7   645.5   780.1  1243.9  4139.0 16259.9  95429.5    95192
read      404.4   453.8   148.8   203.0   218.4   349.5   425.1   470.1   506.0   550.8   614.8   725.6  1137.3  4014.2 15024.6  69165.5    69200
read      403.2   255.3   148.8   202.8   217.3   350.2   431.9   484.4   524.6   574.1   635.0   742.0  1231.3  1849.3  6318.9  49458.0    49459
read      439.0   935.8   148.8   199.0   213.2   348.1   443.5   494.0   529.7   571.0   622.3   725.9  1283.7 11910.5 41136.0  28994.0    29055
read      418.8   431.5   148.8   203.6   219.0   352.8   434.5   484.4   522.9   571.0   637.9   778.7  1534.0  2940.8 12999.9  64186.5    64324
read      391.4   552.3   160.7   221.9   246.5   336.8   370.1   390.4   404.1   426.2   459.1   536.7  1527.9  9729.0 16087.0   5760.0     5705
read      419.9   299.2   148.8   207.7   225.6   365.3   442.6   489.5   527.4   577.7   648.5   783.9  1277.8  3772.3  8950.9  84291.0    84816
read      455.1   915.0   148.8   202.0   216.4   366.1   457.0   503.0   535.7   574.9   627.9   751.6  1318.1 11887.3 32047.2  23810.0    23714
read      429.2   444.6   148.8   207.4   224.4   362.7   442.6   492.4   531.4   581.1   652.5   788.5  1366.2  4965.4 15206.0  73830.5    74116
read      426.4   410.4   148.8   200.8   215.0   371.4   454.9   498.3   529.9   568.7   627.4   792.5  1411.7  4402.9 15069.8  19960.5    19948
read      418.8   291.8   148.8   203.5   218.9   362.6   447.9   500.1   539.8   587.5   652.8   789.0  1324.3  2664.7  9945.0  44332.0    44213
read      461.4   477.7   148.8   203.0   218.4   390.8   481.8   530.2   567.4   618.5   710.2   898.6  1619.8  5788.0 14074.3  19439.0    19454
read      444.3   626.4   160.7   213.8   237.1   361.9   410.2   440.1   465.2   499.7   553.2   744.9  2477.5  8601.1 19863.9   7081.0     7190
read      419.3   489.0   148.8   202.2   216.9   356.1   437.7   488.5   528.6   578.6   640.1   765.3  1327.5  3020.9 17428.0  47706.0    47657
read      423.5   419.1   148.8   202.9   218.0   358.0   440.9   493.3   534.3   583.9   649.9   780.9  1448.3  5899.5 16609.9  44781.0    44399
read      405.7   701.5   148.8   219.9   242.7   344.9   380.3   399.8   416.3   435.6   469.0   541.2  1694.7  8007.1 31477.2   6519.0     6481
read      406.2   676.6   160.7   223.1   249.2   343.0   375.5   396.4   411.6   430.4   460.9   524.6  1662.5 10955.4 20365.4   5859.0     5807
read      447.5   417.1   148.8   207.1   225.4   370.7   448.1   497.2   538.0   592.7   678.1   856.9  1813.8  5973.8 10140.3  82617.5    83137
read      403.7   298.5   160.7   209.8   228.1   368.3   414.8   439.8   460.3   486.3   527.1   630.0  1437.4  4031.1  7013.7   9680.0     9580
read      391.5   279.7   148.8   196.7   211.0   340.7   422.5   473.2   512.0   556.2   609.4   694.8  1124.3  3315.4 12452.7  37102.5    37385
read      402.6   382.6   148.8   196.5   211.1   344.7   430.8   482.3   519.2   560.8   613.2   717.4  1159.3  4332.4  9474.4  33797.5    33706
read      427.2   638.4   148.8   197.9   212.7   350.0   439.4   492.9   531.9   577.1   633.9   748.4  1309.8  8528.4 31683.6  35234.0    35204
read      397.4   289.2   148.8   199.0   213.5   347.8   423.6   469.0   505.1   549.9   612.1   722.8  1269.8  2187.8 12351.1  50658.5    50438
read      417.1   338.0   148.8   201.5   216.4   357.6   439.0   490.1   530.1   579.6   647.0   782.9  1374.4  4029.6 12153.1  48916.0    48878
read      422.3   370.9   148.8   202.4   217.6   364.3   447.9   501.4   542.6   591.7   656.0   782.6  1305.2  4497.7  9232.2  42430.5    42682
read      396.4   284.8   148.8   196.9   211.0   350.0   438.7   485.6   518.6   556.0   601.5   691.8  1110.1  2893.9 10769.8  27398.5    27416
read      414.3   412.1   148.8   200.5   216.0   346.9   423.3   470.5   509.6   558.8   626.6   765.6  1516.2  6054.2 11929.5  64176.5    64424
read      401.2   275.8   148.8   201.6   216.8   348.4   427.3   473.6   509.7   554.9   620.2   737.2  1243.3  2475.9  9408.6  64225.0    64364
read      463.6  1434.6   160.7   219.5   246.2   337.6   372.7   396.7   415.1   436.4   478.4   586.6  2038.2 31155.0 39287.9   5546.5     5481
read      498.7   832.4   148.8   200.5   216.2   376.6   484.8   545.7   591.1   664.6   790.1   993.2  1869.8 13924.0 29181.2  26279.0    26227
read      418.5   791.1   148.8   196.5   210.5   345.4   432.0   480.2   512.4   549.4   594.9   684.3  1198.8 10069.6 37769.8  26777.5    26586
read      415.7   355.7   148.8   206.0   224.4   360.5   433.6   480.4   517.7   567.4   637.3   773.3  1201.9  4132.7  8752.7  86063.0    86286
read      457.6   812.4   148.8   198.9   214.1   362.7   457.5   507.3   543.1   587.6   659.4   837.9  1396.9  9591.0 36551.5  24638.5    24452
read      430.3   529.9   148.8   200.0   214.9   360.3   450.1   502.0   536.7   577.7   635.4   780.9  1463.0  6467.5 25294.5  26853.0    26832
read      431.6   676.1   148.8   198.6   213.2   352.7   444.2   495.9   532.8   575.7   630.6   753.0  1426.7  7953.1 31197.4  29783.0    29795
read      424.6   538.7   148.8   201.9   216.6   356.7   438.9   490.4   530.4   579.3   640.6   763.1  1336.4  7158.9 17418.8  46176.0    46224
read      406.7   378.7   148.8   203.7   220.6   353.1   427.1   470.9   506.3   551.0   620.5   743.3  1186.8  3122.3 14727.5  84786.5    84587
read      404.0   326.5   148.8   200.6   215.7   350.0   426.3   473.0   509.6   557.0   623.6   742.8  1281.7  3153.5  8314.6  63264.5    63389
read      415.6   345.8   148.8   201.0   216.0   356.1   438.5   489.6   529.3   578.0   642.2   777.9  1413.3  3173.7 12052.3  47076.0    46953
read      459.6   548.2   148.8   210.2   230.8   383.9   464.4   516.5   558.6   613.7   691.6   849.3  1470.3  7480.9 18800.2  90631.0    90536
read      440.5   648.7   148.8   201.8   218.6   379.4   438.9   473.7   503.4   543.5   609.2   744.3  1507.9  7397.7 30989.8  12738.0    12508
read      392.0   244.6   148.8   196.7   211.1   344.3   424.1   472.9   510.8   555.2   611.6   706.4  1158.3  2192.6  8207.0  38436.5    38491
read      427.4   468.5   148.8   208.6   228.2   369.0   439.5   486.1   523.6   572.7   641.2   778.8  1243.5  4986.4 17434.0  97943.5    97806
read      497.0  1051.2   160.7   203.9   220.3   381.0   440.0   474.4   504.6   545.8   610.0   770.3  3497.9 14263.5 31420.3  11873.0    11813
read      411.0   295.2   148.8   200.1   214.9   353.1   435.3   488.1   527.4   575.4   638.4   766.0  1312.4  3162.2 10548.8  39590.5    39665
read      402.7   297.7   148.8   199.8   214.7   348.2   425.7   472.9   509.9   558.1   624.3   743.7  1317.1  2370.4 10628.7  53548.0    53571
read      402.1   428.8   148.8   202.0   216.8   344.8   420.0   465.3   501.8   546.9   610.2   721.0  1273.1  3995.9 14741.1  63382.5    63215
read      423.5   395.9   148.8   208.0   225.7   365.0   442.6   491.2   529.9   579.0   649.0   783.9  1326.2  2789.5 12724.7  78959.5    78767
read      387.9   317.8   148.8   211.5   229.7   360.0   400.1   423.3   439.5   463.5   498.4   571.8   962.2  4695.9  9084.4   8727.0     8615
read      453.1   673.9   148.8   206.8   223.9   367.8   449.8   498.6   537.6   587.4   663.2   822.1  1697.7  8975.7 31314.8  67649.5    67903
read      437.5   576.6   148.8   202.5   217.6   386.7   460.8   498.9   527.1   562.4   623.2   764.4  1292.5  8006.8 29456.7  16475.5    16398
read      417.2   303.6   148.8   202.2   216.9   356.2   435.1   484.9   524.6   575.9   647.1   799.1  1491.1  3081.9 10396.1  53255.0    53434
read      400.7   295.7   148.8   198.7   213.1   348.9   433.4   482.8   521.1   566.2   623.6   727.9  1165.4  3940.0  8101.9  38091.0    38068
read      457.0  1007.8   160.7   210.5   230.3   377.8   429.3   461.8   488.8   524.6   578.1   679.9  1826.8 12709.7 36636.0   9254.0     9130
read      578.5   934.3   148.8   211.7   232.0   402.9   501.0   572.6   635.9   729.0   931.5  1553.3  3209.7 11882.9 31791.6  69532.0    69227
read      435.2   535.7   148.8   203.9   219.7   361.7   451.3   506.4   546.9   595.5   657.4   785.1  1455.8  4990.0 28862.2  37464.0    37496
read      435.5   413.5   148.8   212.1   231.3   375.8   455.1   503.3   542.4   592.1   663.4   795.1  1236.6  4618.9 11738.3  83738.0    83925
read      392.7   251.8   148.8   202.0   216.6   341.5   419.3   468.7   508.0   556.1   615.0   715.7  1134.3  1982.0  8017.9  51032.5    51037
read      435.9   676.4   148.8   202.6   217.3   353.2   446.4   500.4   538.8   582.5   638.1   763.2  1354.3 12098.6 28525.4  33563.0    33690
read      429.5   489.1   148.8   205.1   221.0   358.6   440.6   490.8   529.6   578.4   643.8   787.7  1524.0  6529.2 16879.6  51591.0    51474
read      414.4   285.5   148.8   204.7   221.0   352.3   428.0   474.1   512.3   563.8   634.3   787.2  1530.5  3132.7  7730.3  73564.5    73708
read      470.9   539.7   148.8   216.8   239.2   390.0   469.2   520.1   559.9   613.7   690.7   852.2  1948.5  7398.4 20322.3  98428.0    98618
read      416.4   478.6   148.8   205.5   222.5   349.9   422.1   466.7   503.1   548.5   613.4   742.0  1469.1  7027.2 15700.2  82094.5    81977
read      463.0   555.5   148.8   216.4   237.5   387.6   470.2   523.7   565.6   620.2   697.4   854.7  1443.9  7824.2 17484.9  91685.5    91567
read      409.4   421.4   148.8   201.1   215.7   353.4   432.8   482.5   521.0   567.4   626.9   733.9  1186.1  5269.6 12632.9  48088.5    48236
read      396.4   331.7   148.8   204.6   221.3   349.7   418.4   459.4   491.8   533.6   593.2   715.2  1127.9  2204.6 13378.1  91445.0    91726
read      407.3   428.5   148.8   200.6   215.3   346.3   423.6   470.9   510.2   558.4   620.4   733.7  1290.4  5033.4 15294.7  52377.5    52458
read      401.5   396.9   148.8   200.9   216.1   341.3   416.0   461.3   496.4   540.2   602.0   728.4  1257.7  5039.5 12418.7  70589.0    70467
read      439.7   396.4   148.8   204.9   221.5   358.3   438.5   489.8   531.9   588.6   678.9   926.6  1752.3  3978.9  9591.1  71146.0    71151
read      400.7   372.7   148.8   199.9   214.9   343.2   417.9   464.5   501.4   545.9   609.7   731.2  1275.6  3874.2 12835.2  65118.0    65016
read      399.7   269.7   148.8   198.2   213.0   348.0   430.1   483.1   523.4   568.8   624.3   720.6  1195.7  2449.9  8231.6  42159.5    42057
read      416.8   348.3   148.8   206.3   223.0   358.8   433.8   481.2   518.7   566.7   636.3   773.8  1307.0  3627.2 11500.0  79050.5    78821
read      417.7   498.8   148.8   202.6   217.6   350.6   428.9   475.9   513.6   561.3   625.5   740.0  1326.3  6808.5 16170.4  60828.0    60720
read      402.5   334.9   148.8   198.5   212.6   342.8   429.1   484.2   526.5   573.4   628.3   730.3  1211.7  5542.8  8360.1  39910.5    39911
read      450.2   533.5   160.7   207.9   226.1   386.0   446.4   483.0   511.6   550.9   613.2   740.2  1743.9  7503.4 16188.7  10676.5    10628
read      407.0   396.7   148.8   203.4   219.3   352.1   429.7   474.9   511.0   557.4   623.1   741.2  1216.9  3012.5 12880.3  73345.5    73736
read      424.0   730.4   160.7   210.0   230.7   353.1   395.8   422.6   444.1   475.0   524.2   629.2  1719.2  8555.4 31414.3   7303.5     7334
read      473.1   561.6   148.8   212.4   234.2   394.2   476.3   531.0   575.8   633.5   722.2   890.3  1534.9  8373.1 20413.7  91352.0    91868
read      405.7   403.7   148.8   200.5   216.5   350.8   426.0   469.9   505.4   550.8   617.3   731.7  1267.0  3682.2 13222.5  76644.5    76670
read      412.4   655.5   160.7   206.2   222.2   366.9   414.6   439.2   458.8   482.5   519.3   613.0  1277.3  8027.5 30834.8  10518.5    10405
read      427.8   504.9   148.8   196.0   210.2   352.4   448.0   497.4   532.1   573.1   633.2   812.9  1561.7  4854.4 22486.4  26036.0    26019
read      427.3   494.8   148.8   200.9   216.0   350.6   430.3   481.5   523.6   574.9   644.6   808.6  1518.7  7677.6 10994.5  55359.0    55530
read      407.2   615.4   148.8   196.6   210.9   342.1   430.7   481.5   515.7   552.7   601.3   690.9  1133.6  8267.0 31096.3  29634.5    29615
read      407.2   447.6   148.8   200.1   215.2   343.8   418.8   463.9   500.9   547.1   611.4   727.0  1354.3  7057.5 12536.1  65720.5    66057
read      405.8   577.7   148.8   199.3   213.9   344.7   421.6   469.0   507.6   553.8   614.7   722.8  1213.5  4520.0 20494.0  55012.0    55281
read      421.4   369.7   148.8   197.2   211.1   365.5   453.8   496.8   527.7   566.0   627.5   781.9  1314.8  5144.5 11746.7  21199.0    21177
read      459.5   614.0   148.8   207.3   225.8   370.4   445.7   495.0   535.9   590.7   673.0   872.6  2012.5  7103.9 25437.6  87989.5    88239
read      391.5   337.3   148.8   199.5   214.6   338.8   411.1   454.9   489.9   535.2   595.7   704.0  1161.6  3876.1  8761.1  70604.0    70227
read      438.2   580.9   160.7   200.4   214.8   368.4   462.5   512.5   545.2   586.8   654.6   824.3  1352.4  8017.7 30872.9  23708.5    23421
read      481.9   540.3   148.8   225.9   251.9   413.1   502.5   558.4   601.9   656.4   732.8   881.0  1419.1  5492.2 21471.4  97149.0    97104
read      555.7  1811.8   160.7   214.8   238.3   343.0   381.0   403.3   423.6   449.1   489.2   633.5  7323.2 30928.1 37690.4   6312.5     6235
read      403.7   274.6   148.8   201.2   216.3   351.9   431.6   478.9   516.5   562.0   625.2   741.3  1260.2  2522.9  9417.7  57694.5    58045
read      441.9   696.7   148.8   196.1   210.7   362.7   453.9   501.2   534.5   576.0   634.6   780.1  1420.2  8776.6 32686.7  23751.5    23729
read      410.3   252.9   148.8   199.8   214.4   356.9   441.7   493.3   533.8   582.4   643.4   775.8  1270.5  2075.4  7506.5  40800.5    40897
read      410.8   301.0   148.8   202.1   217.2   356.7   439.6   488.5   526.4   573.0   635.9   755.0  1290.7  3093.0 12476.4  53372.0    53312
read      443.4   599.0   148.8   210.2   229.2   375.6   455.4   504.2   543.0   592.6   667.5   801.6  1243.6  7765.5 30274.9  87345.0    87262
read      406.0   413.3   148.8   204.3   220.5   349.5   423.7   467.9   502.6   546.9   611.3   730.1  1220.9  3992.4 14196.8  81681.5    81836
read      422.3   544.9   148.8   207.5   225.3   358.5   428.7   473.1   509.6   556.7   626.2   762.6  1276.3  6250.3 29587.0  92101.5    92274
read      407.5   304.6   148.8   200.0   214.9   349.7   432.9   485.1   526.7   576.0   637.0   747.7  1298.1  3254.3  9694.2  47357.5    47252
read      405.9   321.3   148.8   204.1   220.0   351.0   429.1   475.5   511.1   558.3   623.3   744.1  1230.7  3096.1 12383.9  75596.0    75747
read      413.2   365.8   148.8   204.0   220.4   351.1   424.2   468.9   505.2   551.3   618.3   757.4  1410.0  4860.8 11317.9  80857.5    80994
read      469.2   480.9   148.8   216.7   240.9   399.6   484.0   542.7   590.2   649.5   730.4   868.8  1381.7  5337.4 16026.8  98129.0    98224
read      387.2   354.7   160.7   211.1   230.9   349.8   391.1   414.5   431.8   457.2   494.7   563.2  1241.1  5107.3  8700.5   7758.0     7737
read      396.7   441.1   148.8   194.9   209.2   337.0   421.3   472.8   511.9   555.9   608.1   701.2  1192.5  5265.0 24411.7  37357.5    37514
read      545.6  1589.6   160.7   202.2   219.5   366.8   419.6   451.7   478.2   514.1   577.1   714.9  5377.4 31053.7 37274.1  10604.0    10640
read      419.4   476.6   148.8   206.0   224.2   363.9   438.7   485.5   521.2   567.5   631.4   749.3  1131.6  3957.4 17236.9  90438.5    90490
read      414.9   452.8   148.8   207.3   225.4   359.1   428.5   470.6   505.3   549.4   615.9   740.1  1178.3  6421.1 24078.5  92298.5    92514
read      406.4   314.1   148.8   205.5   223.0   356.9   429.0   473.1   508.3   554.0   620.8   740.3  1143.3  3186.7 12556.1  89519.5    89245
read      403.7   348.5   148.8   201.8   217.4   344.8   421.0   468.2   504.4   550.0   617.6   735.9  1312.7  3738.3 12683.4  74011.5    73823
read      432.9   730.9   148.8   199.6   214.9   353.5   435.9   486.9   527.1   576.1   637.9   759.8  1365.6 11021.0 35602.9  46518.0    46565
read      416.2   491.4   148.8   196.8   211.0   363.6   447.6   490.3   519.8   553.6   603.3   722.3  1276.8  5069.9 20094.1  21323.0    21419
read      404.8   405.3   148.8   201.2   216.6   344.2   421.8   468.4   506.1   552.2   617.4   739.6  1266.8  4064.4 16006.3  66750.5    66915
read      400.5   249.3   148.8   198.6   212.9   354.4   443.4   493.3   528.6   569.5   620.8   716.3  1109.3  2316.1  7791.7  31525.5    31667
read      422.8   500.4   148.8   203.2   218.8   353.1   432.9   480.9   518.3   565.8   633.5   782.1  1464.6  4950.6 17416.0  72394.0    72255
read      455.8   462.6   148.8   215.0   237.8   389.2   467.7   523.1   568.1   625.0   702.1   828.5  1292.4  7687.5 19018.0  99601.0    99535
read      469.5  1043.8   160.7   207.4   225.3   363.6   412.1   437.4   462.5   497.5   549.3   678.4  3739.2 12862.9 32074.6   9332.0     9226
read      453.9   567.3   148.8   203.2   219.4   359.0   437.2   488.8   530.6   585.9   674.6   941.1  1946.5  5937.1 22949.7  68102.5    67844
read      398.3   336.5   148.8   200.9   216.4   344.4   418.4   463.4   500.5   546.1   610.7   723.3  1180.6  4000.6 11722.5  71061.0    71413
read      468.4   559.1   148.8   216.9   239.5   391.0   470.4   526.1   569.9   625.7   706.4   874.4  1603.3  7307.1 15020.8  97273.0    97328
read      428.2   582.8   148.8   198.4   213.4   345.9   422.8   470.5   511.0   560.8   625.9   761.3  1669.0  8088.7 30116.6  54971.0    55113
read      489.8   848.7   148.8   204.3   220.2   371.0   459.9   516.1   559.2   614.5   697.5   933.8  2295.5  9449.1 32050.4  53600.0    53743
read      439.9   574.5   148.8   202.9   217.6   381.8   450.5   488.8   517.9   555.8   619.5   773.8  1504.1  8104.9 30669.4  15397.5    15253
read      422.4   490.8   148.8   202.8   220.0   354.8   429.8   477.3   516.9   570.8   647.3   793.4  1354.3  6617.9 17241.8  90287.0    90605
read      481.2   865.2   148.8   198.0   212.9   365.3   462.9   517.6   558.5   615.1   738.2   980.5  1837.1 12554.0 31856.7  25782.0    25767
read      473.9   640.0   148.8   213.6   235.9   396.8   480.5   535.0   578.7   635.9   720.4   864.2  1321.3 10024.6 29744.6  93321.5    93458
read      442.4   493.5   148.8   211.5   231.8   380.6   458.6   507.8   547.5   601.5   680.1   820.4  1280.7  5206.6 23891.6  95083.0    95080
read      472.4   494.7   148.8   212.6   232.7   385.4   470.3   526.7   573.7   637.4   737.7   944.4  1817.4  5178.9 17276.3  88405.5    88399
read      409.2   366.8   148.8   208.2   226.0   357.3   425.2   468.5   504.5   550.0   618.0   749.8  1218.3  2573.6 16734.8  95735.0    95681
read      405.5   271.2   148.8   199.6   214.6   351.5   446.5   501.6   539.1   581.1   633.3   732.0  1173.7  2205.0 10140.8  32955.5    33003
read      441.2   507.5   148.8   213.8   234.4   379.0   452.9   501.0   540.9   591.9   668.4   802.9  1222.7  7137.8 19348.0  98780.0    98809
read      414.9   514.6   148.8   200.5   215.7   345.5   423.8   469.1   506.2   552.1   617.6   747.6  1506.6  5795.7 28787.5  64878.0    64610
read      405.5   266.9   148.8   201.4   216.5   351.3   431.3   479.9   518.8   567.0   630.5   751.2  1276.6  2508.0  9266.7  51451.5    51183
read      433.4   627.8   160.7   197.8   212.3   369.3   452.9   494.6   524.1   559.5   616.0   750.5  1280.5 11761.1 28602.5  20170.5    20194
read      502.5  1132.2   160.7   214.5   235.6   359.7   404.4   431.5   455.3   489.3   546.1   776.1  4625.7 11867.8 32114.4   7654.5     7602
read      466.8   649.4   148.8   206.1   222.4   375.7   465.9   523.2   566.8   620.0   698.8   881.9  1730.6 11718.1 30328.9  46448.5    46677
read      640.3  2274.4   160.7   223.6   250.8   345.7   385.7   410.8   432.9   465.4   519.3   760.3  9025.5 32398.6 37621.6   5599.5     5577
read      567.5  1196.3   148.8   202.9   218.0   392.3   503.7   568.8   629.5   732.5   867.6  1091.2  3991.2 16670.1 32283.9  22966.5    23035
read      420.9   486.9   148.8   201.8   217.3   349.2   428.0   476.5   517.5   567.1   634.2   790.2  1489.1  6749.1 13198.5  57264.0    57516
read      438.0   521.8   148.8   205.9   222.4   365.5   449.0   498.9   538.3   588.9   664.5   822.1  1531.3  7302.6 17055.9  62837.0    62851
read      429.7   522.2   148.8   198.7   212.9   347.3   435.6   493.9   537.1   586.3   648.6   801.4  1497.7  7600.0 14280.8  38513.5    38431
read      434.1   627.3   148.8   201.3   215.8   362.2   454.8   504.6   538.1   577.5   629.2   740.3  1420.4  8386.7 31007.4  25739.5    25729
read      701.3  2052.7   160.7   202.2   216.5   396.1   491.2   543.7   588.8   660.3   780.9  1077.4 10143.8 31527.8 38020.6  19444.5    19443
read      436.0   757.9   148.8   198.2   212.4   369.9   446.6   484.1   508.9   538.1   577.4   655.1  1518.0  9481.8 31849.7  19200.0    19461
read      466.6  1189.9   148.8   197.1   211.1   340.2   421.4   470.7   509.0   553.8   611.1   698.8  2042.8 22231.8 37828.9  42292.5    42341
read      512.0  1664.5   160.7   222.5   251.2   346.7   384.0   404.6   422.8   444.6   485.9   603.0  3696.9 29407.9 40484.8   5609.5     5691
read      445.7   376.9   148.8   203.1   218.7   368.3   460.7   519.6   565.1   623.2   713.4   948.4  1498.7  4226.8  8927.0  40141.5    40223
read      391.3   250.3   148.8   196.4   210.6   345.1   434.2   485.3   520.1   558.1   603.0   682.3  1041.2  2509.9  7795.1  29971.5    29941
read      426.8   604.2   148.8   200.6   215.9   356.4   439.2   491.1   528.8   573.8   633.5   744.9  1275.8 10146.9 27720.8  41187.0    41162
read      411.1   322.7   148.8   200.2   214.5   352.4   435.1   488.2   527.8   574.2   634.5   755.4  1327.8  4080.8  9287.5  43690.0    43863
read      461.0   860.0   148.8   201.1   215.5   375.3   457.6   498.8   528.3   563.8   617.7   775.0  1925.8 15381.1 31694.8  20164.0    20318
read      547.5   915.5   160.7   220.4   246.3   420.1   511.8   574.1   623.4   686.9   787.2  1016.7  2389.3 12533.2 35627.9  93395.5    93421
read      422.1   355.1   148.8   203.2   218.2   355.6   438.5   489.5   530.4   582.8   650.9   786.7  1480.7  3538.9 12989.7  48569.0    48578
read      413.0   335.2   148.8   203.1   217.7   353.9   445.1   501.5   543.7   590.8   647.4   741.6  1176.9  4023.6 10248.0  40752.0    40595
read      487.8   971.8   160.7   203.1   218.6   392.5   473.1   517.6   549.7   596.6   678.2   832.7  2153.7 12036.2 39435.1  17653.5    17677
read      427.9   442.3   148.8   208.7   225.9   362.4   438.6   487.7   526.0   575.7   642.9   785.6  1425.3  6995.2 12574.5  78892.0    78948
read      397.2   327.8   160.7   213.7   231.0   372.8   418.5   441.8   459.8   480.8   507.9   576.6  1023.9  4064.3 12010.9   9729.0     9703
read      478.0  1010.4   160.7   215.3   234.3   387.5   441.8   473.0   500.8   536.3   583.9   671.5  1937.9 12786.5 38030.3   9690.0     9686
read      396.1   307.4   160.7   218.0   236.6   363.3   402.7   424.9   440.3   462.7   496.7   573.1  1528.6  4032.3  8048.8   7998.0     7968
read      496.8   879.9   160.7   208.0   224.3   407.9   488.0   533.7   570.3   622.2   703.6   846.8  1887.0 15595.0 30831.0  15542.0    15830
read      467.8  1115.8   160.7   218.8   237.8   374.8   418.7   444.1   464.6   492.4   533.2   623.8  2746.7 12184.7 40585.8   8174.5     8192
read      726.0  1014.6   160.7   237.8   271.7   468.5   586.5   685.0   802.1  1302.2  1619.7  1836.8  4288.1 15363.5 31914.3  79052.0    79410
read      426.3   599.3   148.8   206.2   222.7   357.4   432.4   477.0   510.1   550.6   611.6   715.1  1572.4  8336.4 29702.1  76851.0    76582
read      420.4   481.6   148.8   202.7   217.6   348.1   427.2   477.7   519.6   571.0   637.1   771.3  1496.6  5034.1 22181.1  54871.0    54634
read      420.3   430.5   148.8   204.9   221.0   356.1   435.7   484.6   521.7   568.8   636.3   771.5  1294.5  4969.0 11909.9  72212.5    72177
read      477.9  1004.3   160.7   204.7   219.4   382.7   451.2   485.7   509.4   542.4   591.7   727.1  3360.2 12949.6 37221.8  15254.5    15101
read      415.0   425.1   160.7   212.6   233.3   363.2   408.2   434.3   458.8   490.9   537.6   632.2  1679.8  7159.4 13326.5   8012.5     8167
read      417.3   263.2   148.8   203.4   218.8   368.4   452.9   502.5   541.0   588.7   653.0   777.4  1239.4  2121.4  9166.3  44306.0    44130
read      417.7   276.7   148.8   202.6   217.7   358.5   440.3   492.0   531.8   582.2   654.3   796.8  1444.5  2560.9  8499.6  52859.0    53047
read      459.4   428.7   148.8   217.3   240.7   393.3   474.6   529.0   572.7   627.9   703.4   843.0  1311.3  5820.7 15266.1  97486.5    97171
read      429.7   556.6   148.8   204.3   221.0   360.5   437.7   484.1   520.5   569.6   637.7   773.7  1298.2  8524.8 20259.2  81558.0    81360
read      424.6   566.2   148.8   203.3   219.8   358.2   436.8   485.7   522.8   569.6   636.1   766.1  1257.1  6895.3 23506.1  77260.0    77277
read      408.7   239.9   148.8   200.8   215.5   360.1   444.8   497.2   536.6   583.4   642.3   752.0  1199.9  1937.2  7940.0  38256.5    38294
read      402.2   224.2   148.8   207.8   224.9   378.2   431.4   461.1   483.6   511.7   558.9   678.7  1070.3  3269.1  7764.5  11214.0    11165
read      458.7   788.7   148.8   203.3   219.9   356.9   434.8   484.6   524.6   576.3   650.2   829.2  2041.1 12063.2 30999.0  73813.0    74155
read      462.1   971.8   160.7   206.0   222.4   378.2   434.8   465.6   490.9   523.2   573.8   713.5  2118.3 12384.8 36211.6  12275.0    12255
read      407.9   258.2   148.8   202.1   217.2   356.3   436.2   487.3   525.8   574.3   638.3   754.9  1220.3  2351.9  7840.8  52474.5    52404
read      440.4   361.1   148.8   202.1   217.7   392.7   473.1   518.2   550.0   595.2   673.8   823.6  1347.8  4320.2 11838.6  17040.0    17057
read      408.4   525.1   160.7   219.8   245.1   348.5   392.1   418.1   436.2   465.8   511.2   619.4  1617.7  6984.2 25438.4   5994.5     6005
read      427.0   475.9   148.8   206.1   224.1   362.0   438.4   486.8   524.4   573.3   641.4   780.2  1298.7  6071.9 23820.0  85487.0    85707
read      441.2   527.0   148.8   207.2   225.2   370.0   450.9   500.6   539.9   589.8   659.8   796.0  1348.3  7885.8 15000.8  79605.0    79742
read      412.5   453.4   148.8   203.0   218.1   353.7   433.2   481.6   518.4   563.8   625.2   736.4  1267.7  4891.3 14996.2  58017.5    58322
read      430.4   354.5   148.8   198.6   213.1   362.6   462.7   514.4   550.0   596.2   671.3   860.1  1358.1  4531.6 10726.2  26346.0    26212
read      414.8   481.9   148.8   204.5   220.0   353.3   433.1   480.5   515.8   561.6   626.8   745.1  1243.1  5988.6 22215.3  69323.5    69487
read      443.5   718.8   148.8   200.1   214.3   354.2   449.3   503.4   539.8   582.4   638.6   762.3  1485.9  9393.4 30207.1  29427.0    29507
read      424.5   466.0   148.8   202.8   217.4   356.5   436.0   488.7   529.6   579.8   647.3   789.4  1449.5  5520.1 24962.9  51187.5    51412
read      423.9   468.6   148.8   204.1   220.1   363.0   445.1   494.6   532.4   581.2   649.3   781.7  1295.9  4872.9 11945.5  67459.5    67374
read      416.8   296.9   148.8   202.4   217.7   360.6   445.0   494.7   533.3   581.6   648.6   782.0  1358.9  2430.1 10449.4  55210.5    55125
read      441.8   589.5   148.8   202.8   218.2   362.3   445.6   496.6   537.7   588.3   659.9   814.4  1622.5  8173.1 30699.1  53031.0    53048
read      429.8   734.5   160.7   203.3   218.2   366.0   417.9   444.6   464.4   489.7   526.6   622.9  2323.3  7709.0 31788.8  12210.5    12192
read      388.7   236.8   148.8   197.8   212.4   344.7   427.0   477.6   513.6   554.5   603.9   679.5  1004.6  1972.0  8968.1  36149.0    36138
read      398.6   377.1   148.8   202.9   217.9   347.1   423.8   469.0   504.3   547.0   603.8   692.1  1119.0  4212.2 12458.9  60821.0    60799
read      399.5   285.3   148.8   201.8   216.3   348.4   439.0   494.0   532.7   575.8   626.6   701.2  1102.0  2067.7 12500.7  36508.0    36368
read      388.2   204.0   148.8   200.6   214.8   344.9   427.3   479.8   518.8   562.8   614.3   684.0   961.7  1576.4  5780.9  39549.5    39729
read      433.4   413.3   160.7   215.0   235.0   379.4   454.0   501.5   540.0   587.8   656.3   771.4  1183.6  3522.8 14957.1  96121.0    95693
read      394.9   277.4   148.8   200.8   215.2   344.3   425.4   475.8   515.0   559.4   614.0   691.1  1085.4  4287.2 10202.0  41007.0    40999
read      396.7   461.8   148.8   200.7   215.0   342.0   416.4   461.5   495.1   535.7   589.0   678.5  1099.7  6528.4 20566.4  64784.5    65037
read      389.6   473.6   160.7   203.6   218.1   363.2   414.4   439.1   457.7   478.5   506.6   563.5  1146.9  5442.5 24814.7  12625.0    12633
read      403.6   254.7   148.8   204.3   219.8   362.7   440.9   488.0   524.1   568.0   624.0   712.1  1065.8  2073.9  9505.9  49837.0    50117
read      396.8   461.8   148.8   200.6   215.1   344.6   419.1   462.2   495.1   535.6   589.5   675.6  1046.1  6678.7 17412.8  63053.5    62765
read      391.5   533.2   160.7   205.1   219.9   369.7   421.2   447.6   466.6   490.0   518.7   568.8   796.0  4026.2 38440.7  12507.0    12379
read      404.2   392.3   148.8   202.7   217.5   353.1   431.5   478.4   516.0   561.3   618.0   704.6  1112.2  4271.0 15706.3  49358.0    49369
read      384.0   246.7   148.8   198.1   212.1   337.9   418.3   468.4   507.6   549.1   599.6   672.1  1023.5  1856.8  8074.7  39274.0    39111
read      408.4   430.7   148.8   203.8   218.9   354.5   433.7   482.6   519.3   563.5   620.1   707.6  1119.1  4589.8 12899.2  52433.0    52692
read      405.0   334.0   148.8   202.7   216.4   358.4   451.4   497.6   528.5   561.7   602.0   675.7  1044.0  5331.0 14046.8  24562.0    24539
read      395.4   275.9   148.8   204.0   218.9   352.3   428.4   473.6   509.3   552.5   608.3   694.0   968.6  3271.4 12280.6  61559.0    61591
read      399.6   273.5   148.8   202.9   217.6   357.0   435.6   483.8   520.5   564.2   619.8   707.3  1052.5  1926.9 12034.1  47647.0    47864
read      406.9   503.6   160.7   205.0   219.9   376.6   445.1   478.4   500.3   526.6   558.6   611.0   968.5  8427.8 15907.4  16505.0    16479
read      393.0   336.1   148.8   204.3   219.8   347.0   421.7   465.3   499.2   539.3   591.6   682.3  1061.2  2086.8 12864.9  75052.5    75268
read      383.3   449.1   160.7   213.8   232.4   358.1   395.8   416.6   431.3   450.4   472.6   520.5   859.3  6670.1 24156.5   8691.5     8714
read      451.6   911.7   160.7   206.3   221.5   377.0   433.8   462.0   482.9   507.5   544.0   631.3  2268.8 12186.7 31957.9  12929.5    13002
read      414.4   545.6   148.8   203.2   219.0   347.2   420.7   464.4   498.9   541.3   598.3   692.5  1470.4  7811.3 21964.9  76560.0    77147
read      383.9   340.3   148.8   198.4   212.9   338.8   413.3   459.3   495.2   537.2   586.7   659.8   926.5  4136.5 10206.1  43703.0    43518
read      389.8   521.8   148.8   197.7   211.9   344.0   429.3   474.5   504.8   537.0   574.8   629.8   835.3  5602.6 28319.7  27072.0    27206
read      403.3   412.2   148.8   203.4   218.7   354.8   432.6   476.7   509.7   550.6   605.7   690.8   998.0  4463.6 12906.6  56057.5    55859
read      391.4   265.8   148.8   200.1   214.4   349.6   428.8   478.4   515.5   557.0   608.1   683.0   965.9  1918.1 12996.9  37253.0    37448
read      401.1   453.8   148.8   201.5   216.4   351.8   430.8   479.3   514.9   557.0   611.7   690.9  1016.7  3026.3 16294.6  44719.5    45026
read      415.1   277.3   148.8   217.8   238.7   377.8   447.3   490.0   523.5   565.3   620.3   711.1   939.9  1994.7  8732.8 100448.0    99974
read      391.9   319.6   148.8   204.9   220.7   348.8   423.6   466.5   499.9   541.1   594.5   680.8  1016.6  2431.4  8800.7  64778.0    64632
read      401.5   417.0   148.8   201.9   216.4   350.8   426.7   472.7   508.5   552.1   608.3   694.3  1117.8  4897.2 15104.2  49025.5    49061
read      391.9   255.5   148.8   204.0   220.4   349.1   423.7   466.1   497.9   537.5   590.1   679.7  1012.4  3010.5  5945.1  80482.5    80418
read      389.0   428.3   148.8   199.5   212.8   363.0   428.7   459.6   480.7   504.7   535.4   581.2   746.6  8360.5 12696.7  16450.0    16471
read      385.5   262.1   148.8   197.8   212.3   343.4   426.4   474.8   510.0   549.8   595.2   664.5   902.8  2024.4 10240.5  35659.5    35694
read      371.4   232.1   160.7   202.5   216.0   360.8   415.8   442.0   459.7   480.1   506.1   549.1   733.6  3973.9  7959.4  13944.0    13935
read      411.2   452.0   148.8   207.0   223.4   358.0   434.0   479.5   513.7   555.6   617.3   716.8  1009.8  7244.7 15086.7  79729.5    79838
read      408.3   499.5   148.8   200.7   215.6   353.4   432.8   478.9   514.8   558.3   613.2   701.9  1190.9  6888.9 30214.8  48965.0    48842
read      409.8   588.0   160.7   202.9   217.0   370.0   443.1   478.3   501.1   527.9   561.2   621.0   980.8  9044.3 30828.7  17594.0    17708
read      389.2   431.5   148.8   197.1   211.5   340.2   429.0   478.0   511.8   548.8   590.2   648.0   868.0  3977.6 27291.5  31435.0    31401
read      394.7   339.0   148.8   203.7   218.8   350.5   428.0   471.5   506.0   546.6   599.5   680.2   946.0  2379.7 15910.4  62314.0    62091
read      399.8   353.8   148.8   205.8   222.5   349.2   419.6   462.3   495.6   536.7   591.1   686.4  1231.6  4427.6 11042.2  87267.5    87121
read      384.0   365.6   148.8   202.0   217.4   341.0   408.8   450.6   481.4   519.5   571.3   652.5   935.1  3720.8 13609.0  81645.5    81929
read      400.8   255.2   148.8   202.5   216.5   354.9   438.2   490.4   529.3   573.9   626.0   705.1  1054.7  2415.8  6239.5  41945.0    42013
read      388.7   388.0   148.8   205.5   221.9   345.6   411.7   452.0   482.2   519.8   570.9   651.8   878.3  4617.3 13556.8  90371.5    90709
read      392.6   352.4   148.8   204.0   219.0   348.9   424.8   468.8   502.9   543.3   595.9   680.6   936.1  3293.5 12977.3  67323.0    67578
read      383.0   374.1   148.8   200.0   214.1   338.2   409.4   452.2   485.4   527.4   581.3   658.3   944.1  3077.4 12066.4  58318.0    58116
read      395.7   392.4   148.8   202.7   218.0   347.4   422.2   466.8   500.4   540.3   592.9   679.5  1013.4  3627.7 12781.7  69019.0    68886
read      376.7   286.5   148.8   204.4   220.7   341.5   405.8   444.1   472.0   508.4   557.6   636.3   822.9  2819.9 11623.7  93009.0    93119
read      401.9   358.3   148.8   210.6   228.6   360.7   429.2   470.7   503.5   543.9   602.1   693.1   924.9  3425.0 16219.0  94889.5    95079
read      388.7   294.2   148.8   204.7   220.4   348.9   424.0   467.3   499.9   538.3   588.8   671.2   877.4  2317.7 12641.4  77291.5    77456
read      381.5   361.6   160.7   200.4   213.7   362.3   424.6   453.5   472.2   496.4   524.8   568.1   831.1  5185.4 12773.3  15745.0    15723
read      376.4   342.4   160.7   207.6   224.4   355.7   397.1   419.1   433.8   452.8   474.0   515.2   780.0  4653.8 15122.5   9761.5     9867
read      374.4   312.5   160.7   213.7   233.3   355.5   392.2   411.8   426.9   444.4   467.0   509.5   804.5  5649.3 10088.3   8252.0     8176
read      390.3   380.8   148.8   204.8   221.4   349.0   417.6   459.1   491.0   530.7   584.4   670.6   897.6  3356.6 13595.2  89390.5    89745
read      372.1   253.5   148.8   205.3   220.8   362.2   407.2   429.6   445.8   464.4   489.7   530.5   784.4  2934.4  9430.6  10894.5    11058
read      378.2   401.9   148.8   200.9   216.1   335.4   404.2   445.1   474.9   511.9   562.1   637.2   854.7  4058.2 12802.0  81057.5    81413
read      393.7   324.1   148.8   200.2   214.1   359.9   443.9   482.8   508.5   538.2   574.6   632.9   906.1  4924.7 11816.4  21610.5    21659
read      375.3   210.4   148.8   197.3   211.0   338.2   427.1   472.5   503.7   536.2   574.5   628.1   826.8  1983.3  6345.4  27418.5    27181
read      404.7   644.7   160.7   200.9   214.4   367.2   437.7   469.8   492.5   517.2   546.6   598.7   867.3  7744.8 30841.0  17466.5    17420
read      379.4   291.3   148.8   196.5   210.6   346.8   435.0   475.4   502.8   532.0   566.2   618.2   803.6  2763.7 11778.7  23054.0    23028
read      395.8   555.0   148.8   196.4   210.6   337.0   423.8   474.6   510.0   548.9   593.1   656.9   922.4  7446.0 33181.7  33682.5    33694
read      384.6   251.7   148.8   196.3   210.5   339.1   426.1   477.5   513.8   552.1   595.4   662.5   940.2  2408.7  9768.3  32764.0    32735
read      395.2   314.7   148.8   202.2   216.8   350.5   427.3   471.1   505.7   547.4   602.2   687.4  1080.2  3086.9  9148.3  57363.5    57645
read      394.0   256.7   148.8   199.9   214.8   347.2   426.3   474.0   511.3   556.3   611.2   691.3  1108.7  2734.4  8458.3  45197.0    45216
read      405.1   354.8   148.8   203.2   218.4   358.2   435.4   481.2   516.4   559.7   615.6   704.1  1132.3  3440.8 11513.1  57587.5    57659
read      419.6   478.4   148.8   208.4   226.1   363.7   438.5   483.0   516.0   559.8   619.6   725.3  1238.8  5276.4 23006.5  85243.5    85443
read      399.3   517.5   148.8   202.8   216.6   367.7   424.4   452.4   470.8   493.4   521.5   572.1   863.9  8532.9 19101.2  14186.0    14390
read      395.7   257.1   148.8   199.3   214.2   356.0   442.3   492.2   526.7   564.8   609.6   677.4   950.7  1987.7  8075.0  31595.0    31520
read      392.7   369.7   148.8   201.5   216.5   347.6   426.2   469.9   504.6   544.9   597.0   684.8   914.6  3207.7 14668.6  66972.0    67089
read      380.6   273.8   148.8   199.5   213.3   365.7   430.9   462.1   483.8   507.7   539.9   585.8   745.7  3171.1 11825.3  16510.5    16537
read      397.5   507.0   160.7   197.9   211.3   361.2   435.0   468.4   492.3   518.9   550.0   604.7   914.1  7861.5 28112.0  18979.0    18930
read      398.2   346.7   148.8   200.6   215.5   356.5   433.6   479.4   514.0   555.1   610.1   691.5  1044.5  2603.5 13239.3  47174.0    46784
read      416.2   410.8   148.8   209.9   229.2   367.7   439.0   483.5   518.1   562.4   621.0   717.8  1110.5  4369.0 12890.9  93000.0    93102
read      381.0   258.2   148.8   202.3   218.3   341.9   408.3   449.2   479.4   517.1   567.9   644.7   977.7  2651.1  7975.3  89946.0    89799
read      399.6   439.9   148.8   200.8   216.2   348.8   423.3   467.5   500.8   540.9   593.0   683.8  1133.3  3342.0 17272.6  66375.5    66551
read      353.8   180.3   148.8   197.5   212.6   327.9   389.8   425.3   451.5   482.5   523.6   587.7   744.8  1259.9  8205.1  92975.5    93104
read      363.9   192.6   148.8   195.6   210.8   333.4   404.2   447.7   478.1   513.5   553.2   611.5   743.3  1417.8  7852.6  44009.5    43768
read      362.9   191.3   148.8   197.2   212.0   335.9   402.4   441.0   469.1   502.0   543.2   603.9   756.3  1438.0  8336.7  53931.0    54006
read      357.8   211.8   148.8   197.1   211.9   331.2   395.6   432.4   460.3   493.8   535.3   593.6   727.0  1117.3  9237.1  64583.0    64618
read      353.7   166.6   148.8   197.1   212.5   328.2   390.2   425.5   451.7   483.1   524.7   587.9   735.4  1457.8  6262.0  86241.5    86482
read      360.6   202.7   148.8   197.8   212.9   334.0   400.0   435.8   463.2   495.7   537.6   602.8   746.2  1089.0  9322.5  77296.5    77459
read      362.5   203.4   148.8   196.8   211.8   334.5   402.1   440.5   469.3   503.8   544.8   602.9   738.7  1356.6  8656.3  61321.0    61365
read      364.5   190.5   148.8   197.0   211.8   335.3   403.9   445.3   475.3   510.6   554.3   615.4   754.4  1272.8  7791.6  52296.5    52346
read      361.6   197.9   148.8   201.6   217.0   334.8   396.4   431.6   458.8   492.4   536.7   602.8   756.9  1610.8  7999.9  86930.5    87286
read      369.4   255.3   148.8   203.5   219.1   362.5   419.7   446.2   463.6   484.3   507.9   545.4   633.3  2400.7 10695.4  17303.0    17384
read      356.0   172.9   148.8   202.1   218.1   331.9   389.0   422.3   447.2   477.3   519.7   586.5   741.8  1333.0  7697.1  98331.0    98165
read      366.8   225.8   148.8   199.1   213.8   336.5   406.2   445.7   473.1   508.5   551.9   618.4   779.6  1458.1 10540.2  63249.0    63330
read      364.5   372.0   160.7   222.6   250.3   338.9   365.8   380.4   391.9   403.3   423.9   460.6   636.5  6268.5 11040.2   6006.0     5866
read      371.5   196.9   148.8   197.4   212.2   338.2   418.0   462.8   494.9   529.6   569.0   626.5   778.5  1334.7  7762.0  37510.5    37693
read      365.9   195.6   148.8   200.2   215.1   336.4   403.8   443.6   471.8   507.8   552.3   619.1   768.7  1336.1  8788.4  75086.5    75360
read      371.4   265.7   148.8   196.8   211.5   334.1   418.2   464.6   495.2   527.4   563.5   615.3   747.8  1590.3 11686.8  34611.0    34753
read      371.5   259.7   148.8   199.2   214.6   338.7   408.4   448.5   477.9   513.0   556.2   620.1   782.7  2628.3 11606.4  59954.5    59823
read      359.8   163.0   148.8   197.9   212.8   332.8   400.3   438.3   466.6   501.4   543.9   605.4   743.9  1133.4  4852.5  68195.5    68266
read      375.8   263.9   148.8   198.2   213.1   340.2   420.2   466.3   498.3   532.6   572.2   628.7   766.5  1600.5 13108.3  39411.0    39383
read      368.6   249.0   148.8   198.7   213.8   337.7   404.5   443.6   471.5   506.1   548.9   615.6   769.3  3635.7  8744.9  65106.5    65072
read      369.7   220.3   148.8   196.9   211.6   335.6   417.5   461.6   491.1   522.3   556.7   607.3   746.9  1612.3  9307.4  33229.5    33192
read      369.6   201.9   148.8   198.3   213.3   338.9   410.3   452.1   482.9   518.5   561.8   621.2   775.7  1594.9  6419.2  51753.5    51847
read      367.6   189.0   148.8   198.8   213.4   336.3   406.3   448.5   479.1   515.8   560.8   624.3   779.8  1833.0  7726.2  62396.0    62362
read      363.5   180.3   148.8   201.0   216.0   334.4   399.3   435.6   464.3   499.1   544.0   615.1   785.6  1577.3  5676.7  83801.0    84073
read      369.0   217.5   148.8   199.1   214.1   338.0   408.2   448.6   477.7   513.0   557.1   622.5   789.3  1680.9  7865.5  64076.5    64213
read      372.0   261.3   148.8   198.2   212.8   338.0   422.7   462.8   488.9   516.6   547.5   592.6   772.8  2761.2  9191.9  27144.5    27059
read      366.6   237.1   148.8   198.3   213.1   335.6   405.3   446.2   476.8   513.2   557.3   619.1   762.1  1096.3 11106.9  54810.0    54703
read      363.7   204.1   148.8   204.2   220.6   337.5   396.3   429.8   455.7   487.6   530.2   596.7   750.1  2291.7  7825.4  98216.0    98366
read      371.6   285.9   148.8   197.0   211.5   335.3   422.3   466.9   494.8   524.5   558.0   605.7   720.6  2862.1 11541.3  29716.0    29565
read      362.2   172.6   148.8   198.7   213.7   333.0   401.5   440.7   469.2   504.1   547.1   611.8   747.5  1252.6  6873.5  75055.5    75000
read      366.4   206.3   148.8   198.7   213.6   336.1   405.2   445.8   474.4   510.2   554.7   618.0   763.1  1628.5  8533.3  61973.5    62235
read      370.9   286.1   148.8   198.4   213.2   335.8   409.6   454.3   487.7   526.0   568.4   626.9   759.6  1166.5 12824.5  47863.0    47788
read      365.6   234.7   148.8   197.2   212.1   337.2   405.5   444.4   472.0   506.7   548.7   612.4   764.8  1402.8  9359.0  68826.5    68928
read      368.7   228.9   148.8   196.2   211.1   337.5   415.2   458.6   488.6   521.1   557.5   607.1   727.9  1256.9  9469.9  36340.5    36478
read      360.2   208.3   148.8   196.5   211.1   331.4   398.8   436.7   464.7   497.8   540.0   606.1   765.4  1406.4  8693.4  75953.5    76067
read      364.7   222.0   148.8   196.6   211.3   334.9   405.5   447.8   478.6   512.7   552.7   609.8   742.7  1406.9  8550.8  47355.5    47020
read      361.5   224.5   148.8   196.3   211.3   331.2   398.4   436.0   464.0   497.0   539.4   606.4   767.5  1924.7 10448.5  81658.0    81656
read      369.1   305.2   148.8   201.2   215.7   361.9   418.9   444.1   460.2   478.2   501.1   536.2   625.6  3292.3 12855.2  16267.5    16396
read      368.1   225.5   148.8   198.1   213.4   351.3   425.9   457.9   478.5   501.0   529.0   568.7   671.9  2062.9  8752.1  21759.5    21661
read      366.3   186.0   148.8   197.4   212.5   337.7   406.8   447.8   476.5   510.5   551.7   612.9   768.4  1572.3  6581.8  50331.0    50156
read      369.5   238.9   148.8   197.9   212.8   339.5   409.0   450.2   479.5   513.9   556.6   618.5   783.2  1656.4 12187.7  54027.0    54102
read      362.4   189.0   148.8   196.1   211.0   334.1   402.4   440.7   468.4   502.9   545.0   611.4   770.6  1565.6  8092.2  65779.5    65670
read      365.8   240.9   148.8   199.3   214.1   358.8   419.5   446.6   463.7   483.8   506.7   544.0   636.6  2559.0 10865.2  17536.0    17584
read      368.5   231.6   148.8   195.3   210.1   334.6   419.4   461.7   489.5   519.2   551.5   597.8   742.4  2138.1  8089.9  30408.5    30347
read      373.9   245.8   148.8   198.1   213.2   354.3   430.9   463.8   485.3   507.6   536.4   579.4   709.6  3832.0  9247.1  21752.0    21534
read      369.7   336.2   148.8   209.0   226.8   357.9   394.5   413.1   426.7   442.1   463.6   498.4   625.4  5909.2 11929.8  10165.5    10216
read      361.3   184.8   148.8   198.1   213.2   332.8   398.9   436.4   464.2   497.9   541.7   610.4   762.1  1664.8  6439.8  80445.5    80544
read      373.5   190.3   148.8   199.4   214.7   346.2   418.2   460.0   491.0   526.0   566.7   625.7   777.9  1281.0  6880.8  45643.5    45508
read      373.0   254.4   148.8   200.3   215.2   351.5   430.5   464.1   486.1   508.9   538.0   580.7   720.9  2177.9 11015.2  21768.5    21591
read      367.8   249.0   148.8   205.2   220.4   363.4   416.7   441.0   457.8   475.8   500.6   539.5   640.1  2660.0  7814.0  15394.0    15435
read      375.6   224.5   148.8   207.0   222.9   371.7   423.7   447.9   463.7   483.0   506.2   546.3   683.1  3349.5  8491.3  14592.5    14502
read      374.9   309.8   148.8   204.4   220.4   367.6   424.7   449.9   465.9   485.7   507.6   545.3   666.9  3620.6 16985.2  16267.5    16369
read      372.2   185.8   148.8   197.7   213.0   339.2   418.9   463.8   495.6   531.2   572.9   630.6   763.9  1089.2  7262.4  42262.0    42077
read      375.4   270.4   148.8   196.8   212.0   340.1   420.5   465.7   496.4   530.4   569.8   625.0   770.3  1635.1 12593.7  38366.5    38334
read      378.5   278.0   148.8   204.3   219.5   366.1   427.5   455.4   473.1   494.6   520.3   562.7   706.1  4798.1 10353.5  17548.5    17694
read      370.5   214.6   148.8   196.8   212.1   338.6   405.1   444.1   472.0   507.6   553.0   628.9   840.2  1890.8  8153.9  74661.0    75056
read      363.6   189.6   148.8   195.9   211.4   335.9   403.8   444.5   473.2   507.0   548.2   610.3   750.0  1150.0  7871.3  53884.0    53845
read      380.6   347.0   148.8   207.4   224.4   369.1   415.8   438.1   454.6   471.1   496.4   534.7   729.5  3949.5 16070.0  13322.5    13319
read      358.1   298.3   137.8   195.1   210.2   329.7   392.1   429.0   456.6   489.2   531.4   594.6   745.7  1357.0 16571.8  77622.0    77808
read      367.4   199.6   148.8   196.6   211.9   338.2   410.1   452.4   481.9   515.0   553.0   612.9   761.4  1188.2  7864.7  44552.5    44423
read      368.3   190.7   148.8   198.5   213.7   342.7   421.9   458.4   482.3   507.9   539.9   588.1   749.7  1708.3  6448.3  25672.5    25669
read      358.8   198.6   148.8   194.4   209.3   331.8   396.7   434.2   462.5   495.5   536.5   597.0   763.7  1552.1  6437.0  66261.5    66463

Total QPS = 50128.8 (45115960 / 900.0s)

Total connections = 64
Misses = 0 (0.0%)
Skipped TXs = 0 (0.0%)

RX 11143641626 bytes :   11.8 MB/s
TX          0 bytes :    0.0 MB/s
Warning! Detected max cpu usage > 95%
CPU Usage Stats (avg/min/max): 100.00%,50.00%,100.00%
