Random waveform, supplied seed
Total number of intervals = 450 (7434, 67201, 85927, 63953, 31595, 87879, 7287, 62295, 6561, 22532, 60653, 59076, 60154, 22964, 8172, 27652, 37594, 24367, 33771, 84944, 85666, 51918, 34406, 28664, 38289, 20658, 13840, 93419, 98284, 71313, 42089, 46458, 30755, 42889, 93552, 65694, 29574, 51355, 67361, 16287, 81508, 87619, 99068, 51267, 11822, 97494, 97350, 55460, 85984, 82043, 52873, 13911, 49984, 9274, 27187, 18735, 86505, 93039, 75999, 32324, 84255, 81759, 37291, 53818, 30297, 31569, 38927, 10652, 98119, 48176, 34929, 69735, 20753, 84642, 42333, 61587, 77998, 97625, 23781, 66723, 31016, 47394, 95335, 5252, 65908, 16889, 42912, 99898, 26385, 22616, 50605, 90283, 26273, 48521, 34058, 75648, 19482, 15054, 75754, 5187, 17656, 96343, 36665, 85269, 31525, 61798, 12253, 25710, 79937, 7271, 85861, 91467, 72217, 31080, 76878, 84584, 12492, 57106, 96245, 6791, 90728, 5151, 82969, 42635, 99337, 95192, 69200, 49459, 29055, 64324, 5705, 84816, 23714, 74116, 19948, 44213, 19454, 7190, 47657, 44399, 6481, 5807, 83137, 9580, 37385, 33706, 35204, 50438, 48878, 42682, 27416, 64424, 64364, 5481, 26227, 26586, 86286, 24452, 26832, 29795, 46224, 84587, 63389, 46953, 90536, 12508, 38491, 97806, 11813, 39665, 53571, 63215, 78767, 8615, 67903, 16398, 53434, 38068, 9130, 69227, 37496, 83925, 51037, 33690, 51474, 73708, 98618, 81977, 91567, 48236, 91726, 52458, 70467, 71151, 65016, 42057, 78821, 60720, 39911, 10628, 73736, 7334, 91868, 76670, 10405, 26019, 55530, 29615, 66057, 55281, 21177, 88239, 70227, 23421, 97104, 6235, 58045, 23729, 40897, 53312, 87262, 81836, 92274, 47252, 75747, 80994, 98224, 7737, 37514, 10640, 90490, 92514, 89245, 73823, 46565, 21419, 66915, 31667, 72255, 99535, 9226, 67844, 71413, 97328, 55113, 53743, 15253, 90605, 25767, 93458, 95080, 88399, 95681, 33003, 98809, 64610, 51183, 20194, 7602, 46677, 5577, 23035, 57516, 62851, 38431, 25729, 19443, 19461, 42341, 5691, 40223, 29941, 41162, 43863, 20318, 93421, 48578, 40595, 17677, 78948, 9703, 9686, 7968, 15830, 8192, 79410, 76582, 54634, 72177, 15101, 8167, 44130, 53047, 97171, 81360, 77277, 38294, 11165, 74155, 12255, 52404, 17057, 6005, 85707, 79742, 58322, 26212, 69487, 29507, 51412, 67374, 55125, 53048, 12192, 36138, 60799, 36368, 39729, 95693, 40999, 65037, 12633, 50117, 62765, 12379, 49369, 39111, 52692, 24539, 61591, 47864, 16479, 75268, 8714, 13002, 77147, 43518, 27206, 55859, 37448, 45026, 99974, 64632, 49061, 80418, 16471, 35694, 13935, 79838, 48842, 17708, 31401, 62091, 87121, 81929, 42013, 90709, 67578, 58116, 68886, 93119, 95079, 77456, 15723, 9867, 8176, 89745, 11058, 81413, 21659, 27181, 17420, 23028, 33694, 32735, 57645, 45216, 57659, 85443, 14390, 31520, 67089, 16537, 18930, 46784, 93102, 89799, 66551, 93104, 43768, 54006, 64618, 86482, 77459, 61365, 52346, 87286, 17384, 98165, 63330, 5866, 37693, 75360, 34753, 59823, 68266, 39383, 65072, 33192, 51847, 62362, 84073, 64213, 27059, 54703, 98366, 29565, 75000, 62235, 47788, 68928, 36478, 76067, 47020, 81656, 16396, 21661, 50156, 54102, 65670, 17584, 30347, 21534, 10216, 80544, 45508, 21591, 15435, 14502, 16369, 42077, 38334, 17694, 75056, 53845, 13319, 77808, 44423, 25669, 66463)
Average QPS expected = 50157
Timestamp start: 1715637859869
Timestamp end: 1715638760888

#type       avg     std     min      p5     p10     p50     p67     p75     p80     p85     p90     p95     p99    p999   p9999      QPS   target
read      544.1  1046.0   173.5   243.7   270.6   417.2   471.6   506.1   534.0   571.2   631.9   798.6  3860.2 19665.3 30760.6   7320.5     7434
read      424.1   291.8   160.7   221.0   237.0   365.8   443.9   495.2   535.1   586.7   661.2   787.4  1221.4  2639.7 11560.9  66743.0    67201
read      433.9   505.5   160.7   221.8   239.7   373.8   451.4   500.0   537.8   585.4   652.2   762.9  1098.1  4778.5 20426.2  85954.5    85927
read      478.7   517.8   160.7   222.9   241.1   388.7   480.4   540.7   590.1   657.0   751.7   938.6  1759.7  7504.4 21690.4  64071.5    63953
read      442.8   469.4   160.7   219.9   235.3   374.0   486.5   544.8   584.7   629.7   682.9   772.5  1125.0  7662.3 15476.9  31582.0    31595
read      436.1   333.7   160.7   222.2   240.6   379.5   456.2   503.7   542.7   594.8   672.1   809.2  1234.3  3168.7 12479.3  87561.0    87879
read      507.4   885.7   173.5   245.5   273.5   407.6   462.2   495.7   521.8   556.2   617.2   796.0  2658.9 10478.1 31819.4   7314.0     7287
read      422.1   296.4   160.7   218.4   233.5   363.6   444.1   495.9   535.1   586.1   658.3   780.6  1246.7  2744.5  9904.3  62295.5    62295
read      455.6   790.6   173.5   242.6   272.0   393.7   432.7   457.5   475.2   500.0   539.3   620.7  1417.4 10496.5 31745.9   6461.0     6561
read      458.9   282.2   160.7   222.6   238.9   411.2   519.0   565.6   598.3   639.6   702.4   816.5  1286.2  3018.2  6226.2  22363.0    22532
read      435.1   526.1   160.7   219.5   235.2   368.3   449.3   501.8   543.0   594.6   667.8   788.2  1269.2  5189.5 30697.0  60674.0    60653
read      420.0   254.6   160.7   219.3   235.1   365.6   446.0   499.6   541.4   593.0   665.8   782.5  1134.7  1884.6  9903.3  59210.0    59076
read      418.7   268.7   160.7   218.7   233.6   359.2   439.9   493.9   536.0   588.4   660.7   777.0  1280.5  2248.9 11288.8  60134.0    60154
read      438.3   283.9   160.7   220.9   236.8   392.0   504.0   552.7   585.8   624.0   673.9   755.9  1030.3  2360.3  8711.0  23044.0    22964
read      466.0   958.9   173.5   240.2   264.8   408.2   457.6   485.8   506.0   533.1   569.3   635.3  1025.6 13051.9 49546.1   8105.0     8172
read      439.9   404.7   160.7   220.7   237.1   381.8   491.2   544.8   579.3   619.9   672.2   756.6  1126.5  4748.1 12754.7  27525.5    27652
read      448.1   572.8   160.7   219.7   235.3   367.9   465.8   526.4   567.3   614.6   674.3   774.5  1232.3 10268.7 23668.5  37685.0    37594
read      433.3   339.0   160.7   220.8   235.6   381.4   488.4   536.8   569.3   606.6   655.8   737.4  1081.4  4693.9 10568.2  24235.5    24367
read      436.5   283.3   160.7   221.9   238.1   374.0   485.3   547.0   588.4   633.0   688.9   785.6  1123.4  2284.7 10427.0  33636.5    33771
read      431.2   315.4   160.7   221.0   239.0   373.1   449.0   498.2   537.1   587.5   664.1   800.7  1268.3  2839.6 10766.9  84873.5    84944
read      452.3   517.2   160.7   223.2   242.9   386.4   466.1   517.1   557.3   610.3   687.4   837.6  1302.4  6176.7 30083.2  85427.5    85666
read      420.4   255.2   160.7   219.9   236.1   367.8   451.0   505.0   545.2   595.9   663.4   767.7  1099.4  1932.5  9989.0  51951.5    51918
read      515.9   515.9   160.7   223.7   241.6   396.6   514.3   581.7   633.1   698.9   799.6  1103.4  2567.7  6111.7 10918.8  34706.5    34406
read      471.9   556.4   160.7   221.4   238.0   391.7   501.9   556.0   595.0   639.9   703.0   823.7  1430.1  8683.8 19493.9  28299.5    28664
read      481.1   462.3   160.7   224.3   242.3   395.0   508.7   575.8   624.4   682.7   765.6   941.8  1559.6  4005.4 11371.4  38317.0    38289
read      454.0   512.9   173.5   221.6   237.2   407.5   509.7   553.0   582.9   618.2   664.1   743.7  1112.5  5514.9 26723.6  20619.5    20658
read      462.7   295.6   173.5   228.9   247.6   435.6   510.3   547.2   576.9   612.7   664.8   764.3  1178.8  4008.2 10421.6  13972.5    13840
read      505.7   544.3   160.7   236.4   262.3   431.7   522.7   583.3   631.6   691.5   776.7   932.3  1440.5  7261.7 28619.3  93352.5    93419
read      535.8   542.2   160.7   243.8   275.2   464.9   567.8   633.8   687.6   755.2   843.8   979.4  1313.5  6409.1 26218.2  98066.0    98284
read      439.4   334.3   160.7   220.7   238.3   374.0   454.9   508.1   550.5   609.0   691.6   844.6  1341.3  3526.1 11709.0  71056.5    71313
read      454.4   555.4   160.7   220.7   236.9   372.9   470.0   535.2   582.8   638.2   706.4   823.8  1322.1  6659.8 30961.7  42157.0    42089
read      437.8   414.0   160.7   220.5   236.4   370.4   462.8   523.6   569.4   623.5   688.1   795.0  1228.3  4795.2 18106.4  46197.0    46458
read      432.9   276.7   160.7   218.3   233.4   372.4   483.8   544.8   584.1   628.9   684.8   773.6  1109.9  2630.4 10148.9  30685.5    30755
read      423.1   326.2   160.7   218.5   233.0   361.1   450.4   512.8   557.7   609.7   672.4   767.8  1142.2  2762.4 13307.4  43105.0    42889
read      434.8   422.4   160.7   222.1   240.9   377.0   451.8   498.8   536.0   584.9   654.0   777.1  1177.7  5433.1 12710.9  93569.5    93552
read      420.8   558.6   160.7   218.0   232.5   359.1   434.6   485.6   524.1   572.6   638.4   747.4  1091.4  6327.4 29599.3  65779.5    65694
read      443.9   463.0   160.7   220.7   236.5   376.7   491.0   550.1   589.3   632.5   683.6   775.5  1183.3  4120.4 30133.1  29775.5    29574
read      423.8   422.2   160.7   216.5   231.4   359.2   440.4   497.7   540.3   592.8   660.7   771.7  1222.0  3891.3 14754.6  51391.0    51355
read      433.2   649.7   160.7   217.7   232.7   361.2   440.1   491.1   530.0   579.8   649.4   772.0  1261.1  8705.0 32829.6  67065.5    67361
read      435.3   322.1   160.7   222.4   238.4   410.6   494.8   531.5   555.5   585.2   627.2   699.0   964.4  3697.0 13688.4  16261.5    16287
read      411.9   328.3   160.7   218.6   234.4   363.2   435.2   481.7   517.1   563.3   628.9   737.6  1082.8  3057.8  8517.8  81278.0    81508
read      419.1   318.4   160.7   218.8   235.0   364.9   435.8   482.9   519.6   567.7   636.6   760.9  1191.6  4095.5  8641.6  87243.5    87619
read      441.1   291.7   148.8   223.0   242.8   385.5   462.0   510.6   550.1   603.2   676.1   806.1  1412.8  2876.3 10580.4  99032.5    99068
read      416.4   256.4   160.7   217.3   232.2   360.1   441.7   498.5   540.5   592.5   661.2   767.6  1168.8  2198.9  9042.9  51020.0    51267
read      455.4   803.0   173.5   225.5   243.7   408.5   471.3   503.2   525.6   549.3   589.3   669.7  1093.5  9174.5 35724.0  11809.0    11822
read      452.7   500.7   160.7   225.7   247.0   393.0   471.5   524.7   566.5   621.2   692.1   805.0  1135.2  5009.8 20237.3  97023.0    97494
read      434.4   322.2   160.7   224.1   244.7   383.0   458.9   507.4   546.0   596.5   669.5   788.9  1102.2  2497.9 14263.8  97571.5    97350
read      424.8   292.8   160.7   216.0   231.1   362.7   441.2   495.8   537.1   589.8   664.6   792.0  1350.2  3291.9  9348.5  55153.5    55460
read      428.6   351.7   160.7   220.8   239.1   376.0   451.8   499.6   538.0   587.3   656.8   782.3  1140.3  2688.1 12787.7  86069.5    85984
read      424.6   346.2   160.7   219.1   236.1   367.1   440.5   488.9   527.3   577.7   651.5   792.3  1304.8  2558.6  9880.4  82264.5    82043
read      412.7   241.7   160.7   217.3   232.3   360.0   441.4   496.6   537.1   585.0   649.2   745.9  1075.8  2786.1  7965.3  52884.0    52873
read      463.0   668.1   160.7   224.5   241.9   418.3   492.6   527.8   550.0   580.4   622.3   700.4  1072.3 10161.1 29754.1  14044.5    13911
read      447.6   574.0   160.7   218.2   233.2   363.7   448.1   506.5   551.8   607.1   674.6   789.6  1449.3  8580.4 17633.1  49782.0    49984
read      420.6   371.6   173.5   228.4   248.7   393.1   441.2   467.8   488.8   511.6   543.8   600.5   936.3  6375.8 12507.5   9267.5     9274
read      438.3   302.1   160.7   219.5   234.9   383.0   495.6   548.2   583.3   624.4   678.1   766.9  1105.9  3703.3 10048.8  27097.0    27187
read      434.3   293.8   160.7   220.4   235.2   403.8   496.0   537.6   565.4   595.7   638.8   714.1  1009.5  4670.3 10622.7  18732.0    18735
read      447.8   493.1   160.7   223.3   242.3   384.0   462.3   512.8   554.5   609.8   686.6   825.6  1250.8  3909.8 16231.7  86438.5    86505
read      440.0   292.0   160.7   222.7   241.7   381.0   457.7   506.2   544.6   595.1   673.0   816.8  1423.9  3235.5  8129.4  92667.5    93039
read      428.7   351.4   160.7   219.5   236.3   371.3   449.4   498.9   538.1   588.8   659.7   780.1  1206.6  3661.1  9488.6  76128.0    75999
read      439.7   286.9   160.7   221.6   237.4   376.4   490.1   552.6   592.8   639.1   697.1   795.8  1136.5  2530.0 12338.4  32159.0    32324
read      443.0   420.0   160.7   220.1   238.0   374.6   450.6   499.4   539.1   591.5   670.5   815.7  1637.2  4195.7 11997.1  84404.5    84255
read      406.1   222.8   160.7   217.5   233.3   358.6   429.0   474.7   510.1   556.1   622.8   733.6  1116.4  2006.3  5930.1  81773.5    81759
read      421.2   468.4   148.8   216.6   230.8   356.8   450.9   513.5   554.2   598.6   653.5   735.2  1042.0  4837.3 23507.7  37251.0    37291
read      433.2   412.7   160.7   218.3   233.6   364.0   447.9   506.0   550.9   605.7   673.3   786.5  1344.8  5719.0 10014.0  53879.0    53818
read      436.1   298.6   160.7   219.5   234.2   373.4   486.8   546.3   585.3   628.1   680.8   778.3  1158.7  2808.5 11057.1  30493.0    30297
read      442.4   438.6   160.7   218.4   232.5   368.7   481.9   544.0   583.4   626.9   680.8   777.4  1239.6  7489.9 12565.3  31832.0    31569
read      428.3   381.1   160.7   217.4   232.7   363.6   458.8   523.7   567.0   617.1   676.6   762.8  1104.9  3365.0 12785.1  39134.0    38927
read      429.0   336.3   173.5   225.7   243.6   405.1   463.5   496.3   519.2   544.6   583.4   666.8  1002.5  2735.7 15405.8  10758.5    10652
read      454.6   313.7   160.7   226.2   248.6   397.3   478.9   532.5   574.3   627.1   699.6   829.0  1295.2  3049.4  9479.7  97943.5    98119
read      432.0   464.4   160.7   216.8   231.9   361.0   444.2   503.1   546.2   598.2   665.4   768.6  1203.5  8004.9 10629.4  48116.0    48176
read      419.0   235.0   160.7   215.9   230.4   361.1   459.8   523.4   564.8   611.6   666.9   751.6  1116.7  1764.9  7894.1  35326.0    34929
read      415.2   237.2   160.7   216.4   232.1   362.4   436.1   487.1   526.3   576.5   645.6   768.6  1235.3  2206.4  6035.6  70006.5    69735
read      425.4   455.9   160.7   215.4   229.1   386.2   481.4   524.2   551.1   583.1   625.5   697.4   974.5  5733.2 16807.0  20876.0    20753
read      448.6   609.0   160.7   219.9   237.5   373.7   449.7   498.7   537.7   588.3   661.6   794.9  1355.6  9281.7 27982.3  84560.5    84642
read      427.8   295.4   160.7   219.3   234.7   370.4   460.0   519.0   561.7   611.6   674.1   775.3  1147.1  2793.1 10771.6  42354.0    42333
read      418.3   446.1   160.7   217.4   232.9   360.0   434.0   484.3   523.3   572.6   638.0   744.7  1161.6  3970.5 15918.3  61679.5    61587
read      410.6   405.7   160.7   216.5   231.9   353.8   424.2   470.6   507.4   553.8   622.3   733.0  1098.1  4534.4 18152.3  77935.5    77998
read      454.2   391.2   160.7   226.8   248.7   395.1   474.5   526.1   568.3   624.4   703.9   846.7  1215.5  4644.5 13424.7  97838.0    97625
read      449.9   544.7   173.5   219.4   233.5   389.8   495.1   544.2   578.4   617.6   667.6   756.4  1203.9  8318.2 28419.7  23800.0    23781
read      433.0   343.1   160.7   218.9   234.5   368.1   448.1   502.7   545.2   600.0   680.2   826.5  1402.1  2786.5 12459.7  67152.0    66723
read      435.8   361.1   160.7   219.5   234.9   375.4   481.1   538.5   576.8   621.0   675.5   761.4  1153.6  4514.6 13311.9  31166.5    31016
read      416.6   273.6   160.7   217.5   232.4   359.0   441.8   502.3   546.3   598.4   666.0   763.9  1131.7  1924.9  8561.4  47304.0    47394
read      431.0   458.9   160.7   221.4   239.9   375.0   448.4   494.6   531.0   577.7   641.9   756.2  1100.4  4854.3 17565.5  95678.0    95335
read      478.6  1055.4   173.5   254.0   284.3   380.8   417.6   438.2   457.5   480.6   518.4   600.0  2199.6 14930.9 32013.4   5300.5     5252
read      411.2   293.4   160.7   218.0   233.1   357.6   433.0   484.6   524.6   572.9   638.0   747.8  1119.3  2134.3  8918.1  65458.0    65908
read      436.8   505.1   173.5   220.8   235.8   405.0   486.9   525.2   548.9   576.7   611.3   673.2   905.9 10068.4 14676.0  16743.0    16889
read      418.3   246.8   160.7   216.7   231.4   357.5   447.5   515.4   561.5   612.6   673.0   763.0  1142.2  1938.7  9575.1  42852.0    42912
read      485.7   433.2   160.7   233.8   259.1   421.3   508.8   565.9   611.1   667.7   744.9   886.3  1445.8  4478.0 11933.7  99582.5    99898
read      444.1   288.5   160.7   221.7   237.8   390.9   501.6   555.8   591.0   632.1   684.2   780.4  1151.9  3348.9 10730.9  26260.5    26385
read      428.2   290.0   160.7   219.6   234.6   386.5   489.2   536.9   567.5   601.9   648.5   729.9  1043.5  1937.1  8425.0  22805.0    22616
read      414.3   247.2   160.7   217.4   232.3   358.5   438.5   496.4   540.6   591.2   656.2   758.9  1128.1  2096.9  8106.6  50810.5    50605
read      435.6   434.3   160.7   222.9   241.9   379.7   454.7   502.0   540.4   589.1   659.7   780.3  1166.9  3844.4 15724.2  90308.0    90283
read      413.2   238.0   160.7   213.5   227.7   362.2   469.7   523.7   556.5   591.9   639.0   724.0  1040.9  2096.4  7882.2  26393.5    26273
read      423.2   402.0   160.7   215.9   231.3   361.7   443.2   501.0   544.5   597.8   666.4   777.6  1166.3  2331.1 13841.3  48562.5    48521
read      428.1   276.1   160.7   219.0   234.0   366.9   469.1   531.8   573.5   620.9   677.7   772.2  1154.6  2052.1 12031.9  33859.0    34058
read      429.2   486.1   160.7   217.4   233.0   360.1   433.3   481.9   519.9   568.2   636.3   763.1  1534.6  5816.7 19634.3  75674.5    75648
read      439.6   560.0   160.7   215.1   229.4   389.6   479.1   520.6   547.2   578.3   620.1   693.5  1004.8 11615.3 16354.7  19351.0    19482
read      418.7   289.6   160.7   218.9   233.3   395.3   463.5   499.0   522.7   547.5   584.6   657.7  1013.8  4222.7 11088.7  14912.5    15054
read      412.8   396.1   160.7   214.5   230.0   356.7   427.4   473.2   509.4   554.8   622.1   741.9  1242.0  3518.8 12668.4  75346.0    75754
read      433.8   517.0   173.5   243.9   274.5   374.0   410.7   434.6   458.0   488.8   534.5   618.9  1580.8  7125.7 17510.5   5235.5     5187
read      443.0   578.1   173.5   218.3   232.9   395.6   479.7   520.3   545.8   577.0   618.7   694.9  1053.3  8133.4 28812.3  17519.0    17656
read      424.5   246.7   160.7   222.9   242.3   375.5   445.2   490.2   525.5   571.2   636.8   768.3  1221.3  2469.8  8950.9  95867.0    96343
read      420.7   306.5   160.7   215.7   230.5   358.0   453.8   518.0   560.2   606.7   663.4   746.8  1072.6  4445.4 10748.2  36792.5    36665
read      419.5   399.4   148.8   218.1   234.0   362.8   431.0   475.1   510.8   557.6   626.8   747.4  1194.8  5004.7 11061.5  85429.0    85269
read      429.1   309.7   160.7   218.7   233.1   371.5   475.4   536.2   574.7   617.9   671.1   747.7  1083.7  4103.7  9437.1  31204.0    31525
read      426.5   517.5   160.7   216.8   231.5   359.2   436.4   488.2   529.2   579.9   648.2   762.8  1197.1  8348.4 15865.5  61679.0    61798
read      429.2   354.6   173.5   225.6   242.5   404.8   462.0   493.2   514.4   539.9   575.1   637.3   947.9  5576.4 10471.8  12333.0    12253
read      433.4   410.0   160.7   219.4   233.7   375.8   487.1   542.9   577.7   615.7   663.2   740.9  1089.1  4149.6 13890.9  25563.5    25710
read      424.4   388.6   160.7   218.8   234.7   365.2   437.3   486.3   524.7   574.3   646.0   772.3  1257.7  3848.3 14641.0  79699.5    79937
read      475.4  1073.3   173.5   242.5   267.3   392.9   431.8   457.5   476.6   502.9   538.8   608.3  2203.1  9939.2 39872.6   7239.5     7271
read      438.9   424.5   160.7   223.3   241.8   378.9   454.0   501.5   538.9   587.2   656.3   782.6  1214.5  7799.8 11069.4  85603.5    85861
read      417.9   361.2   160.7   219.6   236.6   363.2   432.3   478.1   514.2   561.3   628.6   748.7  1178.6  2894.3 14543.7  91718.0    91467
read      419.8   394.9   160.7   216.4   231.7   361.1   435.5   485.4   523.9   572.6   640.8   759.7  1133.9  4650.3 13000.9  72119.5    72217
read      422.6   312.5   160.7   215.5   230.1   361.8   465.3   525.3   563.6   605.7   658.7   740.3  1169.2  2987.9 13370.6  31196.5    31080
read      436.3   436.9   160.7   220.3   237.1   369.2   446.9   498.5   539.0   590.9   669.3   814.8  1435.9  3104.1 13889.7  77013.0    76878
read      411.9   353.7   160.7   217.6   233.2   361.0   430.6   476.5   512.1   558.0   626.8   747.4  1132.5  2366.1 15845.9  84284.5    84584
read      418.3   422.6   173.5   222.4   238.6   399.0   459.9   492.5   514.1   539.1   571.5   626.8   833.7  4559.2 28226.5  12699.0    12492
read      408.4   236.9   160.7   216.9   232.0   355.4   432.1   483.8   524.9   575.0   642.8   749.8  1137.0  2011.5  8366.1  56514.5    57106
read      491.3   388.2   160.7   234.1   260.1   423.1   509.7   565.1   608.6   666.4   748.3   926.7  1593.2  3961.3 11712.9  96401.0    96245
read      457.1   388.9   173.5   248.4   278.9   406.1   454.8   486.2   511.7   548.0   608.5   756.1  1415.1  7655.3 12264.4   6809.0     6791
read      445.3   299.6   160.7   223.5   243.6   386.2   464.4   516.3   557.1   611.2   686.4   826.0  1378.9  3460.5  8041.6  90077.5    90728
read      473.7   774.3   173.5   256.1   288.3   391.4   430.8   459.3   483.4   517.0   572.3   709.4  1565.6 12504.4 30048.1   5150.0     5151
read      413.7   295.4   160.7   217.5   233.6   362.3   432.8   479.5   516.0   562.7   629.0   736.9  1101.4  4135.4  8890.1  82161.0    82969
read      447.1   522.1   160.7   217.6   232.8   369.1   460.2   522.3   566.7   618.6   685.1   803.4  1379.6  7270.0 26787.7  42654.5    42635
read      462.6   442.5   160.7   230.5   255.3   407.6   488.3   538.9   579.8   630.9   701.6   826.0  1160.6  3973.0 16005.3  99287.5    99337
read      430.5   355.3   160.7   224.5   244.8   382.9   456.4   502.5   539.1   585.6   651.7   766.1  1063.0  1960.1 13401.8  95320.5    95192
read      428.9   352.5   160.7   219.8   236.7   370.7   449.1   500.5   541.1   593.3   667.3   790.3  1216.2  3662.6  9092.1  69269.5    69200
read      431.8   387.6   160.7   218.6   234.0   367.9   448.4   502.3   543.5   593.4   662.9   774.3  1281.9  5118.9 10071.1  49790.5    49459
read      444.7   612.2   160.7   214.7   229.3   366.8   468.2   526.9   564.6   605.5   656.0   740.4  1151.0  9063.7 30682.5  29111.5    29055
read      427.1   295.9   160.7   219.4   235.0   366.8   446.9   500.4   540.7   593.0   667.9   795.8  1265.8  3702.9  7504.6  64541.5    64324
read      439.2   573.7   173.5   246.8   277.9   388.5   427.1   451.8   470.5   497.6   533.0   597.4  1534.0  8181.4 31133.4   5773.0     5705
read      407.0   221.3   160.7   217.8   233.9   360.7   430.0   475.6   511.5   558.2   624.0   733.1  1126.5  2053.4  5695.3  84722.0    84816
read      431.9   292.8   160.7   218.7   232.5   380.8   493.1   546.8   579.7   617.0   663.7   740.0  1083.8  2544.6 10109.4  23780.5    23714
read      429.3   518.0   160.7   216.0   231.6   361.6   435.6   486.3   525.8   575.1   643.6   759.2  1250.4  7037.5 26976.0  73794.5    74116
read      422.6   255.2   173.5   219.4   233.9   391.7   483.4   527.3   555.5   587.2   629.3   703.9   940.6  2162.2 10254.6  19960.5    19948
read      420.8   232.4   160.7   218.2   233.1   364.8   451.4   511.8   555.0   607.1   673.6   777.6  1166.0  1719.3  7897.6  44006.0    44213
read      441.6   495.3   160.7   220.2   234.6   395.2   488.9   532.8   560.9   591.5   635.9   719.4  1057.1  7793.1 19171.6  19361.0    19454
read      490.1  1090.2   187.4   236.7   261.2   387.1   424.7   447.4   465.2   488.7   521.7   593.7  3775.5 12792.5 36597.8   7144.5     7190
read      438.0   447.6   160.7   216.6   231.6   362.4   446.4   506.1   551.2   607.6   678.9   795.8  1448.4  4698.1 15678.0  47457.0    47657
read      417.4   255.8   160.7   216.5   231.8   360.1   446.1   505.9   549.2   601.2   666.8   767.6  1158.3  2097.6  7858.2  44321.0    44399
read      429.5   658.9   173.5   243.4   270.1   388.2   425.2   447.3   464.2   487.1   518.5   578.8   907.1  8460.2 36096.1   6548.5     6481
read      419.6   487.6   173.5   245.1   272.1   381.4   417.4   436.9   456.3   478.6   513.0   580.1   969.4  7685.2 16164.6   5876.5     5807
read      418.7   540.0   160.7   216.5   232.4   359.1   429.5   476.2   512.1   559.3   626.6   741.5  1099.9  5801.2 29790.3  82183.5    83137
read      453.2   504.8   173.5   232.6   252.8   405.7   455.1   484.5   505.2   532.3   570.8   652.7  1630.7  7530.6 15178.2   9530.5     9580
read      437.0   410.1   160.7   219.7   234.5   370.2   465.4   530.1   573.1   624.1   690.4   798.7  1261.4  3104.5 13819.9  37500.5    37385
read      420.1   270.9   160.7   215.3   229.5   363.4   461.8   523.8   563.4   609.1   667.2   757.0  1084.6  1800.2 10357.3  33728.0    33706
read      445.9   284.8   160.7   221.2   237.4   380.7   487.7   551.5   595.0   645.6   712.1   825.7  1264.2  2374.2  8130.8  35139.0    35204
read      428.9   266.7   160.7   218.9   233.9   366.2   450.9   508.4   554.8   612.9   687.7   806.6  1297.5  2175.3  9672.7  50280.0    50438
read      425.5   547.6   148.8   215.9   230.7   360.1   440.2   495.9   538.0   588.2   653.4   753.2  1175.3  6100.1 29681.6  48886.0    48878
read      437.5   510.6   160.7   217.3   232.5   368.5   455.8   513.9   556.4   607.8   678.2   791.5  1247.1  6359.2 30226.1  42926.0    42682
read      427.8   371.9   160.7   214.3   228.9   370.1   469.3   524.1   558.8   598.6   649.8   736.3  1100.4  4568.2 16895.1  27599.5    27416
read      404.0   261.4   160.7   214.9   229.9   355.9   426.5   472.6   509.0   557.1   624.1   734.8  1085.2  2007.3  9641.6  64149.0    64424
read      421.5   325.5   160.7   219.1   234.5   368.0   444.2   494.1   531.7   578.7   644.8   765.9  1144.2  3601.4 12089.1  64320.5    64364
read      499.3  1184.0   173.5   249.8   285.9   395.9   437.9   466.8   490.5   520.6   572.0   694.8  2204.8 30369.9 34989.8   5524.0     5481
read      459.2   686.3   160.7   219.4   235.0   382.6   487.3   542.0   577.3   617.1   668.0   755.0  1157.1 10297.9 32311.9  26322.0    26227
read      431.5   328.4   160.7   217.6   232.1   372.7   485.5   541.6   576.9   615.5   662.1   736.3  1094.6  4914.4 10366.4  26542.5    26586
read      420.2   409.5   160.7   218.7   235.7   366.2   437.3   484.6   521.0   567.8   633.8   751.0  1125.7  3615.1 17327.0  86332.0    86286
read      426.3   469.4   160.7   215.1   229.1   371.2   475.5   527.3   558.9   593.2   637.6   707.7  1035.0  5283.1 30196.1  24495.0    24452
read      432.3   508.9   160.7   217.2   231.3   372.6   476.8   532.9   567.6   606.1   654.3   732.0  1071.6  5772.4 33283.5  27082.0    26832
read      439.7   539.0   160.7   217.9   232.3   366.6   472.8   532.2   569.0   609.4   659.3   738.3  1132.8  8481.7 16331.3  29765.5    29795
read      417.1   240.4   160.7   217.5   232.3   358.7   442.5   503.5   548.7   603.5   670.0   770.4  1176.9  1854.3  7822.3  45766.0    46224
read      413.6   278.7   160.7   219.9   236.5   363.5   433.0   478.6   513.9   559.7   624.5   738.1  1085.5  4157.0  8830.7  84713.0    84587
read      415.5   370.4   160.7   216.5   231.5   356.8   431.4   482.0   522.0   571.3   636.0   744.3  1141.9  4854.2 11743.0  63659.5    63389
read      439.0   504.6   160.7   219.4   235.0   362.5   446.8   508.9   555.6   608.8   674.4   779.1  1217.2  7396.7 15326.2  46749.5    46953
read      632.1   818.4   160.7   251.9   286.2   491.4   597.8   670.2   731.7   820.0   965.9  1373.1  2844.7 10711.4 31476.5  90661.0    90536
read      477.5   918.4   173.5   228.3   247.4   416.7   478.6   512.2   536.9   568.1   616.4   725.8  1365.3 13313.1 40568.3  12655.0    12508
read      416.0   224.1   160.7   217.7   232.4   362.0   457.5   520.0   562.0   607.7   664.0   747.4  1001.7  1645.1  8570.2  38449.5    38491
read      473.0   437.0   160.7   230.6   254.0   408.3   491.0   544.4   587.7   641.3   721.2   864.0  1412.6  5291.0 16583.4  97594.0    97806
read      441.4   314.2   173.5   227.3   245.2   418.6   479.7   510.7   534.1   561.7   603.2   694.3  1045.9  4024.0  9727.4  11921.0    11813
read      551.1   536.3   160.7   219.9   236.3   389.9   518.3   599.6   663.1   753.9   945.0  1453.7  2983.7  5156.3  8476.6  39636.5    39665
read      538.6   654.1   160.7   221.7   240.0   393.0   500.7   578.1   641.9   740.6   913.1  1326.1  2573.3  6670.2 28811.6  53764.5    53571
read      448.7   475.0   160.7   219.5   236.2   370.1   450.4   507.2   550.4   610.8   697.3   865.1  1534.1  4311.4 14264.1  63588.5    63215
read      498.4   634.6   160.7   223.5   243.3   394.7   485.2   545.2   594.2   665.3   777.1  1020.6  2018.1  7918.7 30177.6  78571.5    78767
read      422.7   425.5   173.5   232.4   254.1   391.5   433.3   459.5   478.7   503.5   542.1   617.4   987.9  7714.8 14662.0   8611.5     8615
read      428.1   308.9   160.7   217.7   234.0   367.4   446.3   498.7   539.8   593.7   676.8   819.4  1259.0  2626.7 10212.5  67664.5    67903
read      436.2   330.4   160.7   222.1   238.4   408.1   480.7   518.7   542.9   574.0   618.1   712.2  1047.0  5134.2 11385.0  16481.0    16398
read      439.3   529.6   160.7   218.2   234.0   370.4   450.3   503.7   545.4   595.2   667.2   789.6  1217.8  8844.5 19110.2  53690.0    53434
read      468.5   520.1   160.7   219.7   236.5   384.1   486.9   548.4   593.5   651.1   731.8   894.4  1550.3  7148.6 24602.2  38180.5    38068
read      494.7   416.9   173.5   241.5   268.9   423.8   486.4   532.3   571.4   631.0   738.4   965.7  1695.1  4914.4 15274.7   9130.0     9130
read      555.9   465.2   160.7   223.8   244.7   420.8   539.1   629.5   718.9   841.9  1019.1  1369.0  2214.4  4346.9 10308.8  68979.5    69227
read      470.1   491.1   160.7   221.1   238.3   386.2   492.6   556.6   601.7   656.7   731.1   876.0  1613.9  5207.1 25390.0  37242.0    37496
read      419.4   424.1   160.7   218.2   234.5   363.8   431.6   476.9   511.6   556.9   622.9   739.6  1215.2  5006.1 12699.9  83693.5    83925
read      410.8   228.3   160.7   216.7   231.6   357.8   436.6   492.3   535.5   586.5   653.0   751.0  1050.5  2214.7  7953.7  51151.5    51037
read      448.4   387.7   160.7   222.3   238.9   384.0   493.0   556.0   598.9   646.7   707.3   801.3  1189.3  3405.0  7912.2  33826.0    33690
read      415.8   238.4   160.7   217.2   232.4   360.2   438.8   496.0   539.4   591.2   659.1   767.6  1144.8  2326.6  5868.6  51429.5    51474
read      417.7   394.8   160.7   217.6   232.6   361.8   435.0   483.5   521.1   567.8   634.3   752.0  1227.1  3121.6  9927.2  73579.0    73708
read      442.4   350.1   160.7   227.3   249.3   391.9   466.3   513.4   549.3   594.2   662.8   783.5  1155.2  3490.1 11662.8  98510.0    98618
read      448.5   436.7   160.7   223.3   242.3   384.0   462.2   513.1   553.2   607.3   682.9   818.6  1294.1  5318.3 15281.1  82311.0    81977
read      433.6   470.3   160.7   221.4   239.7   374.4   446.7   495.4   533.7   581.4   648.6   766.5  1131.2  5846.4 14917.4  91533.0    91567
read      428.2   423.9   160.7   217.6   232.8   362.0   445.2   503.9   546.7   598.4   665.0   771.6  1184.4  5498.6 12396.4  48144.0    48236
read      414.2   265.7   160.7   220.1   237.7   367.1   434.4   478.9   513.3   557.7   623.6   743.2  1116.5  2902.5  8871.9  91516.5    91726
read      416.7   367.5   160.7   217.8   233.1   359.5   438.1   494.6   538.0   588.5   653.8   748.5  1068.3  3507.8  9358.6  52469.5    52458
read      405.6   257.6   160.7   215.7   230.9   355.0   427.6   474.7   513.0   559.7   626.2   738.1  1120.3  2330.1  9608.8  70445.5    70467
read      423.9   320.2   160.7   217.0   232.7   361.7   434.5   484.4   524.1   574.5   646.1   784.2  1462.2  4408.3  9847.5  71017.5    71151
read      424.0   327.1   160.7   218.5   234.1   365.9   444.1   496.5   537.6   588.2   661.6   791.8  1215.6  2541.6 10932.5  65147.0    65016
read      419.8   279.1   160.7   216.6   231.7   359.4   448.1   508.7   552.0   600.7   664.0   762.7  1177.5  2951.4 12523.2  42052.0    42057
read      405.6   220.2   160.7   216.1   231.6   360.5   431.3   475.3   510.1   555.8   622.8   739.0  1089.5  2214.9  4991.9  78609.5    78821
read      422.5   572.9   160.7   214.8   229.9   356.4   429.7   477.4   515.8   562.1   630.0   747.4  1234.4  6560.2 28878.7  60542.0    60720
read      417.0   259.3   160.7   215.7   230.2   358.3   451.5   514.4   556.3   604.9   667.7   768.1  1094.8  1824.6  7938.8  39985.0    39911
read      434.2   607.0   173.5   224.2   243.3   395.5   442.8   470.9   493.9   519.3   549.3   626.8  1014.5 11736.7 28534.8  10625.5    10628
read      411.6   391.5   160.7   214.7   230.1   357.7   429.3   475.1   511.4   556.8   622.0   735.7  1128.4  3187.4 15959.1  73716.5    73736
read      434.4   627.5   173.5   230.4   255.1   383.5   423.9   450.5   471.7   502.0   540.5   614.6  1382.0  8029.8 31342.0   7453.5     7334
read      427.4   417.7   160.7   218.8   236.9   368.7   437.5   483.5   519.0   566.5   636.1   778.1  1269.4  4956.0 13522.4  91194.5    91868
read      427.3   816.4   160.7   215.7   231.5   359.0   428.1   471.6   508.2   554.6   622.9   743.9  1165.6  9203.6 31332.6  76829.0    76670
read      442.0   463.5   173.5   227.4   246.9   405.3   456.2   485.4   506.7   534.4   571.4   649.9  1106.8  7896.8 13555.7  10710.5    10405
read      425.0   271.4   160.7   217.1   231.4   375.0   483.9   538.2   572.0   609.1   655.5   736.3  1015.5  2837.9 10499.5  25984.5    26019
read      414.3   329.6   160.7   215.5   230.6   357.1   431.6   483.3   525.7   575.9   643.5   756.8  1206.9  3008.3 10222.4  55402.5    55530
read      445.5   632.0   160.7   217.3   231.8   371.1   471.8   531.2   568.9   611.5   665.1   752.2  1191.8  6951.4 31411.9  29617.0    29615
read      407.3   257.9   160.7   214.9   229.8   354.6   425.7   471.3   509.5   558.1   626.8   749.0  1219.7  2628.8  8726.8  65974.5    66057
read      423.0   378.7   160.7   218.7   234.7   367.4   444.1   498.8   540.7   590.5   658.5   770.6  1140.4  2444.9 12873.4  55538.5    55281
read      444.8   475.1   160.7   217.6   231.9   394.9   490.7   536.6   566.9   600.4   644.9   741.4  1153.0  6503.3 13531.6  21061.0    21177
read      413.3   390.6   160.7   218.1   234.5   360.9   427.8   469.9   504.9   548.7   614.0   728.4  1163.1  4284.1 13083.2  88518.5    88239
read      401.4   258.5   160.7   214.7   229.4   351.7   421.6   467.1   504.5   550.1   616.3   725.2  1115.3  2371.5  9468.3  70179.5    70227
read      430.4   242.8   160.7   218.0   232.4   389.5   491.1   539.5   570.4   605.8   657.1   748.6  1095.6  2143.2  8070.6  23410.0    23421
read      432.5   338.6   160.7   223.6   243.5   381.8   453.8   500.9   538.0   584.8   651.5   774.8  1167.0  2982.1  9998.6  96793.0    97104
read      427.8   636.6   173.5   242.5   270.7   386.2   422.1   442.6   460.8   484.3   519.3   586.9   937.4 11333.7 25301.3   6353.0     6235
read      429.7   380.7   160.7   217.6   232.9   364.2   442.3   496.0   538.9   592.0   668.6   795.6  1324.7  5235.1 11034.8  57579.0    58045
read      415.2   429.0   160.7   213.6   227.9   367.3   463.2   512.2   543.4   576.3   616.7   683.1   985.1  4271.0 19315.2  23888.0    23729
read      416.6   363.4   160.7   214.3   229.1   354.6   438.1   498.0   541.5   588.7   649.3   748.1  1148.3  4589.0  9474.3  40958.0    40897
read      409.2   224.0   160.7   215.6   230.8   356.9   431.4   484.1   527.6   581.1   650.2   754.4  1101.0  2074.5  7692.9  53305.5    53312
read      446.7   427.3   160.7   222.4   241.2   383.1   459.0   507.7   546.8   599.1   676.1   818.5  1441.8  4826.0 13614.4  87387.0    87262
read      403.5   292.8   160.7   215.2   230.6   356.5   423.7   467.2   502.3   545.2   610.1   722.7  1113.7  2397.7 11553.1  82288.0    81836
read      413.1   250.9   160.7   218.0   234.6   364.9   432.3   475.7   510.0   555.8   623.7   750.5  1201.0  2470.5  8056.3  92060.5    92274
read      423.3   359.4   160.7   218.1   233.2   361.3   440.8   497.7   540.5   590.2   659.2   767.5  1238.5  4056.9  9203.6  47366.0    47252
read      412.7   284.8   160.7   215.6   231.5   360.9   431.6   478.4   515.5   562.6   630.8   753.2  1211.2  3190.8  8319.5  75845.5    75747
read      507.2   813.6   160.7   218.8   236.6   385.7   468.4   524.8   570.3   631.9   728.9   980.1  2461.5 11097.6 31460.8  81349.0    80994
read      489.7   572.6   160.7   231.7   257.4   420.5   508.8   565.2   609.2   667.4   745.2   885.9  1332.4  7231.6 30595.0  98047.5    98224
read      411.4   335.7   173.5   229.7   252.9   382.8   423.1   446.0   464.1   488.7   523.7   586.6  1148.1  5088.0 11501.0   7756.5     7737
read      427.4   465.5   160.7   216.0   230.8   364.2   450.3   510.0   550.4   594.1   652.5   749.2  1158.9  6241.0 14655.5  37340.0    37514
read      455.5   379.0   160.7   229.6   250.3   413.1   466.8   499.5   525.8   559.8   620.4   780.1  1421.0  4899.4 12800.1  10604.5    10640
read      458.2   572.7   160.7   224.6   244.7   390.0   468.6   521.3   563.3   617.2   691.8   825.3  1164.7  8596.2 29723.2  90270.0    90490
read      434.3   352.7   160.7   224.1   244.2   385.5   459.3   505.8   543.2   591.0   659.7   781.5  1094.8  2836.5 15643.4  92410.0    92514
read      509.3  1056.5   160.7   223.8   244.2   396.5   474.5   525.4   567.2   621.7   695.8   826.7  1466.8 15406.7 33873.7  89254.5    89245
read      423.3   492.0   160.7   217.3   232.2   363.5   437.9   488.8   526.9   573.9   638.8   754.2  1124.3  5046.3 16234.8  73530.0    73823
read      432.5   313.3   160.7   219.5   236.2   369.6   456.6   516.4   558.5   610.4   680.0   798.0  1256.7  3358.9 10755.7  46935.5    46565
read      429.0   472.0   160.7   216.3   230.8   387.2   482.2   528.1   556.4   586.4   625.9   692.8   929.1  4982.2 28282.1  21433.0    21419
read      419.8   362.5   160.7   218.0   233.1   363.7   438.8   488.9   528.2   576.8   643.8   768.0  1240.7  2184.7 15807.8  66800.0    66915
read      428.4   258.9   160.7   219.5   234.8   372.0   474.3   537.2   577.4   621.5   676.9   769.4  1118.2  1855.8  7944.3  31616.0    31667
read      430.2   419.1   160.7   217.9   233.7   367.1   440.4   488.8   526.7   576.3   649.3   789.7  1418.7  4733.0 13815.0  72325.0    72255
read      495.1   448.9   160.7   237.3   263.8   430.8   518.0   573.5   618.4   677.8   760.6   899.8  1306.7  6573.5 14956.6  99086.0    99535
read      418.5   340.9   173.5   228.6   249.2   394.6   437.7   464.5   485.0   508.8   545.6   624.0  1080.8  3978.3 12714.8   9201.5     9226
read      405.4   237.1   148.8   216.0   230.9   354.3   426.7   473.6   511.6   559.6   626.4   743.7  1148.0  2237.3  6286.2  67311.5    67844
read      412.4   357.1   148.8   215.1   230.3   356.6   427.4   472.4   509.8   556.8   624.1   743.1  1169.4  4224.3  8693.1  71359.5    71413
read      452.7   474.7   160.7   224.9   246.0   391.2   468.1   517.9   556.9   607.4   677.7   801.9  1193.4  6636.8 15890.9  97310.5    97328
read      422.4   370.2   160.7   218.6   233.5   365.2   445.4   498.8   540.5   591.2   658.6   763.2  1128.0  3407.9 11814.4  55320.5    55113
read      407.0   205.5   160.7   215.5   230.7   357.9   434.0   486.9   529.3   578.9   642.7   745.1  1052.0  1838.4  5173.7  53911.5    53743
read      426.7   286.3   173.5   221.1   236.6   406.0   475.8   512.5   536.3   564.0   599.9   677.8   984.2  3432.7 10508.0  15337.0    15253
read      449.2   422.2   160.7   221.9   241.0   386.7   465.2   518.5   560.8   614.6   689.0   830.6  1279.3  5125.8 12910.2  90176.5    90605
read      464.3   839.3   160.7   215.8   230.4   377.2   472.7   527.1   560.7   598.2   651.0   750.3  1384.4 10434.3 33332.6  25679.0    25767
read      430.5   306.9   148.8   220.7   239.4   377.2   452.0   502.0   542.0   593.5   667.2   788.3  1150.8  3629.7  8924.8  93303.5    93458
read      432.6   442.7   148.8   221.8   241.4   380.2   453.6   500.7   538.7   587.3   654.9   769.5  1083.4  4859.4 19476.9  95066.5    95080
read      414.7   416.5   160.7   216.9   233.7   364.8   434.5   479.8   515.6   562.4   628.4   738.2  1055.9  3974.2 16419.7  88277.0    88399
read      466.4   472.4   160.7   224.1   245.2   396.2   481.2   537.8   583.0   639.6   723.2   866.0  1397.7  4704.4 16023.6  95116.5    95681
read      422.7   270.4   160.7   217.9   233.1   369.6   459.7   518.7   555.9   598.0   654.8   755.2  1138.9  2318.9  9589.7  33099.5    33003
read      481.1   350.7   160.7   227.7   251.5   413.7   509.0   572.5   622.0   684.1   771.6   919.8  1356.8  2803.7 12650.8  98469.0    98809
read      422.4   456.9   160.7   217.4   232.8   363.4   437.0   487.7   526.5   574.6   642.3   752.9  1167.4  5305.3 13356.1  64348.0    64610
read      421.0   346.8   160.7   217.6   232.2   362.3   444.4   502.9   546.1   595.9   664.0   781.3  1175.7  2338.3 10136.6  51532.5    51183
read      438.0   561.9   160.7   216.6   230.5   386.1   473.6   518.7   547.1   579.7   620.6   696.6  1140.2  8139.1 30548.6  20501.0    20194
read      459.4   800.1   173.5   239.5   263.7   398.7   440.5   467.0   488.8   514.5   551.2   627.5  1456.2  9458.2 35800.4   7600.5     7602
read      509.2   834.3   160.7   219.7   235.9   380.8   475.0   541.4   591.5   656.7   751.0   989.2  2579.7 10272.2 32025.1  46754.0    46677
read      437.2   433.3   173.5   252.4   284.0   392.8   429.8   453.3   470.2   501.2   545.5   625.5  1660.2  4387.4 16188.0   5682.5     5577
read      438.2   407.3   160.7   219.2   233.0   383.0   481.7   532.4   564.4   600.4   645.0   733.6  1140.3  8197.0 12086.7  23000.0    23035
read      425.7   318.3   160.7   217.5   232.8   364.2   442.2   496.1   538.5   590.9   667.8   794.2  1327.1  3648.7  8731.5  57258.5    57516
read      428.8   482.6   160.7   218.0   232.8   362.7   440.2   492.2   532.9   583.4   653.5   776.1  1308.8  3866.1 17407.1  62654.0    62851
read      425.7   346.3   160.7   218.2   233.1   367.0   457.8   519.3   561.7   608.6   670.3   768.5  1095.9  3960.2  9004.4  38477.5    38431
read      453.0   643.0   160.7   219.4   233.9   382.0   488.1   541.9   575.7   614.8   666.9   761.2  1206.5  8916.2 31288.7  25642.0    25729
read      449.4   415.7   160.7   221.2   236.5   407.2   502.1   545.5   575.6   611.4   662.3   763.4  1155.3  5185.7 10346.3  19431.0    19443
read      450.6   579.8   173.5   220.1   234.4   405.2   495.7   538.0   566.2   597.0   643.0   750.0  1236.1  5003.0 35316.8  19321.5    19461
read      456.2   556.9   160.7   219.6   235.1   372.3   463.9   527.7   574.4   630.9   704.8   834.2  1456.1  7710.2 23035.7  42374.0    42341
read      458.2   843.3   173.5   247.3   279.2   389.7   425.3   447.4   465.4   490.7   527.8   616.7  2025.4  7201.6 29751.8   5699.0     5691
read      524.2   624.2   160.7   219.8   236.6   394.1   520.0   603.3   674.7   782.0   928.1  1158.6  1916.5  6766.8 30782.4  39764.5    40223
read      447.0   622.9   160.7   217.5   232.8   371.5   471.8   534.0   573.1   615.5   669.1   766.4  1140.6  9144.0 31211.3  29972.5    29941
read      415.6   239.6   160.7   216.9   231.1   360.4   447.4   509.7   553.4   603.6   664.4   756.4  1106.5  1810.1  7691.3  41142.5    41162
read      421.2   274.6   160.7   216.9   231.9   364.1   448.4   508.8   554.5   605.8   671.3   775.0  1090.2  2061.6  8216.3  43816.0    43863
read      429.9   236.2   173.5   220.8   235.8   399.8   494.6   540.3   568.9   599.5   640.0   729.2   987.8  1819.3  8525.4  20170.5    20318
read      424.2   308.3   160.7   222.7   241.9   378.3   447.5   493.6   530.2   576.9   641.3   758.9  1075.3  2366.3 14365.3  93295.0    93421
read      435.0   398.8   160.7   219.9   236.0   373.8   454.1   508.7   550.0   601.7   672.4   790.2  1255.6  4847.1 14136.1  48324.5    48578
read      430.9   346.0   160.7   216.7   231.9   368.0   453.3   512.1   552.8   602.8   671.1   791.8  1261.7  4965.6 10172.9  40527.0    40595
read      424.9   512.4   160.7   214.7   228.8   388.0   465.6   505.4   531.3   560.3   598.9   674.2  1008.6  7726.2 28365.6  17842.5    17677
read      432.8   600.8   160.7   218.2   234.6   363.9   431.0   473.9   509.8   556.3   627.2   760.8  1491.2  7660.9 30753.1  78811.5    78948
read      458.7   916.3   173.5   226.5   245.7   392.3   435.4   460.6   478.8   502.5   535.9   610.9  1669.5 12504.5 32003.6   9724.5     9703
read      416.3   301.5   173.5   229.7   249.1   404.5   448.9   474.5   495.1   518.7   549.3   608.3   843.9  3060.3 12457.1   9795.0     9686
read      412.6   314.4   173.5   236.7   259.5   394.2   432.6   455.9   471.5   495.6   527.8   589.2   919.2  2841.7 15906.0   8022.0     7968
read      435.6   361.8   173.5   221.9   236.4   407.9   480.9   518.5   543.1   572.7   612.6   691.4  1056.6  5335.5 14575.0  15978.0    15830
read      430.9   520.8   173.5   232.7   255.3   396.0   434.5   458.0   474.1   498.1   530.7   590.6  1056.3  7398.7 19553.9   8102.0     8192
read      427.3   589.6   160.7   217.2   233.0   363.5   434.5   482.2   519.0   565.7   631.7   747.2  1073.8  8201.4 31028.2  79514.5    79410
read      412.7   267.7   160.7   218.7   234.1   362.7   435.9   485.1   522.7   569.8   636.6   752.9  1117.6  2573.8  8619.7  76551.0    76582
read      419.0   283.5   160.7   218.2   232.9   363.2   440.4   495.4   537.9   589.2   659.8   773.7  1154.6  3516.8 10017.7  54646.5    54634
read      418.2   456.0   160.7   217.7   233.3   360.0   432.5   480.8   520.2   568.8   634.5   747.0  1093.1  4506.7 17292.2  72222.5    72177
read      462.6   628.2   160.7   225.1   242.3   418.0   493.7   531.4   556.7   587.5   633.8   729.1  1101.3  9475.4 30089.1  15116.0    15101
read      426.6   375.2   173.5   238.1   260.7   405.3   446.3   470.3   490.5   512.2   544.3   609.6   922.1  3889.1 19520.9   8210.5     8167
read      414.3   246.0   160.7   218.9   233.4   359.4   441.9   502.4   547.1   595.0   657.3   749.9  1065.0  2218.5  8381.1  43853.0    44130
read      421.8   440.5   160.7   217.8   232.3   361.5   437.6   490.7   532.5   583.5   655.2   769.2  1167.8  2727.7 16815.6  53240.0    53047
read      458.1   599.7   160.7   226.5   247.7   390.9   466.4   516.7   556.2   607.0   677.8   801.5  1206.0  8779.9 29125.7  97175.5    97171
read      428.5   340.4   160.7   221.3   238.7   372.8   446.1   495.4   533.5   582.5   655.2   786.3  1199.3  3738.2  9419.0  81663.0    81360
read      423.4   402.5   160.7   218.7   234.1   362.9   434.6   484.2   522.6   571.9   641.3   772.0  1309.6  3997.7 19273.7  77074.5    77277
read      452.1   317.0   160.7   222.0   238.6   380.5   482.9   548.5   593.2   646.5   717.1   854.0  1399.1  3936.0  8045.8  38096.0    38294
read      429.7   382.7   173.5   228.6   246.9   411.0   463.7   493.1   513.4   538.8   574.3   638.9   929.6  4173.0 19643.9  11222.0    11165
read      436.3   564.3   160.7   217.3   233.0   366.1   438.5   487.4   526.4   576.2   645.0   774.2  1286.5  8835.5 24501.3  73778.0    74155
read      437.0   391.5   173.5   226.7   244.7   410.7   471.3   505.3   528.6   553.7   590.0   673.0  1054.7  5638.2 19241.9  12388.5    12255
read      423.5   273.3   160.7   218.3   233.2   365.6   445.7   499.9   542.0   593.1   664.6   785.7  1258.7  2348.5  9612.8  51859.0    52404
read      423.9   463.6   160.7   218.6   231.8   398.1   471.4   511.5   536.5   565.0   600.2   674.1   946.4  5135.6 15799.7  16952.0    17057
read      451.0   959.9   173.5   238.3   266.7   376.4   410.5   432.3   451.8   476.0   514.0   591.4  1609.2 10139.5 31995.2   6098.0     6005
read      435.9   358.0   160.7   220.8   238.5   374.5   448.9   498.3   538.5   589.7   667.1   801.8  1409.8  3910.5 11720.4  84841.5    85707
read      417.9   369.2   160.7   219.0   235.0   366.1   436.5   482.9   519.4   566.5   634.3   748.8  1078.3  3886.2 13979.5  79455.5    79742
read      414.3   357.4   160.7   218.1   232.7   362.2   435.7   484.2   522.4   570.0   633.4   745.6  1099.6  2375.0 13481.5  58576.5    58322
read      438.2   950.1   160.7   222.2   238.2   387.2   488.2   542.5   576.7   615.2   666.9   754.8  1068.1  2705.0  8100.3  25965.5    26212
read      424.0   399.3   160.7   217.6   232.3   361.7   434.9   482.4   521.1   568.9   635.7   762.0  1346.4  4927.3 12751.6  69291.5    69487
read      435.4   353.9   160.7   218.6   232.8   373.9   478.5   539.7   577.2   618.8   672.8   770.0  1129.6  6604.0 10730.2  29182.5    29507
read      417.5   252.3   160.7   218.7   233.2   360.9   439.1   495.8   539.8   590.6   661.2   774.1  1180.2  2427.8  8115.8  51353.0    51412
read      426.5   328.0   160.7   220.2   236.1   367.7   442.3   493.3   534.2   585.2   659.5   792.6  1254.6  3950.5  7278.2  67311.5    67374
read      434.2   509.6   160.7   220.5   236.5   368.4   448.0   504.4   547.9   600.8   671.3   781.4  1189.4  4649.4 21726.8  54984.5    55125
read      428.4   352.0   160.7   217.7   232.5   361.4   440.2   497.6   543.1   598.4   673.6   799.3  1404.4  3889.5 14092.4  53073.5    53048
read      552.0  1140.6   173.5   225.6   243.9   416.9   483.9   523.8   550.4   588.5   657.5   871.0  3940.2 18777.6 31986.1  12284.5    12192
read      429.9   278.2   160.7   219.9   235.2   370.6   463.0   526.4   568.8   616.0   676.2   781.0  1175.8  3123.1 11010.5  36148.0    36138
read      421.2   276.5   160.7   219.5   234.6   366.3   442.4   494.4   534.5   583.3   650.6   773.7  1179.6  3275.4  8989.6  60749.5    60799
read      455.5   453.1   160.7   222.5   239.2   384.3   482.9   546.4   590.4   642.3   714.2   838.3  1259.7  8237.3 17809.7  36615.5    36368
read      431.1   436.2   160.7   218.5   232.8   363.8   450.4   511.3   555.9   604.6   668.5   768.7  1193.1  5104.9 13934.3  40071.5    39729
read      479.0   408.1   160.7   234.9   259.2   421.0   507.3   562.4   606.1   662.4   738.7   863.1  1208.9  4614.7 12910.2  95764.0    95693
read      422.7   228.7   160.7   219.4   234.7   365.2   455.1   517.7   561.1   609.8   670.5   763.5  1147.8  2167.4  6107.8  41072.5    40999
read      439.3   642.7   160.7   218.8   233.5   363.3   437.8   487.6   527.1   577.6   648.4   776.2  1461.7  9631.7 31041.7  64999.0    65037
read      447.1   361.7   173.5   226.8   244.7   414.9   478.9   512.4   536.0   564.2   603.5   690.0  1156.6  4652.7 10444.8  12661.5    12633
read      446.5   483.9   160.7   218.8   233.7   370.3   454.6   512.5   557.3   613.3   690.1   838.0  1463.2  6007.0 20885.7  50244.5    50117
read      454.8   530.2   160.7   222.3   239.1   381.3   465.0   520.1   562.0   615.8   692.5   842.1  1418.4  6324.4 16939.9  62427.5    62765
read      463.0   332.1   160.7   230.0   251.4   428.2   496.3   531.8   557.3   592.6   661.1   806.6  1212.2  4227.9 14127.5  12601.5    12379
read      442.7   431.5   160.7   220.8   237.4   375.3   460.5   516.3   559.9   612.8   685.2   805.6  1299.6  6522.2 12960.6  49350.5    49369
read      469.3   278.0   160.7   225.9   244.4   396.8   505.4   571.6   618.6   677.8   754.7   910.5  1465.7  2815.6  6333.8  38990.0    39111
read      452.7   274.2   160.7   223.3   240.8   382.4   470.7   531.8   578.7   639.7   729.4   899.6  1484.1  2703.4  4217.1  52767.0    52692
read      454.7   611.9   160.7   222.0   238.5   392.8   493.6   544.2   577.5   616.4   669.4   765.0  1108.5  7960.5 31447.0  24592.5    24539
read      465.0   512.3   160.7   222.1   240.0   386.4   473.4   532.7   578.1   639.8   736.0   913.6  1467.2  4147.1 17488.5  61725.5    61591
read      479.5   656.9   160.7   223.4   241.5   387.2   477.1   537.0   581.9   637.4   718.2   869.2  1586.9 11459.2 28676.2  47900.0    47864
read      454.2   537.9   173.5   225.7   243.9   421.7   498.9   535.8   562.0   593.4   640.5   738.9  1033.2  4837.3 33640.5  16419.5    16479
read      432.8   438.0   160.7   221.6   239.6   371.4   443.3   491.5   529.0   576.5   643.9   777.6  1278.6  6259.7 10250.0  75232.5    75268
read      497.2   789.8   173.5   241.9   268.7   422.2   472.1   503.7   527.9   556.5   606.2   736.5  1570.2 13038.5 28451.6   8728.5     8714
read      454.6   614.8   173.5   226.9   243.8   414.4   478.0   511.8   534.4   559.8   592.3   668.7  1094.3  9083.4 30436.5  12998.5    13002
read      438.4   529.6   160.7   221.9   239.1   374.6   452.5   500.8   539.1   587.7   656.2   775.1  1181.1  6212.1 25059.9  76984.0    77147
read      422.8   273.7   160.7   219.6   235.1   367.4   455.1   514.1   558.0   607.2   672.0   774.9  1113.8  1910.9 11456.0  43519.0    43518
read      431.4   343.7   160.7   218.7   232.7   377.1   480.7   535.2   570.3   609.6   659.8   743.2  1098.4  4267.3 12337.2  27095.5    27206
read      421.7   349.8   160.7   217.9   232.8   361.7   437.1   491.4   534.1   585.8   655.3   769.2  1260.3  3673.8 10125.1  55895.5    55859
read      438.2   411.5   160.7   219.7   234.7   368.6   465.2   530.9   574.1   623.1   686.1   790.8  1194.3  6080.6 12691.2  37348.0    37448
read      432.5   424.6   160.7   220.3   236.0   369.4   457.9   519.7   563.2   613.6   677.0   777.9  1115.3  4624.1 13733.7  45211.0    45026
read      488.5   414.1   160.7   237.7   265.2   431.2   521.3   578.2   622.0   675.6   744.4   863.4  1208.2  5674.9 14392.0 100235.5    99974
read      433.1   309.7   160.7   220.9   237.0   374.0   456.8   510.0   551.5   605.0   682.1   808.0  1282.8  2985.8  7845.6  64473.5    64632
read      443.6   530.7   160.7   219.9   235.4   369.5   456.3   514.6   559.5   612.2   683.1   798.2  1322.4  6560.4 24976.5  49404.0    49061
read      427.7   559.3   160.7   219.6   235.9   367.5   439.4   488.4   526.6   573.6   638.2   750.6  1068.6  6694.5 28823.3  80790.5    80418
read      472.5   708.8   160.7   221.1   236.2   409.7   490.2   530.9   557.9   589.8   637.9   748.3  1518.2 10994.2 30967.0  16463.5    16471
read      427.4   346.0   160.7   217.7   232.2   363.5   459.1   522.1   563.1   606.3   660.8   743.3  1065.8  5331.8 12242.0  35565.0    35694
read      425.5   408.8   160.7   222.9   239.2   405.3   468.0   501.7   524.0   546.9   578.7   630.3   868.2  6190.2 15780.2  14066.0    13935
read      420.6   379.7   160.7   219.4   235.5   365.0   435.4   480.3   515.6   560.5   624.9   743.2  1313.3  3835.6 13097.8  79717.0    79838
read      419.5   462.8   160.7   218.7   233.9   361.5   442.9   500.3   541.7   589.1   650.2   742.4  1040.8  2154.9 27376.4  48688.5    48842
read      423.5   378.9   160.7   218.7   232.5   394.9   475.6   514.9   539.8   568.6   604.0   669.5   937.3  4677.8 14475.4  17642.0    17708
read      419.3   397.2   160.7   214.1   228.6   363.4   459.9   518.4   554.4   593.5   642.2   721.5   988.2  3498.4 12871.7  31459.0    31401
read      411.0   290.4   160.7   217.8   232.9   360.6   434.6   483.2   521.1   567.1   629.6   737.5  1102.1  2930.6  8707.2  62121.5    62091
read      422.8   521.6   160.7   218.0   234.4   365.7   435.1   481.0   516.2   562.4   629.8   744.7  1060.1  5459.6 30189.0  87235.5    87121
read      416.5   425.5   160.7   218.5   235.1   366.6   436.7   481.7   515.4   558.9   621.7   732.3  1070.8  2892.3 16239.6  81906.5    81929
read      420.4   423.6   160.7   215.6   230.9   359.4   443.3   501.6   542.2   587.3   641.2   732.2  1030.2  5374.8 12764.7  42114.5    42013
read      401.0   313.1   160.7   216.5   233.1   359.8   426.3   467.7   500.8   541.5   597.2   698.4  1013.7  1946.7 14543.3  90449.0    90709
read      421.7   565.9   160.7   216.5   232.1   362.7   434.3   480.9   517.0   563.0   628.1   736.7  1111.3  5710.4 31091.4  67842.0    67578
read      411.1   413.5   160.7   215.8   230.9   355.7   427.6   474.3   512.2   558.0   618.8   716.3  1096.1  4714.0 15747.3  58199.5    58116
read      405.4   204.0   160.7   218.0   233.4   359.8   431.1   477.5   513.8   559.8   625.0   735.7  1080.0  2101.3  4044.9  68855.5    68886
read      438.5   442.3   160.7   224.2   243.8   386.0   461.9   509.4   545.9   591.0   654.8   763.5  1076.5  4500.2 17080.2  92661.5    93119
read      431.1   392.9   160.7   226.6   247.1   387.5   460.2   505.6   541.2   584.9   643.3   747.4  1009.7  1748.0 17388.7  95400.5    95079
read      402.7   221.4   160.7   218.3   233.7   360.7   431.6   476.1   510.1   553.2   613.7   718.0   993.1  2080.0  4905.9  77622.5    77456
read      492.5   561.5   173.5   228.7   248.4   433.6   511.8   550.5   581.4   623.1   692.3   864.4  1737.9  7495.2 13784.9  15794.5    15723
read      436.7   341.5   173.5   233.1   254.0   416.2   466.2   495.1   515.3   539.9   573.6   639.2   939.5  5466.1 13961.0   9946.5     9867
read      415.2   392.0   160.7   233.8   254.8   392.6   431.9   456.7   473.9   497.5   528.9   581.1   846.1  6926.0 15890.5   8151.0     8176
read      412.5   294.8   160.7   220.4   237.7   369.1   437.6   481.0   513.7   555.7   616.6   724.7  1019.9  2188.1 12625.2  89679.5    89745
read      419.4   333.3   173.5   226.1   243.2   401.6   452.7   480.3   500.2   524.2   552.7   612.7   967.5  4263.3 14815.7  11117.0    11058
read      400.2   402.1   160.7   216.8   231.9   355.6   421.8   462.3   494.6   534.6   587.9   681.1   911.9  4738.2 12779.6  81356.5    81413
read      420.1   287.2   173.5   219.2   233.8   389.6   481.8   527.4   554.8   585.0   623.5   684.0   867.9  2519.2 16555.0  21718.0    21659
read      415.2   252.8   160.7   217.6   231.4   369.9   472.4   526.9   559.6   594.8   638.9   709.2   951.4  1579.3 11194.8  27256.5    27181
read      413.8   271.0   160.7   219.1   232.6   392.1   469.8   508.0   532.7   559.5   591.1   645.5   898.6  3442.0 12116.2  17537.0    17420
read      425.8   277.6   160.7   219.8   234.7   386.6   486.8   537.3   568.8   602.4   642.2   714.8   955.7  1977.3 12621.4  23077.0    23028
read      435.6   342.7   160.7   220.0   235.5   374.1   475.3   536.0   576.1   621.5   680.4   780.1  1116.1  5668.3 11168.8  33381.5    33694
read      454.2   509.9   160.7   222.6   239.5   386.6   486.7   544.6   584.0   628.8   687.1   786.7  1196.9  8653.8 13131.8  32910.0    32735
read      440.2   435.2   160.7   221.3   237.7   377.4   460.3   515.4   556.4   606.3   675.9   803.5  1299.2  3689.5 16992.7  57797.0    57645
read      429.7   348.8   160.7   219.8   235.3   374.0   459.1   514.7   553.5   600.9   665.0   767.4  1125.1  3077.7 12517.3  45402.5    45216
read      420.0   413.3   160.7   217.2   232.3   367.7   443.5   493.6   531.3   577.5   638.6   741.0  1057.4  3720.0 13859.2  57610.0    57659
read      460.8   630.5   160.7   220.9   238.8   381.3   459.2   508.1   546.4   596.8   674.6   833.5  1583.2  7389.2 29764.3  85502.5    85443
read      449.1   507.5   160.7   224.4   242.0   410.9   479.4   513.9   538.6   569.2   612.3   706.4  1234.8  8426.7 22636.8  14337.5    14390
read      423.9   277.5   160.7   217.1   232.4   374.1   471.2   527.4   563.5   604.8   658.4   747.9  1062.0  1801.9 10449.2  31412.5    31520
read      403.8   414.8   160.7   216.0   231.3   360.0   430.4   474.2   508.4   549.7   606.4   697.9   924.2  3049.6 13934.0  67123.5    67089
read      422.0   562.9   173.5   217.4   231.3   390.1   460.5   497.4   521.5   546.8   580.1   633.8   923.0  5473.0 31213.3  16323.5    16537
read      432.1   577.0   160.7   216.3   230.8   391.2   472.2   509.6   534.4   562.0   595.0   663.7  1007.5  6363.6 31447.9  18935.0    18930
read      417.3   222.9   160.7   218.3   233.5   365.9   450.0   505.1   544.8   590.5   651.7   751.1  1138.8  2026.0  6297.6  46832.0    46784
read      389.8   226.0   160.7   217.4   233.2   352.8   415.2   454.0   483.6   520.8   572.5   662.0   932.9  2011.3  7822.0  93151.0    93102
read      426.0   449.5   160.7   221.9   240.2   374.5   445.8   490.2   524.2   567.1   628.2   738.3  1080.4  5502.9 14914.3  89855.5    89799
read      411.1   355.3   160.7   219.1   234.2   364.1   437.3   484.8   521.8   566.4   627.2   727.4   990.4  2107.9 14661.3  66600.0    66551
read      417.8   458.5   160.7   219.9   237.1   368.3   435.5   478.7   512.1   553.4   613.8   715.8  1034.3  4722.8 11948.0  93324.0    93104
read      417.1   278.3   160.7   219.2   234.0   368.9   452.4   508.7   549.4   596.0   655.5   742.2   985.7  1920.9  7681.0  43799.5    43768
read      416.8   436.0   160.7   218.0   232.8   357.4   431.6   483.3   524.0   571.4   632.7   732.2  1128.2  5183.3 19876.0  54082.5    54006
read      414.1   352.2   160.7   219.9   235.9   363.8   436.8   486.0   523.3   568.8   629.4   733.0  1051.4  2707.1 14624.7  64591.0    64618
read      393.5   425.3   160.7   216.6   232.1   352.1   415.5   454.5   484.8   522.3   574.4   663.5   876.5  2676.1 16102.7  86545.5    86482
read      415.6   391.8   160.7   219.8   236.2   365.6   434.5   479.0   513.6   557.0   618.4   722.5  1037.4  4570.7 10990.9  77528.5    77459
read      415.1   414.5   160.7   220.5   236.3   362.9   437.6   488.3   526.7   573.5   635.5   737.2   990.2  2871.5 13528.2  61292.5    61365
read      418.2   300.6   160.7   220.2   236.3   366.5   447.7   502.9   544.3   592.7   654.6   743.5   997.6  1958.2 12677.7  52340.0    52346
read      431.7   379.5   160.7   221.1   239.3   373.1   447.1   494.0   530.5   577.5   645.6   785.3  1372.0  3567.6  9208.2  87457.0    87286
read      421.2   289.8   160.7   224.3   241.6   406.7   482.5   518.6   541.0   566.7   595.3   641.6   798.7  2614.2 17753.8  17411.0    17384
read      391.5   174.7   160.7   221.2   238.6   359.6   422.1   460.6   490.3   527.3   577.6   658.9   864.0  1834.6  4492.6  98230.0    98165
read      400.7   186.1   160.7   218.9   235.0   361.5   433.4   480.7   518.8   562.5   618.9   707.5   919.9  1458.7  4157.0  63444.5    63330
read      428.2   399.7   173.5   253.8   283.8   396.8   430.1   450.7   465.7   487.3   516.9   577.7   996.6  7623.1 12827.4   5924.0     5866
read      408.3   198.4   160.7   219.7   234.9   363.6   455.4   516.6   556.6   596.2   640.9   703.2   840.4  1209.4  8279.4  37460.5    37693
read      384.3   157.1   160.7   215.5   230.7   353.6   421.0   461.3   493.0   531.3   581.1   660.2   832.4  1149.3  3825.6  75391.0    75360
read      398.7   207.6   160.7   216.8   231.7   358.5   445.0   500.8   535.1   570.6   612.2   673.7   820.9  1299.8  7971.6  34727.5    34753
read      393.4   191.7   160.7   218.3   233.3   358.2   429.0   475.7   513.0   556.1   608.4   681.0   819.5  1119.7  5129.1  59999.0    59823
read      388.2   171.0   160.7   215.4   230.6   354.8   424.0   466.1   499.4   538.9   588.2   669.0   855.7  1462.8  4876.5  68294.5    68266
read      403.0   190.6   160.7   218.0   233.5   363.6   446.5   502.2   538.4   577.3   623.6   691.4   848.4  1275.0  7653.5  39166.5    39383
read      391.0   192.6   160.7   215.7   231.1   357.6   427.1   469.1   502.9   541.9   590.0   669.2   855.3  1446.2  6439.1  65459.5    65072
read      411.6   320.2   160.7   219.1   235.2   367.1   460.6   516.2   549.1   585.2   628.4   692.1   870.4  1601.4  9755.6  33274.5    33192
read      405.6   212.5   160.7   220.0   236.3   363.2   438.7   489.3   528.0   571.0   623.6   708.3   958.3  1589.0  6347.3  51893.0    51847
read      393.6   191.5   160.7   215.5   230.8   358.9   428.0   470.9   504.8   544.4   596.1   680.1   897.2  1600.3  6105.0  62440.5    62362
read      384.5   166.6   160.7   217.9   233.3   353.8   419.6   459.1   489.5   526.2   575.5   653.9   821.5  1231.9  5029.3  83939.5    84073
read      401.2   183.8   160.7   218.9   234.7   362.1   433.3   479.7   517.1   560.2   615.5   699.1   934.1  1936.1  3784.8  64018.0    64213
read      414.7   210.7   160.7   220.4   235.8   375.4   476.9   527.9   558.6   590.9   630.8   691.5   852.3  1661.7  8655.0  27077.5    27059
read      409.2   204.4   160.7   221.2   238.0   369.3   445.3   496.7   536.6   580.5   632.5   714.4   894.8  1448.7  9030.0  54886.5    54703
read      398.2   184.2   160.7   222.1   240.2   366.9   428.9   467.3   498.0   535.4   586.2   673.1   909.5  1678.0  5060.7  98101.0    98366
read      413.3   209.5   160.7   220.1   235.1   367.8   477.6   533.8   566.5   599.5   637.0   693.1   833.7  1435.1  8484.3  29398.0    29565
read      396.7   203.3   160.7   218.8   234.4   361.6   430.0   471.7   505.2   545.6   599.1   688.0   912.5  1622.0  4376.3  75323.0    75000
read      415.2   226.0   160.7   220.0   236.3   369.5   445.4   495.2   533.3   578.5   638.1   743.6  1083.1  2025.2  5478.3  62231.5    62235
read      423.4   244.5   160.7   221.0   238.1   374.4   461.4   517.1   556.8   601.2   658.2   752.8  1031.5  1825.8  9137.5  47594.5    47788
read      409.5   214.0   160.7   218.9   235.1   366.1   439.7   488.7   525.2   568.6   627.4   728.6  1057.1  1856.6  6173.3  69020.5    68928
read      420.7   223.0   160.7   221.2   238.0   371.2   470.1   530.1   567.0   606.4   653.1   728.7   941.9  1747.9  7377.4  36423.0    36478
read      396.4   205.0   160.7   219.1   234.8   360.6   428.9   471.1   504.9   546.1   601.7   685.9   887.6  1717.1  7654.9  76142.5    76067
read      425.0   266.2   160.7   221.9   239.1   371.7   459.5   519.9   561.8   607.7   666.2   758.7  1040.6  1927.8 11198.7  47167.5    47020
read      389.4   186.3   160.7   218.6   233.7   355.2   421.9   463.5   495.7   534.5   585.3   668.7   862.3  1512.5  5900.6  81471.5    81656
read      425.9   276.4   173.5   224.7   241.7   413.4   492.1   527.9   549.9   576.0   607.6   661.8   790.7  2184.8 11708.5  16414.5    16396
read      429.6   237.6   160.7   223.6   240.6   401.7   497.1   539.1   566.3   594.9   634.9   701.9   913.6  2004.5  9960.1  21928.0    21661
read      402.7   187.3   160.7   219.2   235.0   364.8   440.6   492.3   529.7   570.6   620.1   695.8   878.2  1427.4  7531.1  50137.5    50156
read      398.1   210.9   160.7   217.7   232.3   361.2   432.8   479.4   515.7   556.0   607.1   685.7   874.2  1737.1  5930.6  54103.0    54102
read      415.9   235.7   160.7   219.9   236.2   369.4   445.3   493.9   530.9   576.3   636.7   747.0  1113.7  2105.3  5017.8  65854.5    65670
read      426.7   271.0   173.5   223.7   240.2   411.8   488.3   524.0   546.3   572.7   603.8   660.8   871.9  3806.9  9965.5  17571.5    17584
read      418.2   236.9   160.7   220.9   237.2   375.6   475.2   530.9   563.1   595.8   636.5   703.9   873.3  1552.6  9483.2  30292.0    30347
read      406.9   189.3   160.7   219.4   234.5   387.2   475.3   517.1   541.7   569.6   601.6   648.7   769.3  1442.7  7679.8  21428.5    21534
read      408.5   290.5   160.7   228.9   247.5   398.0   441.3   465.9   485.0   506.4   536.4   584.1   748.7  3449.3  8748.6  10320.5    10216
read      423.2   251.0   160.7   220.6   239.0   372.3   445.5   491.9   527.2   572.0   636.2   771.8  1282.7  2528.9  6444.7  80513.5    80544
read      405.3   208.0   160.7   219.2   234.7   366.4   444.0   497.2   535.2   575.7   623.4   694.4   865.1  1667.7  8375.0  45945.5    45508
read      420.1   294.1   160.7   221.7   237.9   394.5   482.6   524.2   549.1   577.3   611.0   664.6   805.4  3759.0 10136.1  21539.5    21591
read      442.5   286.3   160.7   227.9   246.1   427.3   499.6   533.0   554.6   580.4   615.6   682.5   961.0  3101.6  9476.5  15363.0    15435
read      432.7   267.1   160.7   227.2   245.2   418.1   487.1   521.8   543.5   569.7   600.9   664.1   927.1  3145.3 10551.3  14544.0    14502
read      446.7   349.8   160.7   227.5   245.7   425.7   502.0   537.1   560.7   587.4   624.6   691.0   980.0  5748.1 12510.7  16351.5    16369
read      418.6   213.4   160.7   221.3   237.8   371.6   458.9   517.3   556.3   596.6   647.8   730.6   983.5  2128.6  6368.7  41930.5    42077
read      403.6   217.3   160.7   219.2   235.1   360.7   446.8   505.3   543.6   581.3   624.3   685.0   822.0  1439.2  9790.4  38272.0    38334
read      438.5   309.8   160.7   225.1   242.7   417.1   503.6   541.0   565.4   590.7   628.0   691.3   914.1  4040.5 10612.4  17809.0    17694
read      386.3   206.0   160.7   217.5   232.4   353.5   420.9   461.6   493.0   530.9   581.0   659.7   821.2  1251.5  9649.4  74739.5    75056
read      411.6   259.7   160.7   221.4   238.0   366.2   446.9   500.7   540.2   584.4   637.1   721.5   920.0  1715.6  9182.8  53838.0    53845
read      443.0   370.6   173.5   232.4   252.6   429.3   489.6   519.8   539.9   564.8   595.7   657.9   845.3  5416.6 17736.0  13248.0    13319
read      428.4   257.7   160.7   222.8   240.5   375.2   451.0   498.4   535.5   582.7   649.1   779.4  1300.6  2627.0  7910.7  77578.0    77808
read      446.1   270.0   160.7   223.3   241.1   382.5   478.7   542.0   586.2   634.6   699.7   819.9  1331.2  2834.8  8049.1  44483.5    44423
read      425.1   266.0   160.7   221.8   238.2   387.1   493.3   541.1   570.7   602.4   639.6   704.3   873.5  2071.0 12164.1  25714.5    25669
read      406.1   219.1   160.7   220.0   236.2   364.3   437.2   485.5   522.0   564.7   621.0   714.5   980.8  1869.8  6147.6  66375.5    66463

Total QPS = 50135.5 (45121952 / 900.0s)

Total connections = 64
Misses = 0 (0.0%)
Skipped TXs = 0 (0.0%)

RX 11145121897 bytes :   11.8 MB/s
TX          0 bytes :    0.0 MB/s
Warning! Detected max cpu usage > 95%
CPU Usage Stats (avg/min/max): 100.00%,50.75%,100.00%
