Random waveform, supplied seed
Total number of intervals = 450 (7434, 67201, 85927, 63953, 31595, 87879, 7287, 62295, 6561, 22532, 60653, 59076, 60154, 22964, 8172, 27652, 37594, 24367, 33771, 84944, 85666, 51918, 34406, 28664, 38289, 20658, 13840, 93419, 98284, 71313, 42089, 46458, 30755, 42889, 93552, 65694, 29574, 51355, 67361, 16287, 81508, 87619, 99068, 51267, 11822, 97494, 97350, 55460, 85984, 82043, 52873, 13911, 49984, 9274, 27187, 18735, 86505, 93039, 75999, 32324, 84255, 81759, 37291, 53818, 30297, 31569, 38927, 10652, 98119, 48176, 34929, 69735, 20753, 84642, 42333, 61587, 77998, 97625, 23781, 66723, 31016, 47394, 95335, 5252, 65908, 16889, 42912, 99898, 26385, 22616, 50605, 90283, 26273, 48521, 34058, 75648, 19482, 15054, 75754, 5187, 17656, 96343, 36665, 85269, 31525, 61798, 12253, 25710, 79937, 7271, 85861, 91467, 72217, 31080, 76878, 84584, 12492, 57106, 96245, 6791, 90728, 5151, 82969, 42635, 99337, 95192, 69200, 49459, 29055, 64324, 5705, 84816, 23714, 74116, 19948, 44213, 19454, 7190, 47657, 44399, 6481, 5807, 83137, 9580, 37385, 33706, 35204, 50438, 48878, 42682, 27416, 64424, 64364, 5481, 26227, 26586, 86286, 24452, 26832, 29795, 46224, 84587, 63389, 46953, 90536, 12508, 38491, 97806, 11813, 39665, 53571, 63215, 78767, 8615, 67903, 16398, 53434, 38068, 9130, 69227, 37496, 83925, 51037, 33690, 51474, 73708, 98618, 81977, 91567, 48236, 91726, 52458, 70467, 71151, 65016, 42057, 78821, 60720, 39911, 10628, 73736, 7334, 91868, 76670, 10405, 26019, 55530, 29615, 66057, 55281, 21177, 88239, 70227, 23421, 97104, 6235, 58045, 23729, 40897, 53312, 87262, 81836, 92274, 47252, 75747, 80994, 98224, 7737, 37514, 10640, 90490, 92514, 89245, 73823, 46565, 21419, 66915, 31667, 72255, 99535, 9226, 67844, 71413, 97328, 55113, 53743, 15253, 90605, 25767, 93458, 95080, 88399, 95681, 33003, 98809, 64610, 51183, 20194, 7602, 46677, 5577, 23035, 57516, 62851, 38431, 25729, 19443, 19461, 42341, 5691, 40223, 29941, 41162, 43863, 20318, 93421, 48578, 40595, 17677, 78948, 9703, 9686, 7968, 15830, 8192, 79410, 76582, 54634, 72177, 15101, 8167, 44130, 53047, 97171, 81360, 77277, 38294, 11165, 74155, 12255, 52404, 17057, 6005, 85707, 79742, 58322, 26212, 69487, 29507, 51412, 67374, 55125, 53048, 12192, 36138, 60799, 36368, 39729, 95693, 40999, 65037, 12633, 50117, 62765, 12379, 49369, 39111, 52692, 24539, 61591, 47864, 16479, 75268, 8714, 13002, 77147, 43518, 27206, 55859, 37448, 45026, 99974, 64632, 49061, 80418, 16471, 35694, 13935, 79838, 48842, 17708, 31401, 62091, 87121, 81929, 42013, 90709, 67578, 58116, 68886, 93119, 95079, 77456, 15723, 9867, 8176, 89745, 11058, 81413, 21659, 27181, 17420, 23028, 33694, 32735, 57645, 45216, 57659, 85443, 14390, 31520, 67089, 16537, 18930, 46784, 93102, 89799, 66551, 93104, 43768, 54006, 64618, 86482, 77459, 61365, 52346, 87286, 17384, 98165, 63330, 5866, 37693, 75360, 34753, 59823, 68266, 39383, 65072, 33192, 51847, 62362, 84073, 64213, 27059, 54703, 98366, 29565, 75000, 62235, 47788, 68928, 36478, 76067, 47020, 81656, 16396, 21661, 50156, 54102, 65670, 17584, 30347, 21534, 10216, 80544, 45508, 21591, 15435, 14502, 16369, 42077, 38334, 17694, 75056, 53845, 13319, 77808, 44423, 25669, 66463)
Average QPS expected = 50157
Timestamp start: 1715611881312
Timestamp end: 1715612782119

#type       avg     std     min      p5     p10     p50     p67     p75     p80     p85     p90     p95     p99    p999   p9999      QPS   target
read      416.2   559.0   160.7   220.1   242.3   366.9   410.6   438.1   462.7   494.5   540.5   652.7  1138.7  7478.8 28461.7   7411.5     7434
read      443.0   589.8   148.8   204.9   221.7   360.9   441.1   492.7   532.8   583.0   659.6   808.5  1757.8  7226.9 30908.6  66765.0    67201
read      439.1   554.0   148.8   206.7   224.9   367.2   445.8   496.5   536.8   589.5   669.9   824.9  1310.8  7546.3 27734.2  86090.0    85927
read      406.1   314.2   148.8   200.1   215.2   347.5   429.2   477.7   517.1   566.5   635.6   761.0  1271.3  2906.2  9906.5  64123.5    63953
read      412.1   533.1   148.8   198.4   213.4   346.9   433.9   484.0   519.7   560.3   613.3   716.4  1150.8  9320.3 24579.9  31478.0    31595
read      474.0   550.0   148.8   208.2   228.9   385.0   470.3   527.8   575.1   637.1   737.0   937.7  1859.8  7128.9 25312.4  87647.5    87879
read      393.4   395.5   160.7   216.0   238.3   352.1   389.8   411.1   429.3   453.8   492.1   582.1  1390.1  5698.9 13192.7   7320.0     7287
read      424.0   489.1   148.8   199.4   215.1   353.5   433.2   483.7   523.0   573.2   644.3   797.2  1438.8  6112.6 17125.1  62011.5    62295
read      397.1   352.2   160.7   219.1   241.9   353.4   393.5   418.6   437.5   466.8   506.5   586.0  1279.1  5412.9  8579.8   6616.5     6561
read      432.8   374.4   148.8   201.3   216.7   372.2   463.8   513.0   547.1   590.9   677.9   830.0  1425.7  3653.4 10391.8  22461.0    22532
read      415.9   486.7   148.8   201.1   216.3   349.4   429.1   479.7   519.8   569.6   635.5   752.6  1279.3  5512.8 16081.6  60824.0    60653
read      409.3   269.6   148.8   201.2   216.7   352.4   433.1   484.5   524.6   573.3   642.7   777.6  1298.4  2495.5  8527.8  59109.0    59076
read      397.2   238.3   148.8   199.2   214.5   345.4   424.8   475.0   514.7   561.9   626.3   743.2  1159.9  2251.5  7987.0  60096.0    60154
read      467.3   775.8   148.8   203.3   219.0   375.9   472.8   525.8   565.7   624.5   734.8   898.4  1466.0 10221.9 33020.0  23094.5    22964
read      392.2   548.6   160.7   216.9   237.2   355.1   394.3   416.1   431.6   453.9   486.6   554.6   938.9  8708.2 30581.7   8063.0     8172
read      419.9   385.1   148.8   202.2   218.0   362.7   453.7   506.8   542.2   582.9   640.8   762.8  1203.5  3971.6 12717.1  27652.5    27652
read      422.1   524.6   148.8   198.4   213.5   348.9   435.1   488.5   527.1   572.2   633.2   769.3  1315.8  8071.9 15658.5  37613.5    37594
read      461.9   618.9   148.8   200.7   216.6   371.6   471.2   528.7   572.3   636.1   762.2   940.7  1455.1  8225.8 19802.1  24569.0    24367
read      409.1   261.0   148.8   200.4   215.5   358.0   445.8   499.2   537.6   581.8   641.6   751.3  1178.8  2173.4  9175.8  33553.5    33771
read      414.9   349.9   148.8   203.6   220.3   356.1   431.0   479.3   517.2   564.4   632.5   769.6  1286.9  4545.4 10910.0  84974.5    84944
read      429.7   521.3   148.8   205.5   223.4   365.9   442.2   491.7   532.8   585.2   659.0   788.6  1201.4  6391.6 29941.7  85388.5    85666
read      398.1   389.0   148.8   197.5   211.9   341.6   417.9   465.5   503.2   548.8   610.5   721.1  1199.6  4413.7 12654.9  52267.0    51918
read      410.8   269.8   148.8   201.7   217.3   359.2   447.3   499.5   537.5   581.7   640.3   745.3  1165.7  3293.4  7765.8  34290.0    34406
read      421.6   642.7   148.8   199.2   213.7   351.5   439.8   488.5   521.9   559.3   610.3   715.0  1112.3  9819.7 30998.9  28490.0    28664
read      415.1   387.6   148.8   200.8   215.9   355.8   443.0   499.0   538.8   584.6   656.8   770.3  1221.0  4315.3 12408.0  38270.5    38289
read      422.6   502.0   148.8   203.0   218.2   369.2   453.6   495.5   524.9   559.7   614.0   741.3  1156.6  5824.6 16141.4  20534.5    20658
read      459.0   622.4   160.7   209.0   228.1   393.3   464.4   508.5   546.2   596.0   696.9   803.8  1487.0  6536.2 31418.1  13774.0    13840
read      446.3   566.0   148.8   209.3   229.5   373.3   453.1   503.8   546.0   601.0   682.2   831.4  1308.6  8575.8 26657.4  92970.0    93419
read      453.1   306.8   148.8   213.2   234.7   389.7   472.7   530.3   579.1   643.8   733.4   870.5  1340.4  3480.6  8053.3  97847.0    98284
read      440.8   424.3   148.8   202.5   218.5   362.9   446.4   499.6   541.6   597.1   680.5   873.1  1713.8  5058.8  9350.5  71017.0    71313
read      407.8   252.0   148.8   199.7   214.7   359.1   445.1   495.6   532.8   578.2   641.1   753.9  1155.8  2528.4  8055.8  42073.0    42089
read      421.1   496.0   148.8   199.0   214.1   354.3   435.2   485.8   525.0   572.4   636.6   749.5  1320.1  7742.5 20103.6  46291.5    46458
read      394.8   257.7   148.8   196.5   211.0   344.5   430.6   480.2   513.5   552.8   606.4   715.9  1161.7  3238.8  8541.6  30729.5    30755
read      415.7   420.2   148.8   199.1   214.0   358.9   442.2   492.8   530.9   577.8   640.5   761.3  1249.3  4480.0 12864.4  42797.0    42889
read      412.2   391.7   148.8   203.4   220.9   355.8   426.8   471.1   508.0   557.2   628.2   767.7  1296.8  2822.2 19360.9  93538.5    93552
read      410.5   507.5   148.8   198.1   213.5   345.7   424.1   470.4   507.7   553.8   620.8   745.3  1204.0  8057.4 15577.8  65745.5    65694
read      409.0   294.2   148.8   200.9   215.9   361.8   447.5   497.0   532.5   574.3   630.6   734.1  1139.3  2840.9 12929.3  29740.0    29574
read      422.2   485.6   148.8   200.0   215.2   357.9   439.0   488.8   527.7   576.3   644.9   777.2  1351.9  6717.9 29175.4  51318.0    51355
read      392.5   329.9   148.8   196.1   210.7   338.9   412.6   457.9   492.7   536.5   598.4   714.6  1238.8  3882.0  8870.6  67715.0    67361
read      410.6   404.2   160.7   198.9   213.4   371.4   441.8   480.1   507.3   543.8   601.0   723.1  1075.9  4975.0 16105.5  16367.0    16287
read      456.0   555.1   148.8   201.4   218.5   361.3   439.2   491.0   534.0   592.3   690.6   952.4  1926.5  8306.2 20103.3  81292.5    81508
read      451.6   567.8   148.8   207.4   226.2   374.8   454.7   505.2   545.4   597.2   674.3   833.4  1419.9  8699.6 13903.6  87704.5    87619
read      442.5   376.6   148.8   211.4   232.6   383.5   462.1   511.8   553.7   608.1   687.1   831.5  1269.2  4455.3 15274.5  99356.5    99068
read      397.6   263.5   148.8   198.5   213.2   345.6   425.6   473.5   509.5   555.1   618.7   733.5  1267.2  2184.9  8098.0  51364.5    51267
read      462.3   871.8   160.7   205.7   222.0   372.5   431.6   468.7   500.2   540.9   597.3   726.6  1781.5 11117.6 31715.5  11749.5    11822
read      401.5   336.6   148.8   203.0   220.3   350.5   418.0   460.9   495.5   539.0   600.9   734.5  1187.9  2767.9 12370.8  97030.5    97494
read      460.4   397.2   148.8   217.8   241.5   400.8   483.4   539.2   584.3   640.7   724.0   855.6  1265.6  3895.3  9694.6  97058.5    97350
read      405.6   334.9   148.8   197.9   213.0   345.2   425.3   474.5   513.2   561.5   628.4   754.8  1320.9  4026.5 10765.9  55621.0    55460
read      406.4   302.7   148.8   204.0   221.0   354.0   427.4   473.3   510.4   557.5   624.9   749.1  1198.9  2742.7  9042.9  86021.0    85984
read      436.0   510.3   148.8   209.4   227.6   368.5   448.2   498.6   538.5   588.1   664.9   807.2  1304.8  7881.7 21002.4  81910.0    82043
read      399.3   394.5   148.8   198.2   212.6   339.8   417.8   467.4   507.1   554.0   615.3   728.4  1211.1  4321.7 12414.7  52857.0    52873
read      412.4   360.7   148.8   207.0   223.5   375.4   433.2   466.5   492.4   524.6   576.3   705.4  1142.3  4003.3 10444.6  13832.0    13911
read      398.6   282.2   148.8   197.2   211.9   340.7   423.4   474.1   514.1   563.4   629.3   746.7  1252.6  2488.3  9876.0  49928.0    49984
read      399.2   357.5   160.7   212.1   231.1   361.5   405.2   432.0   453.4   479.4   521.0   615.4  1373.3  5045.7  8607.1   9219.5     9274
read      455.4   780.4   148.8   197.3   211.9   353.0   447.4   499.2   536.2   582.7   662.4   851.2  1839.1 12409.4 31695.2  27205.5    27187
read      401.7   298.7   148.8   197.7   211.6   363.6   436.3   473.9   501.2   534.6   583.2   708.1  1154.5  3982.5  8859.0  18534.5    18735
read      427.6   543.6   148.8   202.6   219.6   359.9   436.3   486.0   524.4   574.3   644.6   797.1  1293.5  8187.8 19914.1  86495.0    86505
read      421.4   444.7   148.8   204.5   222.0   358.3   434.5   482.6   520.1   569.0   639.7   785.7  1250.1  4266.4 16050.2  93216.0    93039
read      405.6   500.3   148.8   198.9   214.5   345.8   420.3   465.6   500.7   545.1   609.5   730.0  1214.6  4697.8 22610.3  75978.0    75999
read      418.6   506.2   148.8   197.7   212.4   349.6   436.1   485.0   520.1   561.6   616.5   727.7  1310.5  7397.2 18299.7  32233.5    32324
read      414.4   388.2   148.8   202.2   218.5   355.9   432.0   478.3   516.4   566.9   637.2   777.2  1246.5  4748.6  9946.9  84030.0    84255
read      408.7   428.8   148.8   201.3   217.2   350.2   426.5   473.0   510.8   558.8   629.5   759.6  1239.8  2771.4 17489.1  81994.0    81759
read      401.6   277.2   148.8   197.7   212.2   350.6   432.7   482.6   520.1   565.3   627.0   739.0  1223.1  2452.9 10493.7  37065.0    37291
read      398.5   258.9   148.8   197.3   212.2   343.9   422.5   470.7   506.6   551.0   616.4   740.4  1359.6  2338.2  7668.5  53903.5    53818
read      414.1   542.5   148.8   198.3   212.8   347.7   436.3   487.4   522.5   561.6   613.1   715.1  1198.3  7992.2 20455.5  30265.0    30297
read      398.5   293.3   148.8   199.3   214.3   348.4   435.3   485.0   521.0   561.9   615.1   717.9  1059.6  3856.8  8717.3  31681.5    31569
read      414.2   469.4   148.8   198.5   213.3   348.7   434.8   487.7   526.2   572.4   632.9   742.3  1249.6  5136.6 18089.8  38945.0    38927
read      433.2   446.9   160.7   208.0   226.2   380.2   441.1   482.0   512.9   551.2   613.1   732.0  1496.1  4732.3 16109.4  10667.0    10652
read      488.2   519.5   148.8   215.3   239.4   402.6   491.2   550.9   602.1   668.5   761.7   948.1  1826.0  5175.4 18927.8  97830.5    98119
read      395.2   245.6   148.8   196.3   210.6   343.6   425.3   474.2   511.8   558.6   621.4   741.0  1214.9  1869.7  5741.3  48164.0    48176
read      402.5   451.4   148.8   197.5   212.5   347.3   429.1   479.4   516.0   559.9   615.7   715.7  1142.0  3821.7 13946.1  35057.5    34929
read      414.9   487.3   148.8   200.6   216.1   353.7   433.0   484.5   522.9   570.0   635.8   758.8  1207.5  5678.0 16742.3  69559.5    69735
read      447.3   788.1   148.8   199.7   214.0   365.2   446.8   490.1   521.1   559.2   622.7   781.1  1703.3  9010.9 31854.1  20863.0    20753
read      446.0   625.0   148.8   204.5   222.6   368.0   447.7   497.8   537.3   589.2   667.4   820.9  1392.4  8423.8 30926.4  84793.0    84642
read      417.4   480.2   148.8   199.0   213.9   356.6   440.5   489.8   527.6   574.1   634.5   748.7  1250.1  7199.8 21757.0  42308.0    42333
read      391.6   268.0   148.8   195.5   210.1   339.7   414.3   461.3   497.0   542.0   605.2   720.8  1256.7  3112.2  9264.8  61264.0    61587
read      403.4   360.0   148.8   199.8   216.0   349.3   427.4   476.1   513.3   560.4   626.3   744.3  1096.9  3260.9 13471.5  78111.5    77998
read      465.5   485.7   148.8   212.8   235.8   395.2   479.6   535.0   577.7   633.4   721.2   876.4  1317.9  7957.5 15523.7  97388.5    97625
read      429.6   450.7   148.8   199.2   214.1   365.0   455.1   503.3   539.6   585.8   671.6   831.6  1333.1  5164.4 24142.0  23767.5    23781
read      411.6   376.3   148.8   201.3   217.0   351.1   430.8   481.6   521.2   572.2   642.4   776.2  1273.7  4083.4 12898.1  67133.5    66723
read      405.4   398.2   148.8   200.5   215.8   352.9   440.0   491.1   526.0   566.2   621.8   726.5  1084.7  2754.8 12609.7  31198.0    31016
read      409.7   381.3   148.8   199.8   214.7   352.1   436.6   489.7   529.2   576.6   642.5   753.2  1156.7  3674.8 13669.4  47182.0    47394
read      481.0   654.1   148.8   212.5   235.0   393.9   485.0   545.1   594.2   658.6   745.1   904.2  1513.5  8017.3 31872.8  95280.0    95335
read      419.1   671.1   160.7   229.2   256.6   338.9   370.8   390.9   404.3   428.4   465.0   569.5  2931.0  9028.0 22031.5   5317.0     5252
read      397.8   255.6   148.8   200.1   215.5   345.3   420.9   468.6   505.6   550.1   616.2   734.8  1231.4  2776.8  9055.0  65589.5    65908
read      438.9   603.5   160.7   201.6   216.9   381.0   457.6   498.4   530.0   573.1   647.7   783.8  1271.7  5930.4 29276.7  16911.0    16889
read      402.4   291.9   148.8   196.4   210.8   338.6   422.7   476.8   519.0   568.9   636.1   773.0  1313.5  3156.2  9668.5  43086.0    42912
read      530.4   533.7   148.8   229.5   262.2   454.9   557.5   631.2   691.1   764.6   855.1   988.6  1390.6  5936.2 24092.0  99514.5    99898
read      413.2   310.5   148.8   198.3   213.2   354.1   445.7   496.8   533.1   576.5   640.0   799.4  1192.8  3045.5 13317.1  26406.5    26385
read      463.8   613.3   160.7   202.7   218.6   376.8   477.1   528.9   572.2   639.1   746.2   915.6  1661.9  5437.1 34445.1  22617.5    22616
read      435.6   703.8   148.8   199.0   214.6   352.7   432.7   485.6   526.9   578.0   651.8   797.2  1570.0  7959.2 31835.5  50730.5    50605
read      424.7   500.6   148.8   204.9   223.6   363.3   437.1   485.1   522.6   571.4   640.2   762.1  1199.2  7850.5 15017.0  90164.5    90283
read      462.2   727.9   148.8   201.0   216.4   362.6   459.2   512.3   549.6   595.9   697.6   894.2  1646.6 11855.7 30710.4  26350.0    26273
read      397.5   259.0   148.8   197.4   212.5   344.0   424.2   475.1   514.5   561.2   623.9   736.9  1229.2  2363.9  9065.7  48250.0    48521
read      395.9   267.5   148.8   196.6   211.1   343.9   431.7   484.4   522.5   565.3   621.8   724.4  1148.1  1925.6  9932.8  34216.5    34058
read      433.1   576.9   148.8   204.8   221.7   357.7   436.7   487.3   527.2   578.5   649.7   785.7  1367.0  8854.9 21860.8  75837.5    75648
read      437.1   480.7   160.7   201.8   216.4   376.6   460.3   503.5   535.9   578.3   657.8   820.5  1428.4  8650.1 13465.5  19361.0    19482
read      423.1   397.3   160.7   204.4   219.4   380.2   445.3   480.3   505.2   539.7   592.7   731.3  1440.6  5039.3  9254.9  15090.5    15054
read      409.0   385.5   148.8   199.6   215.3   343.3   416.5   464.0   502.0   550.4   622.3   764.7  1516.5  4208.2 12807.0  75917.0    75754
read      455.7  1214.1   173.5   224.2   253.2   338.9   371.7   394.2   412.1   436.9   473.1   581.6  2115.8 16084.0 36970.6   5154.5     5187
read      445.9   588.2   160.7   205.0   220.3   379.6   457.0   497.5   528.0   567.3   632.2   789.3  1678.6  7816.7 30413.5  17522.0    17656
read      437.9   442.5   148.8   208.3   228.5   374.4   450.8   501.2   542.6   594.4   671.3   803.4  1278.7  7637.1 12539.0  95908.5    96343
read      416.6   613.2   148.8   197.8   212.8   349.4   430.5   480.4   517.7   562.0   619.4   716.9  1160.6  9755.5 30385.1  36637.5    36665
read      403.8   269.7   148.8   202.5   219.0   349.7   421.1   465.8   502.1   549.1   621.0   759.2  1313.1  2798.4  9137.7  85240.5    85269
read      409.3   337.0   148.8   199.4   215.0   351.1   441.4   496.9   535.9   578.8   639.0   748.4  1131.3  4742.6 11867.2  31555.5    31525
read      414.5   421.5   148.8   201.3   216.3   346.8   426.7   479.7   520.6   570.0   639.7   770.3  1262.8  6871.0 12725.5  61880.5    61798
read      450.7   527.8   148.8   214.8   233.8   393.0   457.6   496.1   526.5   565.6   636.5   777.8  1418.5  7675.6 12809.2  12228.5    12253
read      467.0   805.3   148.8   204.4   220.4   371.1   465.8   518.3   554.6   599.5   689.2   858.5  1846.1 12167.9 31500.1  25627.0    25710
read      393.6   259.9   148.8   199.9   215.2   338.3   408.7   454.7   491.6   538.1   603.3   737.1  1363.0  2605.8  7843.5  79807.0    79937
read      393.3   426.1   160.7   212.1   234.7   351.8   395.4   423.1   445.0   473.6   516.0   598.9  1184.8  4614.3 15723.9   7266.5     7271
read      428.0   493.2   148.8   202.8   220.1   361.2   438.6   489.6   529.6   580.8   655.1   800.7  1296.7  5822.3 16181.4  85690.5    85861
read      415.0   390.2   148.8   202.6   219.7   355.2   430.9   479.1   517.4   567.9   640.1   783.0  1228.7  3662.3 14728.7  91507.0    91467
read      411.4   342.0   148.8   201.5   217.4   354.0   430.2   478.9   517.5   565.1   629.5   749.6  1277.4  4141.3  8778.2  72220.0    72217
read      417.9   456.5   148.8   199.6   214.5   352.2   438.0   488.9   525.3   567.4   625.9   743.9  1356.4  7389.1 13172.9  31267.5    31080
read      432.7   395.5   148.8   201.9   218.5   357.1   435.5   486.2   527.2   581.5   669.8   883.3  1668.4  3763.1 12898.3  76921.0    76878
read      430.7   539.1   148.8   203.7   220.6   363.7   443.6   495.8   537.5   590.6   667.3   804.0  1220.8  8088.3 29100.4  84548.5    84584
read      440.8   601.2   160.7   204.6   221.1   372.0   426.8   459.3   486.4   524.9   597.6   779.6  2079.5  7237.5 24924.5  12338.0    12492
read      403.4   253.0   148.8   198.8   214.0   349.1   426.8   475.0   513.1   562.3   632.5   768.6  1296.6  2411.8  7897.3  57035.0    57106
read      471.2   333.3   148.8   213.6   236.9   400.3   492.6   553.7   605.3   674.7   769.3   934.2  1477.6  3041.7  9795.6  96137.0    96245
read      453.8  1144.5   160.7   216.7   240.2   347.7   388.3   412.7   433.4   463.9   510.4   624.6  2929.9 12814.3 39585.5   6848.5     6791
read      429.3   541.2   148.8   203.5   221.1   361.8   437.6   488.3   528.9   580.6   654.7   792.7  1294.8  7422.2 16179.1  89914.0    90728
read      406.6   766.8   160.7   226.0   253.2   340.9   374.2   396.7   414.6   437.3   482.1   576.0  1448.1 12693.4 26803.5   5232.5     5151
read      404.7   358.6   148.8   200.5   216.7   347.0   420.9   467.1   504.0   551.2   621.2   744.7  1230.4  4164.3 11376.9  82580.0    82969
read      403.2   410.0   148.8   197.4   212.4   345.7   426.7   477.2   516.2   560.7   620.1   730.3  1199.0  4198.8 12816.4  42790.0    42635
read      513.7   549.8   148.8   222.4   251.5   433.4   531.9   596.3   649.5   717.6   806.0   955.1  1534.4  7834.8 21369.7  99340.5    99337
read      430.1   421.8   148.8   206.3   225.5   369.2   448.9   500.9   542.6   594.7   669.9   805.5  1230.4  4333.1 12846.6  95132.5    95192
read      403.7   300.2   148.8   199.7   215.3   349.2   425.1   473.5   512.2   559.8   626.1   744.0  1274.1  2804.7 12297.7  69691.5    69200
read      405.3   420.7   148.8   196.8   211.9   344.6   423.6   473.5   511.5   559.1   624.0   740.8  1259.0  5382.9 11996.9  49406.5    49459
read      407.1   292.2   148.8   201.2   216.0   357.4   447.3   496.7   531.8   573.6   629.1   732.2  1095.5  3561.1  8530.8  28985.5    29055
read      423.4   517.3   148.8   200.6   216.1   353.8   433.4   485.2   524.3   573.6   643.2   774.0  1315.7  8252.0 16237.6  64054.5    64324
read      393.9   715.0   160.7   220.9   246.4   336.7   369.2   390.3   405.0   426.5   458.2   534.2  1329.7 10739.0 32131.5   5815.0     5705
read      422.6   389.3   148.8   203.5   220.4   359.1   437.6   488.7   529.1   581.8   657.8   807.0  1327.6  3821.7 11187.1  84357.5    84816
read      414.0   542.5   160.7   200.3   214.4   355.3   439.4   485.5   516.1   550.5   599.8   715.9  1146.4  6827.4 30625.5  23643.0    23714
read      401.4   287.4   148.8   199.6   215.3   345.8   420.9   467.1   503.6   549.0   616.9   744.9  1324.8  3059.5 10700.3  74094.0    74116
read      443.9   581.9   148.8   203.1   217.6   369.6   450.5   492.6   523.4   561.9   620.6   777.4  2120.1  7018.9 29040.5  19817.0    19948
read      405.2   318.0   148.8   199.4   214.3   353.8   434.4   485.3   522.3   567.7   631.1   740.6  1163.9  2914.7  9295.0  44111.5    44213
read      432.4   453.9   148.8   202.3   217.2   374.4   455.7   498.6   530.6   574.2   662.6   808.0  1300.3  5688.7 19407.9  19331.5    19454
read      398.2   500.3   160.7   218.5   240.9   348.7   387.1   408.4   426.9   453.3   499.4   595.9  1512.0  7693.9 18299.2   7238.5     7190
read      414.4   588.5   148.8   197.3   212.4   343.6   422.6   471.9   510.0   558.4   624.6   744.5  1275.8  7896.0 30232.7  47558.5    47657
read      400.4   310.4   148.8   197.7   212.9   345.7   428.0   483.4   524.8   571.4   631.9   743.9  1117.5  2470.3 12028.9  44270.5    44399
read      397.1   394.3   160.7   231.3   259.4   352.3   387.2   407.0   425.2   447.3   480.1   562.4  1379.2  6215.2 12499.5   6527.5     6481
read      382.6   307.2   173.5   230.4   258.4   343.5   374.8   394.7   408.9   429.8   464.0   549.6  1384.6  4230.1  9379.5   5810.5     5807
read      428.4   514.1   148.8   204.2   221.5   359.2   434.6   484.3   523.8   574.7   650.5   790.5  1436.6  6918.5 28984.5  82669.5    83137
read      482.3  1152.4   160.7   220.2   242.5   374.7   427.2   459.2   485.2   520.9   575.0   720.5  2041.9 14844.7 36847.7   9684.5     9580
read      414.4   415.8   148.8   198.7   214.4   353.2   440.6   496.4   535.8   581.7   653.1   770.3  1203.6  3432.4 13809.1  37032.0    37385
read      398.7   256.8   148.8   199.3   214.6   347.9   434.3   488.0   526.2   567.8   622.1   727.2  1022.7  3699.4  8174.1  33656.5    33706
read      422.8   389.9   148.8   200.4   215.9   356.3   443.7   500.5   540.7   586.1   659.3   776.2  1316.5  6026.2 12846.4  35363.0    35204
read      409.2   438.0   148.8   196.3   211.5   345.7   425.2   477.3   518.3   568.4   637.4   759.2  1222.2  5816.2 21547.2  50381.5    50438
read      410.0   252.2   148.8   199.9   215.4   355.0   437.1   490.5   531.3   580.6   649.6   762.6  1281.1  2508.7  7378.0  49253.5    48878
read      416.2   404.7   148.8   198.4   213.4   351.2   437.1   489.9   529.4   577.0   643.9   777.4  1334.1  5772.2 13221.2  42610.5    42682
read      406.2   446.1   148.8   199.3   214.3   351.6   440.8   490.7   524.7   562.3   611.1   706.1  1109.9  4945.8 18631.1  27464.5    27416
read      412.8   561.5   148.8   199.5   214.8   341.5   418.7   467.0   505.3   553.1   624.6   756.3  1291.1  8073.6 30455.7  64293.0    64424
read      407.0   362.4   148.8   200.6   216.1   346.9   425.5   476.2   514.3   561.2   626.8   744.2  1301.4  3755.2 12673.9  64083.0    64364
read      400.5   471.9   160.7   222.8   251.4   342.2   376.8   399.0   418.6   445.6   491.2   589.7  1588.3  7751.0 13859.9   5431.5     5481
read      473.6   447.9   148.8   203.0   219.8   383.1   491.0   553.9   602.5   685.2   798.5  1015.8  1593.3  5061.3 10098.7  26016.0    26227
read      503.6   524.9   148.8   201.0   218.6   392.4   510.9   586.9   665.6   767.3   887.8  1094.8  1837.4  5114.0 15967.0  26258.0    26586
read      422.8   549.7   148.8   203.8   221.2   358.0   433.6   482.7   521.8   572.1   639.3   768.3  1235.8  8057.1 24958.3  86248.5    86286
read      437.1   367.3   148.8   203.4   219.4   369.5   468.3   521.7   558.8   606.2   693.4   854.8  1374.1  5067.5 10350.6  24405.0    24452
read      499.1   794.2   148.8   201.9   218.3   372.4   483.0   545.0   593.6   677.2   806.6  1061.8  1997.5 11208.5 31777.6  26694.5    26832
read      400.4   300.1   148.8   197.9   212.7   345.6   436.5   489.0   525.2   565.3   615.8   725.8  1133.8  2581.7 10666.3  29922.5    29795
read      403.9   272.9   148.8   198.3   213.4   351.5   432.8   485.3   525.1   570.7   633.0   745.6  1230.1  2290.1 10538.7  46290.5    46224
read      436.3   474.6   148.8   204.7   223.0   364.9   442.4   492.8   534.4   588.5   669.3   819.3  1482.7  6939.4 15588.1  84808.0    84587
read      395.8   362.8   148.8   196.8   211.6   337.1   412.9   462.5   500.9   547.9   611.7   722.7  1187.7  3947.8 13202.8  63335.0    63389
read      407.2   267.1   148.8   199.6   215.2   354.9   439.4   490.7   529.3   576.0   639.0   749.2  1185.5  2440.0  8698.1  47124.5    46953
read      425.5   385.1   148.8   207.0   225.3   364.0   440.0   489.8   529.1   579.5   653.6   795.3  1354.2  4504.6 12835.5  90840.0    90536
read      440.7   427.6   160.7   211.9   229.4   387.5   449.2   486.2   514.2   551.6   624.5   746.9  1457.4  4874.5 12556.8  12505.0    12508
read      436.0   620.8   148.8   201.0   217.0   361.0   447.5   500.5   540.6   589.6   663.2   778.3  1307.0  8843.6 33727.5  38438.5    38491
read      565.1   584.1   160.7   236.1   269.3   475.0   585.8   667.9   734.1   814.5   921.6  1098.0  1596.5  7578.7 22816.3  98077.5    97806
read      432.9   506.5   160.7   208.3   225.0   378.7   440.3   474.7   502.2   539.2   594.7   723.9  1606.3  7854.4 25478.7  11778.0    11813
read      415.1   424.2   148.8   200.0   214.7   361.7   447.4   496.8   534.5   580.8   641.2   745.3  1158.2  4789.7 12751.8  39572.5    39665
read      419.4   362.4   148.8   199.7   214.3   356.7   443.3   495.9   535.4   584.6   655.3   788.7  1389.5  3754.3  9430.3  53479.5    53571
read      412.4   336.0   148.8   199.3   214.3   353.2   434.5   484.8   523.0   571.4   640.0   772.2  1293.3  4272.0 12319.1  63118.5    63215
read      418.8   485.7   148.8   199.2   215.7   350.6   428.0   477.5   517.8   568.1   637.9   775.6  1382.9  7182.5 14599.8  79168.5    78767
read      436.1   979.2   160.7   213.1   233.7   357.0   397.1   420.4   436.4   460.0   494.7   583.4  1824.9 12875.0 36721.0   8649.5     8615
read      399.4   252.8   148.8   199.9   215.5   346.3   423.3   471.9   511.5   561.4   634.4   763.1  1172.9  2134.2  8109.7  67446.5    67903
read      503.9  1129.3   160.7   211.7   230.0   388.2   462.1   503.2   535.1   578.0   675.2   805.2  2373.5 13893.5 32389.0  16457.0    16398
read      422.5   411.8   148.8   199.1   214.5   350.4   432.7   486.8   529.2   580.0   661.5   805.3  1579.5  3650.6 13008.6  53204.0    53434
read      428.1   580.4   148.8   200.4   215.9   358.7   442.5   496.8   537.1   584.8   661.4   769.0  1183.2  7592.6 30244.0  38126.5    38068
read      412.6   480.1   160.7   213.4   233.6   364.7   410.8   435.8   458.0   486.0   530.4   637.1  1611.6  4437.6 26143.7   9213.5     9130
read      419.1   337.1   148.8   204.4   220.1   354.8   432.7   482.8   522.0   571.0   642.0   792.1  1422.7  4112.0  8709.6  69208.0    69227
read      413.6   604.7   148.8   196.6   210.7   342.0   427.0   479.9   518.9   563.5   618.5   721.7  1301.7  9161.4 30270.6  37417.0    37496
read      425.0   531.2   148.8   205.8   222.9   358.4   435.7   485.7   525.8   577.1   650.1   793.2  1294.7  5816.9 30491.9  84050.5    83925
read      506.7   959.9   148.8   202.2   217.8   364.4   455.1   514.1   561.0   621.4   718.4   992.7  3151.3 12455.8 31993.4  50933.5    51037
read      405.2   297.3   148.8   199.9   214.3   347.7   438.9   494.5   533.3   576.1   628.3   720.2  1151.4  4360.4  9233.4  33699.5    33690
read      415.5   379.4   148.8   203.5   218.0   351.1   433.6   489.6   533.1   585.0   652.9   781.4  1289.8  3365.0 12778.9  51472.5    51474
read      425.2   581.8   148.8   204.9   220.7   354.0   433.4   483.7   523.6   574.9   644.8   784.9  1375.1  5827.9 20086.2  74047.0    73708
read      468.6   496.3   148.8   218.2   239.7   396.8   486.0   544.4   591.3   655.9   747.6   895.8  1306.3  5515.4 21031.4  98668.0    98618
read      419.8   611.8   148.8   204.1   219.9   347.2   421.7   469.0   508.6   558.1   629.9   771.9  1422.5  6036.4 25699.3  81874.5    81977
read      485.9   819.4   148.8   216.3   238.0   396.1   481.2   538.1   585.2   644.5   736.6   904.9  1584.5  8394.7 39579.5  91878.5    91567
read      422.6   485.5   148.8   199.5   214.0   345.1   432.0   489.1   532.8   584.7   654.9   804.5  1492.1  5517.4 20866.7  48214.0    48236
read      508.2   895.3   148.8   214.9   236.8   398.5   489.9   547.9   599.5   672.2   785.7  1001.5  1895.4 10523.4 49314.8  92016.5    91726
read      413.4   560.5   148.8   198.0   212.3   341.8   423.7   476.8   520.2   570.7   633.2   759.1  1373.3  5250.4 28805.4  52613.0    52458
read      410.8   565.0   148.8   201.3   215.7   340.2   414.4   461.1   499.7   548.8   621.7   761.4  1380.3  4971.8 25014.1  70519.0    70467
read      400.9   527.5   148.8   199.0   213.6   336.5   409.7   456.6   493.8   541.2   607.9   729.7  1218.7  4724.0 26042.2  71214.0    71151
read      443.6   833.5   148.8   200.4   215.5   346.9   425.3   475.4   515.3   565.5   636.0   797.6  1760.2 12573.4 30264.6  64689.5    65016
read      430.2   658.9   148.8   199.7   214.4   358.2   444.5   498.2   538.7   586.2   645.5   769.0  1365.8  6301.3 36544.4  42336.0    42057
read      397.8   444.7   148.8   200.1   215.3   336.1   407.9   453.2   488.9   535.0   600.4   727.5  1273.5  4066.3 19666.2  79124.0    78821
read      414.3   561.9   148.8   198.1   212.9   338.9   415.8   464.0   501.8   547.9   616.1   745.7  1495.0  8208.7 21260.6  60671.0    60720
read      401.5   472.6   148.8   194.5   208.0   336.6   422.7   475.7   514.9   558.8   616.2   726.8  1233.4  4847.9 18486.5  40240.0    39911
read      484.1   902.2   160.7   206.1   223.2   389.8   450.9   492.1   525.9   568.3   632.4   780.2  1762.7 13839.6 27310.8  10553.0    10628
read      402.3   402.6   148.8   199.4   214.6   339.5   414.5   460.1   496.1   542.9   612.6   748.4  1422.1  3144.4 16609.0  73698.5    73736
read      465.5  1038.1   160.7   210.9   231.8   365.8   410.8   437.2   463.4   498.1   553.0   758.9  1789.1 17941.5 33215.7   7342.5     7334
read      450.5   441.5   148.8   210.6   230.4   374.4   454.7   505.1   546.4   601.7   686.3   857.1  1587.5  6259.4 11701.6  91453.5    91868
read      386.6   370.4   148.8   199.0   213.8   335.4   405.9   451.3   485.4   527.3   584.2   687.9  1081.1  3447.0 16768.0  76753.5    76670
read      494.5  1309.0   148.8   204.7   221.2   366.7   418.8   450.9   477.3   512.7   569.6   689.6  3813.1 27087.0 32512.6  10386.0    10405
read      451.7   500.5   148.8   198.9   214.0   370.0   475.2   536.1   581.5   641.4   751.6   933.6  1341.9  5578.6 16813.9  25823.0    26019
read      412.7   311.9   148.8   199.9   214.9   350.6   431.3   483.2   524.3   575.0   644.3   787.7  1368.4  4544.0  9823.2  55659.0    55530
read      402.0   470.7   148.8   196.2   210.2   344.1   435.0   485.7   520.6   559.5   607.8   702.0  1093.1  4037.3 17260.4  29784.5    29615
read      382.9   230.2   148.8   197.9   212.3   331.1   403.7   450.3   487.9   535.5   600.1   716.6  1209.0  1882.0  6389.4  65749.5    66057
read      430.9   612.4   148.8   201.7   216.2   351.0   431.9   483.2   523.9   575.1   640.8   770.2  1460.4  8619.0 30310.8  55125.5    55281
read      411.1   316.7   148.8   197.8   211.5   364.0   452.7   496.2   527.0   563.8   619.1   756.4  1156.4  4108.4  9068.2  21048.5    21177
read      405.8   350.9   148.8   206.2   223.4   353.9   426.4   469.9   504.4   548.0   614.6   737.5  1148.6  3881.2 12833.1  88024.5    88239
read      384.7   262.0   148.8   198.9   213.3   331.4   403.7   450.6   487.0   532.2   593.4   702.9  1252.0  2318.0  9497.9  69913.5    70227
read      449.8   725.2   148.8   199.5   213.9   366.2   460.9   508.6   542.3   585.4   654.0   809.2  1487.7 10262.9 31710.9  23439.5    23421
read      458.6   441.2   148.8   215.7   237.8   392.4   473.1   526.7   569.7   624.4   701.7   849.9  1315.8  5060.2 14746.7  97078.5    97104
read      485.8  1622.9   160.7   215.6   241.0   342.7   379.2   399.6   416.8   437.1   471.5   546.9  2536.7 24883.2 54027.8   6223.0     6235
read      404.4   480.7   148.8   199.1   213.2   336.9   414.1   462.7   502.5   550.7   614.1   722.9  1272.9  7272.5 17171.6  57686.5    58045
read      504.2  1079.6   148.8   200.9   215.4   374.4   474.1   527.4   564.7   616.3   716.1   906.4  2038.7 14125.4 32076.6  23578.0    23729
read      412.5   321.9   148.8   198.0   212.6   345.6   432.0   489.3   533.0   582.8   645.7   794.9  1368.4  3861.6  9947.4  41035.0    40897
read      398.4   388.6   148.8   198.3   212.5   340.1   419.4   468.0   505.6   551.8   614.0   720.1  1233.0  4403.4 13272.1  53104.5    53312
read      423.9   508.2   148.8   206.0   223.2   356.6   432.6   481.3   520.1   570.7   640.1   786.1  1329.8  5920.9 30235.8  86991.0    87262
read      426.8   558.5   148.8   206.9   223.7   359.4   435.8   485.8   523.6   572.3   640.0   775.8  1236.8  6175.3 32325.0  81653.5    81836
read      416.5   481.7   148.8   205.0   222.6   354.6   424.1   468.3   504.5   549.5   617.3   747.8  1190.3  8512.7 14099.9  92297.5    92274
read      393.8   379.4   148.8   196.9   211.3   337.5   419.1   469.5   509.4   557.2   613.2   700.4  1167.4  2264.4 12628.4  47530.0    47252
read      395.3   332.1   148.8   200.1   215.1   337.3   407.7   453.2   489.1   534.9   595.4   719.8  1289.2  3621.8  8635.5  75695.0    75747
read      390.1   358.2   148.8   202.5   217.5   341.3   411.9   455.7   489.9   533.6   594.4   705.5  1082.1  2180.9 12632.9  80486.0    80994
read      403.4   371.3   148.8   206.6   224.5   351.8   417.7   459.5   493.5   538.3   604.7   738.3  1181.4  2737.3 18238.1  98646.5    98224
read      583.2  1894.6   160.7   213.5   234.0   355.5   398.1   423.5   443.0   471.6   524.3   675.8  8126.1 32410.1 38594.4   7831.5     7737
read      399.3   285.3   148.8   198.3   212.8   344.4   433.6   488.1   528.2   573.0   629.3   729.1  1118.0  3102.3 10471.1  37341.0    37514
read      561.6  1629.9   160.7   206.6   223.6   374.2   427.3   458.4   483.3   517.0   570.1   702.1  7646.4 30150.8 37692.8  10866.5    10640
read      441.2   585.0   148.8   208.0   226.7   369.9   448.3   496.2   535.6   588.1   674.6   837.5  1353.2  4797.5 26816.0  90172.0    90490
read      419.0   253.1   148.8   208.7   227.0   364.2   437.0   485.9   524.3   573.7   647.6   792.9  1333.6  2843.7  7467.7  92457.0    92514
read      435.2   656.6   148.8   207.0   224.9   361.4   435.4   484.1   522.1   571.9   645.8   789.2  1261.8  8611.2 31528.5  89264.0    89245
read      386.2   296.1   148.8   197.2   211.8   330.9   399.8   444.1   479.2   523.7   584.6   702.4  1337.3  3110.0 10599.5  73664.0    73823
read      395.0   248.1   148.8   196.7   211.3   342.6   424.7   476.3   516.7   565.2   626.8   730.8  1177.5  1987.2  7285.5  46738.5    46565
read      405.6   381.9   160.7   198.7   212.8   357.1   438.9   481.2   510.0   544.1   594.1   734.2  1175.8  4778.0 12678.6  21239.5    21419
read      437.9   377.0   148.8   197.7   213.4   349.2   428.9   482.6   527.0   586.1   685.6   988.0  1871.5  3842.6 10087.2  66549.5    66915
read      414.3   516.3   148.8   196.9   211.4   346.7   435.3   487.4   523.9   565.1   622.1   731.3  1178.2  7851.8 28603.0  31778.0    31667
read      393.8   260.0   148.8   198.0   213.0   341.3   414.8   461.1   498.1   545.5   611.8   729.7  1184.1  3434.8  7908.5  72650.5    72255
read      499.5   446.7   148.8   221.8   249.2   426.7   520.1   584.6   638.5   713.4   804.1   944.5  1387.0  5362.4 13783.2  99450.0    99535
read      537.3  1577.7   160.7   205.1   222.9   355.6   399.7   427.0   449.0   478.3   525.5   634.9  5830.7 28115.6 35368.7   9137.0     9226
read      410.3   480.9   148.8   196.2   211.4   340.1   416.4   464.4   503.2   551.4   622.2   775.6  1486.4  4785.6 15771.1  67424.0    67844
read      435.5   481.6   148.8   199.4   215.4   352.6   431.0   481.7   521.5   573.5   652.0   861.6  1799.5  5251.5 13896.8  71321.5    71413
read      407.8   356.9   148.8   204.8   223.0   358.5   429.1   473.4   507.9   551.9   617.3   738.6  1094.6  4334.3 13062.5  97192.0    97328
read      384.7   264.0   148.8   195.5   209.6   334.3   407.5   455.9   492.3   537.2   596.0   698.8  1168.4  2372.4  9486.2  55365.0    55113
read      390.7   259.5   148.8   196.1   210.6   338.0   415.9   465.2   502.9   547.8   610.0   719.9  1226.0  2265.9  8558.6  53557.5    53743
read      418.4   620.0   148.8   200.6   214.8   364.9   427.5   459.9   483.7   512.7   556.7   669.4  1323.9  7609.4 26469.8  15272.0    15253
read      463.5   757.6   148.8   207.8   228.0   379.4   458.8   510.1   552.0   606.8   684.5   832.8  1551.5 12235.2 32499.1  90574.5    90605
read      439.3   653.9   148.8   197.1   212.6   347.1   436.7   484.2   516.7   553.8   606.3   742.4  2231.3  7046.1 29147.6  25841.5    25767
read      662.0   970.1   148.8   241.4   278.8   503.4   623.5   712.5   793.8   913.1  1087.4  1465.8  2667.2 13915.7 32429.2  93678.0    93458
read      634.2   724.8   148.8   249.8   291.1   517.2   650.6   742.8   809.2   894.1  1012.8  1249.6  2170.9  9072.5 30752.1  95167.5    95080
read      483.4   535.7   148.8   214.3   236.8   403.5   497.1   560.8   611.4   676.8   765.7   926.0  1433.5  7692.2 22335.0  88309.5    88399
read      461.2   577.0   148.8   208.1   228.7   382.5   467.4   523.9   570.1   632.0   723.0   874.7  1367.4  8853.1 29101.5  95902.5    95681
read      398.6   265.8   148.8   198.8   213.9   349.1   439.5   491.0   527.8   568.9   622.2   717.1  1025.3  2780.5 10631.6  33076.0    33003
read      522.7   411.2   148.8   220.7   247.1   427.4   529.7   600.8   663.3   747.3   867.2  1102.6  1945.8  3545.2 12220.6  98600.0    98809
read      406.9   518.4   148.8   198.3   213.2   342.0   417.5   464.5   501.8   548.2   616.9   738.8  1215.8  6860.0 24925.4  64342.5    64610
read      386.1   275.5   148.8   196.2   210.6   339.0   417.3   464.7   499.8   542.9   601.8   703.8  1085.1  1726.1 11426.4  51013.0    51183
read      477.2   609.4   148.8   200.9   216.1   382.9   469.0   517.6   554.3   610.9   718.7   930.3  2309.9  8307.7 18914.7  20223.5    20194
read      458.2   951.7   160.7   212.0   231.6   352.2   390.0   413.3   433.3   464.2   519.0   655.3  3695.6 15344.3 33806.2   7536.5     7602
read      411.6   446.3   148.8   197.7   212.4   349.4   431.2   481.1   518.7   566.5   630.8   748.1  1248.6  6515.2 17021.4  46343.0    46677
read      754.2  3094.7   160.7   226.1   256.4   357.8   399.3   428.0   453.7   495.0   596.5  1167.9 10215.0 53545.6 75049.0   5595.0     5577
read      690.7  2550.2   148.8   202.8   218.1   387.0   484.8   538.2   580.0   647.0   770.4  1093.0  8078.4 43926.5 82507.3  22688.5    23035
read      431.7   500.2   148.8   202.4   218.0   351.9   437.7   491.5   533.3   586.2   670.6   845.0  1497.7  5987.5 17479.4  57484.5    57516
read      436.7   707.3   148.8   201.5   216.7   349.3   430.1   483.6   525.2   577.5   658.5   811.0  1594.7  9917.3 20093.9  62942.0    62851
read      435.5   759.6   148.8   199.0   213.8   359.6   446.6   503.3   544.6   591.3   660.4   759.7  1276.1 10137.8 35438.3  38334.0    38431
read      476.2  1293.0   148.8   198.9   213.9   358.6   450.2   500.3   534.5   575.0   634.4   779.1  1547.7 15880.2 60032.7  25750.5    25729
read      499.2  1295.6   148.8   201.9   216.7   383.8   465.7   510.1   545.3   592.5   699.7   861.5  2310.0 12242.7 68189.1  19497.5    19443
read      536.8  1373.6   148.8   202.4   218.5   393.9   481.1   532.0   574.7   648.5   741.7   874.5  4181.0 11718.5 76005.4  19437.5    19461
read      470.8  1184.3   148.8   198.0   212.6   351.0   433.3   486.5   525.7   572.6   640.3   781.1  2212.3 12243.0 61909.2  41932.5    42341
read      667.2  2409.9   160.7   224.4   253.5   357.5   397.4   424.0   445.9   476.4   526.0   800.2  8531.4 43372.1 55145.5   5767.5     5691
read      475.5   965.8   148.8   199.4   215.2   358.1   450.9   509.6   555.5   615.5   713.3   987.3  2063.5  8418.6 50826.1  40138.0    40223
read      450.7   981.0   148.8   198.5   213.5   353.7   447.5   500.8   538.3   580.0   641.9   770.2  1747.3 10967.0 60209.2  29971.5    29941
read      496.5  1118.8   148.8   197.9   213.0   351.3   443.5   504.3   549.8   609.2   700.5   946.2  2917.4 14087.8 46907.9  41198.0    41162
read      422.2   522.4   148.8   198.4   213.0   349.5   436.0   493.3   535.2   584.2   655.1   762.4  1337.2  7985.9 23064.0  44025.5    43863
read      489.7  1048.9   148.8   202.3   217.4   381.8   472.4   520.6   556.3   610.9   709.4   892.6  2032.1 12725.2 56767.2  20396.5    20318
read      420.2   412.0   148.8   206.8   225.0   360.3   434.5   481.6   517.9   565.9   636.1   773.1  1437.6  4293.7 15567.0  93339.5    93421
read      419.6   476.3   148.8   200.1   215.1   352.7   437.2   492.0   532.2   581.9   661.2   781.5  1367.0  4761.6 19066.0  48835.5    48578
read      421.6   415.2   148.8   200.7   215.4   360.3   450.2   503.4   542.7   590.1   668.0   777.4  1230.1  5414.1 15628.1  40984.0    40595
read      510.8  1210.3   160.7   203.8   219.4   391.1   470.5   515.4   548.3   597.7   694.7   861.0  2893.5 15262.2 53629.8  17782.0    17677
read      426.3   380.6   148.8   203.8   220.2   361.2   442.4   496.1   538.8   593.4   672.4   816.9  1370.5  3856.2 12872.4  78855.5    78948
read      470.5  1963.6   160.7   208.8   226.3   369.8   411.5   435.8   455.9   479.2   515.0   593.3  1193.2 13863.6 64309.4   9537.5     9703
read      446.0  1068.8   160.7   210.1   228.7   372.4   416.6   440.8   462.3   490.9   535.7   634.5  1520.0 12107.7 55849.2   9757.0     9686
read      435.1  1010.1   160.7   212.9   233.2   359.5   397.7   421.9   440.0   466.6   507.2   602.7  2312.4 10971.5 42366.1   7872.0     7968
read      483.4  1283.1   148.8   202.8   217.5   376.8   441.3   477.5   503.8   537.7   592.3   747.1  2601.5 17470.9 64273.0  15771.5    15830
read      662.4  2562.5   160.7   211.3   231.5   369.6   415.3   444.1   468.8   505.0   554.3   733.4  9510.3 44094.5 72741.8   8259.0     8192
read      494.2   856.7   148.8   201.7   219.0   367.0   446.8   498.5   540.2   595.6   694.8  1312.2  2384.5  9290.8 42502.4  78977.5    79410
read      434.8   658.5   148.8   200.2   215.9   353.1   431.5   480.4   518.0   567.1   636.8   778.7  1638.9  8460.2 33621.0  76569.5    76582
read      416.0   475.3   148.8   197.8   212.9   349.0   429.8   481.6   521.3   571.0   638.2   775.0  1316.6  5045.8 13278.2  54740.0    54634
read      423.5   506.8   148.8   199.4   214.7   349.2   429.0   480.2   520.3   570.5   640.3   776.3  1512.5  7542.1 15314.7  71892.5    72177
read      436.3   497.7   160.7   205.2   220.6   385.0   454.8   493.7   523.0   562.0   630.0   784.6  1415.4  6116.4 15657.9  15080.5    15101
read      555.1  1605.4   160.7   215.4   236.5   375.4   425.8   458.9   486.2   522.6   581.2   752.1  4623.6 28270.8 37519.7   8153.5     8167
read      415.3   442.4   148.8   199.0   213.9   349.8   433.6   486.5   525.7   573.5   638.0   771.2  1341.6  5182.4 16074.0  44070.5    44130
read      399.0   269.5   148.8   198.2   212.8   346.3   427.4   478.2   517.3   565.3   630.3   743.2  1205.3  1923.8  9365.2  52736.5    53047
read      482.1   457.6   148.8   221.6   247.5   414.9   506.6   567.2   614.3   674.4   753.6   895.0  1251.5  6898.5 14863.4  96807.0    97171
read      419.7   510.4   148.8   202.1   218.7   355.1   429.9   478.3   517.2   565.9   634.6   769.7  1313.0  8165.2 18106.8  81680.0    81360
read      387.5   265.2   148.8   199.9   215.4   340.5   412.1   457.7   493.1   537.3   596.8   706.2  1041.3  2738.8  9812.5  77399.5    77277
read      420.1   669.1   148.8   197.4   212.4   346.4   430.7   485.0   524.9   568.8   628.3   736.8  1188.3  9649.9 31198.0  38029.0    38294
read      414.8   459.1   160.7   211.4   229.3   374.9   427.4   457.8   481.0   509.9   559.3   680.2  1296.4  6562.3 17257.7  11206.5    11165
read      425.8   414.4   148.8   202.9   219.4   355.4   434.4   486.7   529.0   580.6   655.1   791.1  1538.2  4934.8 11631.0  73704.0    74155
read      402.2   271.9   148.8   208.8   225.7   377.3   430.5   460.5   483.6   511.8   555.3   660.5  1150.4  3906.5  7996.4  12368.5    12255
read      413.8   547.5   148.8   198.7   213.7   344.6   424.2   475.8   515.3   562.1   626.3   738.0  1250.5  9808.7 22614.9  52292.5    52404
read      425.7   714.1   160.7   203.3   216.7   371.4   440.8   477.3   502.7   533.0   575.7   679.7  1198.3  7944.0 31497.5  17046.0    17057
read      462.2  1256.6   160.7   222.0   249.7   353.8   393.1   418.1   437.0   465.8   507.0   594.0  2163.8 28548.3 39134.0   6053.5     6005
read      434.9   568.2   148.8   207.0   224.3   363.2   441.6   492.4   532.9   584.6   660.3   798.8  1343.1  6238.7 17569.6  85112.5    85707
read      420.2   303.7   148.8   205.8   222.7   358.2   433.8   484.4   524.9   576.2   652.3   802.7  1501.7  3486.2  8949.8  79792.5    79742
read      434.1   709.5   148.8   201.1   216.3   349.0   427.6   479.3   521.8   574.4   648.2   782.8  1474.4  7716.5 35304.0  58417.5    58322
read      469.0   617.0   148.8   204.7   221.1   378.0   481.9   538.8   579.8   639.4   743.9   966.2  1688.5  7064.3 30408.5  26345.5    26212
read      479.7   632.0   148.8   206.1   223.9   367.2   452.4   509.8   559.3   626.5   738.3  1121.7  2103.1  8234.3 27963.7  69466.0    69487
read      418.4   374.4   160.7   205.3   220.8   360.5   454.5   507.8   544.4   585.4   645.4   746.7  1128.5  6421.9 10328.3  29541.0    29507
read      398.7   320.3   148.8   201.7   216.7   343.5   423.8   475.7   516.3   563.1   627.5   736.0  1191.9  1992.0  7971.6  51113.5    51412
read      436.9   636.8   148.8   202.2   218.2   355.6   435.1   486.9   526.9   577.3   650.0   779.8  1476.5  8353.7 30208.1  67682.0    67374
read      404.1   358.5   148.8   200.6   215.8   344.7   421.6   470.4   508.9   556.6   622.9   741.7  1246.4  4343.9 12564.8  54857.0    55125
read      406.7   324.8   148.8   202.6   218.2   348.2   430.0   483.4   523.3   572.0   639.2   755.5  1222.7  3855.5  8546.9  53082.5    53048
read      420.4   646.0   160.7   208.1   225.1   375.5   432.7   463.5   486.6   513.8   557.6   667.8  1188.0  7115.5 31358.0  12261.0    12192
read      436.5   482.5   148.8   200.3   215.4   362.6   452.5   506.1   546.6   596.9   671.9   820.1  1469.2  7825.8 13379.0  36035.0    36138
read      446.5   669.8   148.8   200.3   215.9   359.1   441.0   491.7   530.5   579.8   650.1   792.5  1839.9  7423.3 30839.1  60465.0    60799
read      393.9   265.9   148.8   197.2   212.1   345.4   426.7   476.1   513.7   555.9   610.2   698.7  1099.2  2760.5  9044.5  36385.0    36368
read      395.6   240.4   148.8   198.4   213.5   352.8   435.0   484.8   521.4   563.5   617.6   702.8   995.4  2423.5  8041.4  39865.5    39729
read      429.0   512.3   148.8   209.1   228.9   371.2   443.8   491.8   529.4   576.1   636.8   742.4  1100.0  7391.4 29882.1  95522.0    95693
read      393.7   239.1   148.8   197.8   212.9   348.5   429.5   478.4   514.1   556.4   612.6   706.4  1106.8  1775.6  8104.9  41135.0    40999
read      385.5   309.3   148.8   198.0   212.8   340.5   412.7   456.9   490.8   532.0   585.5   676.7   982.0  2886.7  9997.0  65110.0    65037
read      372.8   228.8   148.8   206.8   222.5   362.4   412.2   436.6   454.7   473.4   502.0   546.1   733.1  3259.1  9669.1  12687.5    12633
read      381.7   201.7   148.8   197.0   211.6   342.0   417.1   463.8   499.4   541.9   595.2   679.7   965.0  1855.9  5560.0  49767.0    50117
read      393.7   489.7   148.8   198.8   213.9   338.3   410.0   454.7   490.2   534.0   589.1   689.2  1144.7  4151.5 17478.9  62851.5    62765
read      378.1   295.3   148.8   207.9   224.2   362.6   412.6   436.1   454.5   473.6   499.6   542.1   766.9  3791.1 12562.1  12395.0    12379
read      397.8   226.8   148.8   201.5   216.9   355.3   433.9   481.9   517.7   560.5   618.4   715.7  1059.6  2031.5  8975.1  49490.0    49369
read      395.7   375.4   148.8   197.3   211.9   342.7   421.3   470.1   507.3   548.1   601.6   692.5  1120.3  4576.0 19073.9  39365.5    39111
read      394.9   394.7   148.8   199.3   213.9   347.6   424.9   470.6   506.6   549.2   605.0   695.1  1000.4  3560.8 12761.9  52870.5    52692
read      408.2   554.7   148.8   198.2   212.3   347.3   431.2   474.8   503.2   536.2   577.1   643.1  1083.9 11143.3 12821.0  24458.0    24539
read      390.9   249.3   148.8   199.3   214.0   345.3   418.7   463.7   498.7   541.3   599.8   700.4  1169.3  2235.5  8919.1  61757.5    61591
read      381.2   229.8   148.8   196.3   211.0   339.7   414.1   460.2   494.6   536.1   590.5   678.5  1012.3  2285.0  9049.1  47639.5    47864
read      376.3   347.3   160.7   197.9   211.6   356.5   419.7   450.3   469.9   494.9   525.1   572.6   768.2  4266.6 14729.5  16503.5    16479
read      419.7   611.7   148.8   201.3   217.2   349.8   426.4   471.2   507.0   550.9   614.8   726.7  1276.4  9399.3 30413.1  75103.0    75268
read      374.4   329.0   160.7   208.7   226.4   347.5   385.6   404.8   421.0   437.3   467.8   527.0   972.6  5027.4 12212.4   8676.0     8714
read      380.2   502.3   160.7   201.3   215.3   354.7   404.9   430.2   448.1   467.5   495.4   540.9   825.6  7743.2 28676.6  12896.0    13002
read      402.0   501.6   148.8   201.5   217.5   352.2   427.8   472.5   507.2   548.0   603.4   694.8   942.3  3885.7 29352.4  76966.0    77147
read      389.5   241.2   148.8   198.7   213.2   346.4   426.9   475.2   511.7   554.8   608.6   692.1   975.9  1857.9  9370.2  43507.5    43518
read      385.9   253.6   148.8   198.6   213.4   344.1   426.2   470.3   502.4   536.9   578.2   647.8   951.0  3594.6  8523.0  27314.0    27206
read      402.7   382.0   148.8   198.9   213.7   343.4   418.4   467.2   505.4   550.3   614.6   732.2  1351.1  5088.5 13901.2  55927.0    55859
read      450.6   753.0   148.8   201.2   216.9   358.6   443.9   498.1   537.9   584.9   662.4   768.3  1688.6  9358.5 29451.2  37440.0    37448
read      399.9   390.9   148.8   199.9   214.7   350.6   429.5   477.6   514.9   558.3   614.4   712.7   984.7  4243.5 12673.9  45057.5    45026
read      412.6   429.2   148.8   208.1   226.8   363.5   430.4   472.8   507.5   551.6   614.4   711.3   963.4  6650.4 12889.8  99627.0    99974
read      400.4   462.5   148.8   201.1   215.6   346.9   421.7   466.9   502.8   546.4   606.4   709.5  1102.1  3825.7 15882.3  64484.5    64632
read      387.7   369.7   148.8   197.6   212.3   340.7   416.3   463.4   500.3   542.9   595.6   686.5   975.9  3548.2 16996.5  48840.5    49061
read      375.8   313.2   148.8   197.3   212.3   334.2   400.7   441.1   472.3   511.1   563.1   645.3   947.5  2811.0 12546.6  80518.0    80418
read      383.7   330.5   160.7   203.4   217.6   364.4   429.0   460.3   482.2   506.8   538.6   584.1   792.4  3964.3 15496.1  16423.0    16471
read      396.5   358.3   148.8   198.6   213.7   350.9   432.4   481.3   518.3   560.4   612.9   693.4  1007.1  3198.0 12765.6  35785.0    35694
read      376.1   281.5   148.8   204.0   218.8   361.8   416.8   443.2   461.7   483.4   509.0   552.7   731.2  4492.2  8523.6  14095.5    13935
read      398.5   451.3   148.8   199.4   214.8   341.8   410.4   454.6   488.9   532.1   589.3   685.5  1377.5  5083.5 17640.0  79757.5    79838
read      390.6   285.6   148.8   197.3   212.4   345.3   421.3   468.2   504.7   546.7   602.2   686.6   991.6  3904.3 12323.6  49042.5    48842
read      386.9   360.9   160.7   200.1   213.8   356.1   425.1   457.4   479.5   505.2   537.7   586.2   844.1  5184.2 12626.7  18021.5    17708
read      389.4   295.5   148.8   198.2   213.0   345.3   431.7   481.0   515.3   552.7   597.3   669.9   923.7  2675.0 12190.5  31371.5    31401
read      393.9   405.6   148.8   197.8   212.1   343.2   419.8   467.0   503.6   547.1   603.7   695.2   980.7  5157.4 12709.7  62154.0    62091
read      391.2   347.7   148.8   200.4   216.5   346.6   414.8   456.9   489.3   530.0   585.6   674.3  1033.0  4221.5 11648.4  86563.5    87121
read      378.3   383.3   148.8   195.8   210.7   332.0   397.9   437.5   468.9   508.5   561.8   650.3  1058.1  3631.4 14470.8  81947.5    81929
read      404.4   428.4   148.8   199.8   215.0   357.7   438.0   485.7   521.2   564.5   618.5   702.2   937.6  5326.3 14284.8  41991.5    42013
read      386.1   404.2   148.8   199.5   215.3   342.1   407.7   448.4   479.9   518.5   571.2   662.1   945.2  4405.2 16971.9  90697.5    90709
read      378.3   342.4   148.8   195.7   210.0   334.1   402.2   444.7   477.6   518.5   572.9   660.0   934.3  4297.8 12380.5  67556.5    67578
read      392.8   407.9   148.8   198.4   213.2   342.5   417.4   463.9   499.8   542.8   598.8   692.0  1094.9  3031.8 16879.9  57973.5    58116
read      381.9   224.3   148.8   198.8   213.9   341.9   413.7   457.7   491.9   533.8   587.9   678.9   917.3  2420.6  6882.4  68876.5    68886
read      395.4   256.3   148.8   204.6   221.9   351.5   422.9   465.5   498.6   539.8   595.8   692.7  1048.3  2864.1  9201.1  92873.5    93119
read      406.9   374.8   148.8   207.4   225.2   359.2   431.2   475.6   509.3   553.7   615.7   716.1  1025.8  3365.3 15749.9  94764.0    95079
read      370.6   280.7   148.8   196.9   211.4   330.4   398.8   440.2   472.1   511.3   564.1   644.8   881.8  2434.9 13990.2  77421.0    77456
read      386.0   251.3   160.7   206.1   221.5   368.0   434.7   466.3   488.2   511.4   541.7   590.3   798.6  2718.0  9458.0  15758.5    15723
read      395.8   474.3   160.7   214.7   233.1   360.5   403.4   427.3   443.8   463.3   490.5   540.9   985.0  7777.5 20528.7   9899.5     9867
read      392.4   679.2   160.7   212.9   231.6   343.6   379.2   398.3   412.5   429.4   453.3   495.6  1414.1  9212.9 30982.6   8199.5     8176
read      381.4   252.9   148.8   201.0   216.7   341.3   410.3   451.9   483.7   524.2   579.2   671.3   941.1  2087.3  9148.8  89506.5    89745
read      377.6   346.7   160.7   204.8   220.4   359.5   403.9   427.5   444.6   465.7   495.4   544.7   833.1  3913.7 12706.5  11094.0    11058
read      386.3   312.4   148.8   198.7   214.2   341.6   412.6   456.4   489.3   529.2   583.2   676.2   979.8  2932.2  9404.0  81459.0    81413
read      383.1   529.8   148.8   195.1   208.3   343.1   421.5   458.9   484.0   510.4   543.9   593.5   760.6  8523.9 25325.0  21455.0    21659
read      375.0   203.5   148.8   196.2   210.0   340.7   424.3   469.0   499.3   533.2   574.2   634.5   831.4  1574.7  5779.7  27288.5    27181
read      399.1   598.5   160.7   198.6   211.7   359.8   426.5   459.2   481.8   506.1   538.2   587.9   950.2  8034.6 29273.9  17541.0    17420
read      378.8   238.5   148.8   195.2   208.6   348.2   428.5   469.0   496.3   526.7   563.9   624.2   859.7  3584.0  9072.1  22996.5    23028
read      394.8   331.9   148.8   197.3   211.4   347.8   433.8   482.8   517.9   557.3   607.9   686.6  1042.0  2907.4 12194.5  33848.0    33694
read      394.7   486.5   148.8   195.8   210.0   344.6   426.6   475.0   508.6   547.1   593.7   667.7   940.5  7836.4 28689.1  32784.5    32735
read      396.2   269.4   148.8   199.7   214.7   353.1   431.5   479.8   514.5   557.1   613.8   702.7   998.8  2217.7  8447.3  57634.0    57645
read      384.9   230.5   148.8   196.8   211.4   342.8   421.2   467.8   502.3   543.1   595.6   682.6   990.1  2028.9  8014.2  45183.5    45216
read      397.1   375.9   148.8   198.1   212.9   350.3   428.0   474.1   509.1   551.1   608.1   699.7  1058.1  3396.1 15943.7  57512.5    57659
read      421.9   560.8   148.8   203.4   220.8   359.5   433.5   479.6   515.7   561.5   623.2   724.8  1140.9  8339.4 29624.2  85501.0    85443
read      374.3   272.3   160.7   199.9   214.0   359.6   415.5   443.4   462.1   483.9   509.2   551.9   769.9  4484.6  8643.5  14507.5    14390
read      406.8   553.1   148.8   198.1   213.5   349.8   430.5   476.7   510.6   548.8   595.9   678.3  1067.2  7702.7 30349.0  31600.5    31520
read      374.8   211.4   148.8   196.5   211.0   335.4   405.5   450.5   484.7   526.1   578.7   665.0   918.5  2238.7  5829.6  66899.5    67089
read      374.5   258.7   148.8   202.1   216.1   357.1   418.6   449.1   469.0   494.3   525.4   573.9   767.8  3632.6 10027.6  16484.0    16537
read      395.1   623.7   148.8   200.1   214.2   353.0   424.8   459.4   482.5   507.0   539.7   591.0   948.4  7828.0 31383.7  18935.5    18930
read      401.3   338.2   148.8   198.2   213.4   352.8   431.6   480.9   517.8   561.3   617.4   706.7  1056.1  4060.7 10207.5  46796.0    46784
read      396.3   341.0   148.8   205.3   223.0   354.5   423.5   465.6   499.1   540.1   592.4   679.5   929.0  4179.6 13879.6  93403.0    93102
read      384.0   436.6   148.8   198.2   213.9   338.6   403.9   444.3   475.5   514.9   568.6   654.8   929.0  4333.4 16076.8  89873.5    89799
read      375.8   225.8   148.8   196.3   210.7   335.6   406.0   450.7   484.8   526.0   578.7   663.6   932.7  1994.9  8027.2  66502.0    66551
read      409.9   403.1   148.8   206.0   224.0   360.5   432.3   477.1   512.3   556.6   617.2   716.2  1024.3  4574.1 10941.0  93224.0    93104
read      396.4   400.0   148.8   198.2   213.0   349.0   428.1   477.9   513.4   555.1   610.1   693.6   979.2  2467.3 12793.4  43960.5    43768
read      393.3   268.5   148.8   197.3   212.2   344.9   423.6   471.5   507.7   551.6   610.1   701.0  1142.8  2763.5  9794.7  54051.5    54006
read      403.1   423.8   148.8   198.3   213.3   346.4   422.1   468.9   505.1   548.3   607.9   709.3  1238.8  5288.3 12447.1  64595.0    64618
read      358.6   180.0   148.8   196.7   211.9   328.9   392.4   430.3   459.2   494.3   540.8   614.7   776.8  1257.9  6766.3  86385.5    86482
read      361.2   244.1   148.8   194.7   209.4   326.3   390.7   430.1   460.4   496.4   541.7   613.2   786.2  3119.2 11497.8  77811.0    77459
read      363.5   193.0   137.8   195.7   210.6   331.5   401.2   444.4   475.2   511.1   554.5   619.6   765.6  1169.9  7882.1  61395.0    61365
read      367.8   208.6   148.8   195.4   210.7   334.3   406.9   450.7   481.5   517.2   560.8   627.5   785.9  1282.1  8554.2  52251.5    52346
read      355.8   183.8   148.8   195.9   211.0   326.2   388.0   425.1   453.9   489.2   535.8   607.7   773.6  1226.8  7761.6  86917.5    87286
read      372.9   226.3   148.8   204.4   220.1   361.1   421.1   449.1   467.6   490.0   515.9   558.2   710.0  3146.3  7887.2  17538.0    17384
read      360.8   197.5   148.8   200.7   216.6   331.4   390.7   425.5   452.5   485.8   530.9   605.3   781.8  2033.3  7864.2  97806.5    98165
read      357.6   161.7   148.8   194.3   209.0   327.3   395.1   435.9   468.0   504.6   547.7   613.3   753.9  1227.7  4707.9  63515.0    63330
read      368.2   521.8   160.7   223.3   249.3   333.3   359.6   372.7   384.6   397.5   417.3   457.2   730.2  8871.5 21170.6   5884.5     5866
read      367.5   222.1   148.8   195.4   210.1   334.4   411.2   453.3   481.6   513.9   551.5   614.0   784.8  1561.8  8853.3  37759.0    37693
read      359.4   199.6   148.8   195.9   210.5   328.5   394.4   432.6   462.3   497.4   542.8   618.7   788.5  1443.5  6135.1  75434.0    75360
read      363.5   234.5   148.8   195.2   209.4   328.3   407.7   451.4   480.5   511.6   549.2   603.2   755.5  1403.0 11966.0  34818.5    34753
read      368.7   233.6   148.8   196.4   211.2   336.8   407.2   449.3   479.8   515.1   559.5   628.0   796.2  1470.3  9211.1  60040.5    59823
read      359.9   186.6   148.8   195.1   209.8   329.4   394.4   433.7   463.9   499.4   544.0   614.2   789.3  1585.1  6850.8  68612.5    68266
read      363.4   232.8   148.8   195.7   210.9   332.2   407.2   450.3   479.0   510.2   546.0   597.4   734.7  1224.7 12962.5  39548.0    39383
read      362.7   186.5   148.8   195.2   210.1   331.9   399.5   439.8   469.9   505.7   549.1   618.1   784.9  1562.7  6622.6  65315.0    65072
read      373.1   274.7   148.8   196.7   212.0   335.1   417.8   462.5   491.6   523.0   559.0   612.8   752.8  3054.0 12094.8  32872.0    33192
read      368.4   217.5   148.8   196.6   211.8   337.1   408.9   451.7   482.5   516.7   557.3   619.7   764.6  1555.1 11211.9  51869.0    51847
read      369.1   214.7   148.8   195.8   210.5   331.9   405.1   449.5   481.8   520.0   567.2   641.0   808.6  1717.2 10654.3  62553.5    62362
read      360.2   181.5   148.8   197.2   212.1   327.3   394.0   433.4   463.2   499.1   544.1   617.6   789.9  1693.5  5934.8  84304.5    84073
read      365.8   193.5   148.8   196.1   211.1   331.8   401.6   445.1   477.2   514.9   561.6   635.9   793.4  1432.7  6401.6  64354.5    64213
read      371.1   221.8   148.8   198.2   214.0   341.7   423.7   463.3   489.3   516.7   546.3   589.7   737.4  2000.0  9400.3  26988.5    27059
read      365.7   200.3   148.8   196.0   211.5   334.5   404.0   447.8   479.2   514.1   556.5   617.2   754.6  1149.5  8596.3  54468.5    54703
read      356.5   198.6   148.8   198.6   214.5   328.6   386.9   421.8   448.4   480.6   525.0   593.8   759.7  1625.2  8360.1  98214.5    98366
read      368.1   259.1   148.8   196.9   212.4   335.7   416.9   458.7   485.8   514.6   546.6   595.4   744.6  1581.7 13195.4  29587.5    29565
read      359.2   185.4   148.8   195.0   209.8   325.9   392.4   432.9   463.9   500.8   547.5   624.2   794.4  1434.4  5841.1  74572.5    75000
read      369.0   247.2   148.8   195.5   210.2   331.1   402.3   446.7   479.0   515.9   560.7   633.4   807.1  2118.2 10126.1  62507.0    62235
read      372.0   221.4   148.8   196.3   211.5   337.2   413.9   459.6   491.2   526.6   569.7   636.1   796.0  1319.2 10448.5  47617.0    47788
read      360.2   197.9   148.8   195.0   209.7   327.6   396.2   437.1   467.2   502.7   546.2   616.8   783.8  1351.9  8727.7  68844.5    68928
read      370.2   278.8   148.8   196.6   211.7   337.1   413.4   456.3   486.0   518.4   554.7   613.6   760.0  1441.2 11648.7  36752.0    36478
read      356.4   172.9   148.8   194.7   209.2   324.8   391.5   430.6   460.4   497.0   543.2   616.7   787.2  1311.9  5846.2  76154.5    76067
read      365.2   182.3   148.8   195.9   210.7   335.2   408.9   452.1   482.4   515.9   557.3   620.2   765.8  1128.4  6253.0  47174.5    47020
read      357.2   173.6   148.8   195.0   209.9   327.6   392.3   430.7   459.9   495.0   540.8   614.9   772.8  1146.5  6143.4  81594.5    81656
read      364.4   231.3   148.8   203.0   217.7   355.2   410.7   435.8   453.4   471.2   496.7   536.0   660.7  2992.6  8725.1  16501.0    16396
read      367.0   271.0   148.8   198.8   213.7   347.4   418.2   450.5   470.8   494.4   522.3   565.1   691.8  2972.5 12514.6  21773.5    21661
read      367.8   227.6   148.8   195.3   210.2   334.6   407.7   451.1   481.7   516.0   558.0   621.7   785.3  1478.5  8987.6  50178.5    50156
read      367.6   199.4   148.8   196.0   211.1   335.9   409.5   452.7   483.3   518.2   562.2   625.7   766.4  1161.9  8063.0  53838.0    54102
read      360.4   198.7   148.8   195.5   210.1   327.9   395.9   436.2   467.0   503.5   547.6   617.9   779.2  1185.9  8765.8  65942.0    65670
read      359.0   189.0   148.8   199.9   213.8   351.6   411.7   437.5   455.3   473.6   499.6   538.2   640.9  2188.5  7678.6  17638.5    17584
read      366.9   230.0   148.8   195.5   209.8   334.5   415.6   456.2   482.0   509.6   543.9   594.3   748.8  2422.1  9793.2  30134.5    30347
read      368.7   319.5   148.8   198.5   212.8   345.9   417.1   449.7   470.2   494.3   523.2   567.6   691.8  3757.2 15710.3  21615.0    21534
read      362.9   302.0   160.7   207.7   224.8   349.1   386.0   404.5   419.6   434.7   457.4   493.7   636.9  6083.0  8675.5  10290.0    10216
read      354.9   174.8   148.8   194.2   208.8   326.1   390.5   427.1   454.9   488.9   533.9   603.4   769.8  1531.8  6959.3  80181.5    80544
read      365.2   247.7   148.8   195.0   209.7   334.2   406.0   448.6   478.3   511.8   550.7   612.4   762.0  1237.0  8102.5  45608.5    45508
read      372.1   366.1   148.8   197.8   212.7   347.9   417.6   449.6   469.9   493.5   521.2   563.0   684.5  5086.7 18161.4  21611.5    21591
read      370.4   264.7   160.7   204.2   219.0   363.9   416.7   441.3   457.8   475.3   499.5   537.0   634.7  4352.3  9481.3  15346.0    15435
read      370.8   380.2   160.7   203.5   219.1   358.6   409.0   432.8   449.5   466.9   492.0   531.2   672.6  4394.1 19394.7  14505.0    14502
read      376.1   429.6   148.8   202.5   217.3   359.3   415.3   441.8   460.3   481.1   505.9   545.4   699.0  4452.7 17373.0  16527.5    16369
read      366.2   239.8   148.8   194.4   209.1   333.3   409.4   451.8   481.3   513.8   553.0   614.7   769.9  1307.0  9190.4  42244.0    42077
read      360.0   213.2   148.8   193.5   207.7   327.2   401.9   444.1   472.8   504.8   543.1   601.4   762.3  1277.1  9741.2  38477.5    38334
read      363.0   257.2   148.8   198.7   213.4   354.5   413.7   440.2   458.0   477.0   500.6   538.2   656.8  2109.2 12301.9  17833.5    17694
read      361.2   176.3   148.8   194.8   209.5   329.6   398.9   439.4   468.6   503.8   549.1   624.8   803.4  1593.9  4487.1  74895.0    75056
read      364.8   226.9   148.8   195.0   209.9   333.8   404.5   446.8   476.2   510.2   550.3   615.9   770.5  1276.1  8079.3  53974.0    53845
read      369.0   338.7   148.8   205.0   221.3   355.8   401.4   424.1   438.8   457.5   479.5   517.6   660.2  4790.7 12811.2  13281.0    13319
read      360.1   183.9   148.8   194.9   209.9   329.5   395.1   433.9   463.7   499.4   545.8   619.0   787.5  1620.4  7313.6  77977.5    77808
read      365.1   213.2   148.8   194.8   209.8   333.7   407.0   450.6   480.6   514.6   554.8   614.3   751.6  1356.0  9206.0  44088.5    44423
read      364.1   269.6   148.8   196.5   211.5   333.5   414.7   451.4   474.6   499.5   529.1   572.8   732.3  2629.4 10142.7  25726.0    25669
read      364.4   186.5   148.8   195.3   210.3   330.7   401.7   444.8   475.6   511.8   558.5   630.1   796.0  1348.3  5524.3  66281.5    66463

Total QPS = 50132.8 (45119512 / 900.0s)

Total connections = 64
Misses = 0 (0.0%)
Skipped TXs = 0 (0.0%)

RX 11144518970 bytes :   11.8 MB/s
TX          0 bytes :    0.0 MB/s
Warning! Detected max cpu usage > 95%
CPU Usage Stats (avg/min/max): 99.98%,51.52%,100.00%
