Random waveform, random seed
Total number of intervals = 90 (15788, 52699, 44729, 38306, 16109, 43934, 78098, 74254, 58724, 27174, 77175, 43005, 39362, 96377, 42003, 19540, 31450, 35936, 95679, 78879, 77166, 77335, 65546, 14262, 54223, 6207, 71387, 39117, 67168, 13803, 46281, 6321, 84271, 74177, 98339, 50875, 73479, 48400, 85434, 46876, 37400, 89365, 80789, 75640, 84936, 32568, 5759, 34244, 58573, 59670, 58233, 49094, 60405, 66563, 96093, 18831, 96859, 62731, 16249, 16671, 78737, 71261, 16116, 64528, 12684, 47182, 39216, 13414, 58522, 49990, 18119, 86070, 7728, 62433, 48815, 37202, 91935, 53594, 78948, 7591, 50792, 15652, 57027, 97596, 94222, 18942, 56934, 53005, 59960, 89311)
Average QPS expected = 52756
Timestamp start: 1715275190622
Timestamp end: 1715276091117

#type       avg     std     min      p5     p10     p50     p67     p75     p80     p85     p90     p95     p99    p999   p9999      QPS   target
read      592.0  1159.7   160.7   223.6   242.5   442.1   543.6   610.8   660.4   720.0   811.6  1085.7  3851.3 15198.8 37209.5  15689.4    15788
read      443.0   539.1   160.7   218.4   232.9   360.1   445.0   498.9   540.1   591.2   665.3   826.6  1573.5  6755.2 23442.2  52572.4    52699
read      427.3   456.5   160.7   219.7   234.4   357.4   446.6   502.9   543.5   590.9   652.7   758.3  1247.0  5411.7 14834.8  44744.3    44729
read      426.8   435.8   160.7   218.9   233.0   356.7   454.0   509.7   548.5   592.5   653.5   765.7  1235.4  5125.9 14694.6  38327.8    38306
read      558.5  1045.0   160.7   225.5   244.3   437.1   543.1   614.7   664.4   721.6   799.6   974.6  1729.3 16213.4 35441.4  16093.1    16109
read      428.4   564.2   160.7   217.7   232.0   354.7   442.0   496.4   536.2   582.6   642.9   750.0  1263.8  8148.4 29919.6  43875.9    43934
read      424.5   434.5   160.7   218.9   234.3   358.9   429.8   474.6   510.0   556.8   626.4   766.9  1535.4  5078.4 14911.3  78133.4    78098
read      430.5   433.3   160.7   218.1   233.1   362.9   435.7   481.5   517.5   565.3   636.3   794.8  1606.3  4680.5 14514.0  74330.8    74254
read      415.1   397.2   148.8   217.8   231.9   353.6   430.7   480.4   519.4   567.5   632.6   746.0  1246.2  3924.0 11950.6  58767.2    58724
read      556.5   904.7   160.7   219.9   236.2   421.6   548.2   638.7   717.5   810.2   924.2  1102.3  1859.7 12583.2 34825.4  27156.0    27174
read      451.0   548.6   160.7   220.8   237.8   370.8   444.7   492.2   530.4   581.4   662.0   849.8  1708.2  7097.3 20415.7  77110.6    77175
read      423.2   422.5   160.7   217.7   232.1   357.8   445.8   499.8   538.7   585.1   646.5   758.7  1229.8  4529.3 15768.1  42999.0    43005
read      423.4   369.1   160.7   220.4   235.3   360.4   452.6   508.6   547.8   593.8   652.8   747.0  1185.8  3520.6 12344.3  39350.1    39362
read      450.5   445.2   160.7   230.1   252.0   393.3   464.3   509.0   545.5   592.8   665.7   804.5  1259.7  5357.1 15853.2  96187.9    96377
read      419.8   336.2   160.7   219.6   234.3   357.3   448.6   504.7   544.8   591.3   653.5   752.6  1177.9  2896.2 11945.8  42030.1    42003
read      589.0  1133.3   160.7   222.0   240.1   440.7   556.2   639.7   701.8   772.7   870.3  1077.9  2680.6 15849.5 35949.9  19602.9    19540
read      569.4   867.1   160.7   222.1   239.8   424.2   564.3   668.3   756.6   858.7   985.6  1178.7  1843.2 12118.2 34701.5  31468.8    31450
read      433.3   491.5   160.7   218.9   232.9   361.1   460.2   516.2   554.3   598.6   659.2   766.8  1248.5  5896.1 19362.7  35985.2    35936
read      447.1   522.4   160.7   227.1   248.1   387.4   457.7   502.2   538.5   585.5   655.4   793.9  1288.2  5725.6 24677.0  95582.1    95679
read      430.3   419.9   160.7   220.9   237.5   368.4   441.9   487.1   522.5   569.1   637.3   773.8  1398.7  4804.5 15546.0  79022.7    78879
read      429.1   438.7   148.8   220.4   236.6   363.7   436.0   482.0   518.0   565.2   633.8   776.1  1516.9  5191.2 14603.2  77206.9    77166
read      424.1   427.3   160.7   218.2   233.8   360.8   432.0   475.8   511.3   558.1   627.9   762.9  1493.2  4564.9 15815.7  77346.5    77335
read      422.6   395.4   160.7   219.0   234.1   362.3   437.5   485.1   522.0   569.3   636.4   761.3  1305.4  3834.7 14086.4  65432.5    65546
read      542.3  1015.6   160.7   225.8   245.8   434.9   532.4   591.2   633.9   683.3   747.9   888.4  1732.2 14859.9 32513.6  14198.6    14262
read      422.3   383.2   160.7   217.3   231.7   357.7   437.7   489.5   529.0   577.5   643.8   768.3  1335.4  3902.1 14201.0  54228.1    54223
read      506.6  1093.1   173.5   236.2   263.9   395.5   446.4   476.4   499.7   530.9   584.5   773.5  3063.2 13763.3 36254.3   6189.9     6207
read      433.4   456.9   160.7   219.9   235.6   363.0   438.3   486.3   524.0   572.7   642.3   796.6  1563.1  5631.9 16086.3  71272.9    71387
read      430.3   452.9   160.7   220.4   235.4   361.0   456.8   513.1   552.0   597.4   657.6   762.3  1201.4  5793.4 15956.4  39083.0    39117
read      420.7   410.2   160.7   219.8   235.1   359.3   434.7   482.1   519.2   566.4   633.0   761.4  1300.6  3849.3 13820.7  67111.9    67168
read      551.7  1018.1   160.7   230.5   250.5   434.2   529.4   587.7   630.4   680.5   747.0   926.6  2589.9 13521.5 36728.2  13737.9    13803
read      436.0   453.2   160.7   218.2   232.4   361.0   448.0   502.2   542.6   590.5   658.5   795.7  1439.9  6210.6 14085.2  46268.2    46281
read      595.0  1691.9   173.5   241.2   267.1   395.6   448.4   479.4   503.6   536.7   593.3   846.3  5828.1 31146.5 37416.1   6331.6     6321
read      500.7   773.0   160.7   224.8   244.9   393.6   468.7   520.5   564.4   625.5   723.9   975.8  2020.7 11315.9 31662.6  84415.4    84271
read      438.8   480.2   160.7   221.0   237.6   368.0   441.9   489.5   527.6   577.5   651.8   814.5  1543.5  6297.8 15866.3  74043.3    74177
read      559.0   660.5   160.7   253.2   284.8   469.6   568.9   631.0   680.3   742.9   835.6  1015.4  1785.0  8525.9 30137.9  98411.6    98339
read      419.8   364.1   160.7   218.7   233.0   354.0   437.2   491.6   531.6   578.7   639.9   760.3  1330.7  3434.3 12780.5  50819.9    50875
read      424.0   434.4   160.7   220.7   236.4   359.2   431.8   477.9   514.8   562.5   630.1   759.8  1390.8  5114.9 15886.9  73445.5    73479
read      429.4   530.0   160.7   217.8   232.2   356.9   442.4   497.2   537.2   584.8   645.8   763.3  1294.6  6924.4 29725.3  48397.8    48400
read      452.0   686.3   160.7   221.5   239.0   373.4   441.3   485.3   521.1   569.1   640.9   795.0  1612.3 10085.9 31265.1  85491.8    85434
read      426.1   393.6   160.7   219.8   234.6   360.8   447.5   502.1   542.7   590.7   656.4   774.9  1267.6  4064.9 12204.9  46944.8    46876
read      434.4   504.7   160.7   220.2   235.1   361.6   458.5   514.2   551.5   593.6   650.9   760.0  1246.2  6311.8 24692.7  37355.1    37400
read      438.9   371.0   160.7   224.6   243.6   379.6   450.7   495.8   532.3   580.3   653.6   805.2  1495.3  3358.0 11212.2  89392.4    89365
read      439.1   434.8   160.7   221.0   238.0   371.6   444.4   490.8   527.6   576.4   650.6   814.8  1614.3  4271.3 12992.3  80889.7    80789
read      436.0   454.8   160.7   220.0   236.4   365.8   440.3   488.2   526.1   575.7   648.8   811.3  1570.5  5437.3 17674.6  75707.7    75640
read      436.9   402.2   160.7   221.1   238.3   371.0   442.1   487.6   524.2   573.3   647.9   809.0  1631.2  3957.1 12440.7  84842.2    84936
read      495.1   697.1   160.7   218.7   233.5   384.0   497.9   560.4   610.8   688.2   818.0  1020.3  1605.8 10084.7 30923.3  32587.0    32568
read      574.5  1630.4   173.5   241.1   270.5   389.7   437.0   466.3   490.7   523.2   586.0   822.8  5350.0 31010.2 37807.9   5730.8     5759
read      433.9   525.5   160.7   216.9   230.8   356.5   457.0   512.7   549.1   590.8   648.7   775.6  1286.3  7398.0 27754.4  34188.7    34244
read      418.5   451.7   160.7   215.3   229.8   354.9   431.4   478.9   516.8   563.8   628.8   746.6  1334.4  4355.8 14331.9  58569.6    58573
read      418.3   432.4   160.7   214.4   228.9   354.6   432.7   480.6   517.3   562.7   627.4   752.4  1374.0  4353.1 15742.0  59587.8    59670
read      422.8   476.4   160.7   217.2   231.8   356.3   434.6   485.4   524.8   572.8   636.4   753.2  1292.5  5590.9 18196.3  58223.1    58233
read      419.9   392.9   148.8   218.1   232.1   354.7   438.1   492.8   533.6   581.0   642.6   755.8  1264.9  4014.9 13846.7  49072.7    49094
read      423.5   463.2   160.7   217.1   231.5   355.3   432.4   481.2   520.0   568.0   635.1   765.0  1441.8  5137.5 16778.9  60356.3    60405
read      408.6   375.7   160.7   216.6   230.9   352.6   427.6   472.7   508.8   553.9   618.5   734.4  1183.1  3198.0 11892.9  66513.4    66563
read      438.4   356.9   148.8   227.3   248.0   387.2   457.1   501.3   537.0   583.8   653.4   793.6  1239.2  2885.7 13830.2  96186.3    96093
read      550.9   948.0   160.7   225.6   244.1   435.1   538.6   608.1   664.5   728.1   810.8   990.2  2153.5 13553.5 35813.8  18839.8    18831
read      458.2   416.7   160.7   229.2   251.3   396.1   469.9   519.5   559.0   612.2   688.3   839.3  1489.8  3849.8 16417.5  96812.1    96859
read      461.0   637.0   160.7   220.6   236.4   367.9   448.5   499.8   540.8   592.8   674.2   855.8  1880.2  8262.3 30771.1  62839.3    62731
read      595.6  1086.2   160.7   228.8   249.1   442.7   553.1   625.8   678.8   741.0   846.6  1111.2  3916.5 13627.2 32328.9  16270.5    16249
read      630.1  1377.0   160.7   228.5   248.4   449.6   573.1   649.5   703.6   769.6   876.1  1145.9  3861.8 23833.8 37678.8  16557.3    16671
read      450.4   508.8   160.7   219.3   235.8   370.9   444.5   491.4   529.7   580.7   659.8   850.7  1822.7  5961.1 17991.1  78737.2    78737
read      420.1   428.0   160.7   217.2   232.3   358.8   432.9   478.9   515.6   562.5   628.6   754.3  1341.7  4064.8 15873.5  71228.6    71261
read      556.3  1118.9   173.5   224.4   243.1   431.2   530.4   593.6   639.8   693.4   765.9   929.3  2590.5 17609.0 35037.3  16136.6    16116
read      422.9   441.6   160.7   217.5   232.1   355.3   431.4   479.6   517.7   565.4   633.2   765.9  1441.4  4207.3 13984.2  64685.1    64528
read      564.3  1300.5   173.5   225.9   245.4   424.5   514.2   565.7   602.8   647.3   712.1   882.4  3035.4 18909.0 32506.3  12668.3    12684
read      416.4   320.1   160.7   216.3   230.8   353.8   439.6   493.9   533.5   579.8   640.4   754.0  1264.1  3427.1 10099.1  47120.2    47182
read      415.8   311.3   148.8   217.5   231.7   352.4   445.0   501.2   539.6   583.5   639.0   740.3  1184.2  3536.7 10709.2  39203.8    39216
read      563.9  1297.5   160.7   222.7   241.6   425.2   518.2   573.6   613.9   662.5   730.3   903.0  2701.5 22410.4 37142.1  13391.3    13414
read      431.3   431.0   160.7   217.1   231.7   359.0   438.4   489.1   528.7   577.7   644.9   791.3  1545.5  5669.8 12888.1  58493.3    58522
read      417.8   331.8   160.7   219.0   233.3   359.0   441.5   494.2   533.3   579.3   638.9   743.5  1230.4  3404.8 12117.6  50029.1    49990
read      546.5   834.7   160.7   223.2   241.4   438.1   548.5   626.4   683.2   744.0   832.2  1007.4  1840.0 11229.3 32381.5  18066.3    18119
read      420.1   333.0   160.7   220.9   237.9   366.0   434.1   477.1   510.9   555.5   621.2   751.3  1332.1  3285.1 11370.5  85893.5    86070
read      526.8  1123.7   173.5   234.1   256.2   407.7   469.0   503.8   530.1   562.9   623.7   846.0  3490.8 12849.7 37504.6   7689.9     7728
read      420.8   353.5   160.7   222.1   237.9   360.8   438.9   488.7   526.9   574.2   638.3   756.0  1254.6  4095.6 10248.3  62282.0    62433
read      413.6   379.3   160.7   219.5   233.8   353.0   436.9   491.0   530.5   575.5   632.1   730.8  1168.3  2724.0 12828.7  48819.6    48815
read      394.7   239.7   160.7   216.6   230.7   347.0   442.2   494.6   527.2   560.8   598.8   660.2   836.2  2385.5  8134.7  37220.9    37202
read      361.9   277.0   148.8   217.4   231.6   335.7   393.3   426.6   451.7   481.9   521.4   580.6   717.9  1459.6  6894.0  91975.8    91935
read      373.0   185.2   160.7   214.0   228.0   337.2   410.5   456.0   489.1   525.9   566.9   620.9   734.8  1271.9  7832.4  53667.1    53594
read      361.5   184.2   148.8   213.7   227.6   330.7   394.1   431.0   459.0   492.4   533.9   591.6   726.6  1531.4  6248.8  78993.2    78948
read      376.2   338.6   173.5   235.6   255.3   365.0   396.5   412.9   424.6   436.2   456.6   486.8   589.4  4867.4 15629.3   7595.4     7591
read      371.9   167.7   148.8   213.3   227.3   336.1   411.2   457.8   491.3   527.5   567.0   619.1   731.7  1169.8  5090.2  50613.7    50792
read      387.9   260.1   160.7   223.0   238.4   383.8   440.9   464.9   481.1   498.5   519.9   548.6   650.0  2882.9 12056.2  15695.5    15652
read      370.9   203.2   160.7   212.8   227.0   335.3   406.5   450.8   483.8   521.3   563.2   617.9   733.3  1280.5  8095.7  57080.5    57027
read      367.1   168.5   148.8   220.0   235.5   343.5   399.7   432.0   456.6   485.8   524.6   584.6   726.8  1321.3  6084.4  97510.6    97596
read      362.5   161.2   148.8   217.9   232.1   337.7   394.7   427.9   452.9   482.7   521.6   581.1   721.6  1467.7  5526.0  94260.0    94222
read      390.6   242.7   160.7   219.6   234.2   380.0   451.9   481.1   499.1   518.9   541.3   577.4   676.4  3170.6 10195.4  18985.5    18942
read      372.3   176.3   148.8   213.7   227.8   337.4   409.6   454.2   487.0   524.0   565.6   620.6   736.1  1333.3  7207.1  56895.6    56934
read      373.2   186.2   148.8   213.3   227.5   336.8   411.2   457.1   490.2   526.8   567.3   621.0   736.1  1356.6  7785.2  52981.4    53005
read      371.4   194.7   148.8   213.6   227.7   336.9   407.3   450.7   482.6   519.5   561.7   617.7   738.5  1328.0  7435.7  59964.4    59960
read      364.3   168.5   148.8   217.2   231.4   336.9   396.4   431.1   457.5   489.1   530.0   589.5   734.6  1346.6  7184.0  89203.9    89311

Total QPS = 52744.6 (47470180 / 900.0s)

Total connections = 64
Misses = 0 (0.0%)
Skipped TXs = 0 (0.0%)

RX 11725134213 bytes :   12.4 MB/s
TX          0 bytes :    0.0 MB/s
Warning! Detected max cpu usage > 95%
CPU Usage Stats (avg/min/max): 99.95%,50.00%,100.00%
