Random waveform, random seed
Total number of intervals = 84 (57360, 95703, 9728, 52767, 52975, 27127, 57515, 48265, 97638, 53318, 82180, 86449, 11716, 17639, 12752, 52971, 53461, 28638, 78178, 88938, 29473, 63691, 5451, 84889, 8247, 60530, 79775, 32707, 63266, 83704, 41173, 30323, 94804, 7951, 14981, 76490, 28736, 24613, 77660, 25938, 27714, 37925, 76928, 62532, 99478, 94923, 20379, 70334, 14288, 17558, 65980, 84699, 41005, 72478, 38897, 78741, 45206, 76029, 68056, 20796, 50858, 68126, 60375, 39907, 34315, 18777, 41527, 7689, 85948, 39921, 89538, 56653, 87182, 65695, 56681, 83809, 5382, 68464, 39934, 28345, 9624, 22017, 52652, 18091)
Average QPS expected = 50537
Timestamp start: 1715467544570
Timestamp end: 1715468385014

#type       avg     std     min      p5     p10     p50     p67     p75     p80     p85     p90     p95     p99    p999   p9999      QPS   target
read      425.8   491.6   148.8   204.3   218.7   351.9   433.1   485.4   525.5   575.5   641.4   768.2  1600.6  5833.0 16199.3  57353.1    57360
read      457.8   425.7   148.8   220.3   242.1   395.4   478.5   532.8   576.0   630.7   709.2   845.5  1258.2  4527.2 14763.3  95737.5    95703
read      419.7   712.2   160.7   213.7   229.4   363.0   414.7   442.2   462.5   489.3   531.7   628.0  1277.9  8824.7 31492.3   9711.8     9728
read      400.5   384.5   148.8   201.6   215.1   345.6   426.2   477.4   517.4   566.4   627.8   714.3  1110.5  3943.6 13552.7  52658.5    52767
read      401.0   322.8   148.8   202.7   216.3   347.6   428.8   481.2   521.7   570.5   631.3   722.1  1155.4  2309.9 11591.9  53141.5    52975
read      402.3   475.8   148.8   201.1   214.5   342.8   443.7   494.7   527.5   563.5   608.8   676.8  1007.6  7615.6 16252.9  27028.8    27127
read      394.9   260.9   148.8   202.1   215.4   345.7   424.0   472.9   512.3   560.2   624.1   716.1  1093.9  2321.3  9101.9  57467.2    57515
read      399.9   343.0   148.8   200.9   215.1   346.8   427.5   481.2   521.8   570.6   630.5   716.6  1140.8  2509.1 15134.2  48162.6    48265
read      431.0   385.9   148.8   213.6   234.0   377.8   455.4   503.6   542.0   590.3   659.3   784.8  1141.9  3833.6 12900.5  97640.0    97638
read      399.4   426.4   148.8   200.2   214.4   345.5   428.6   481.3   521.4   570.6   633.3   727.1  1126.6  2349.8 11170.3  53356.7    53318
read      403.2   410.4   148.8   204.0   220.0   349.9   425.9   472.9   509.5   554.9   617.6   720.5  1065.2  4067.7 13946.4  82166.8    82180
read      400.1   364.2   148.8   205.4   221.7   351.2   423.9   469.1   504.6   548.7   611.6   713.3  1032.1  3197.2 14539.9  86588.5    86449
read      420.3   623.5   160.7   207.0   221.7   370.7   432.0   463.3   487.1   516.8   571.8   678.7  1170.9  8574.5 30981.6  11762.7    11716
read      418.1   535.8   148.8   204.9   218.6   367.7   452.4   490.1   515.1   543.6   587.2   694.0  1202.7  7359.9 29629.7  17652.7    17639
read      453.7   772.5   160.7   207.6   222.5   381.0   450.5   487.4   516.2   560.3   632.6   754.2  1596.8 11182.3 35654.3  12744.5    12752
read      405.5   388.9   148.8   201.4   215.4   346.6   426.4   477.1   517.3   565.9   627.7   720.9  1313.8  4007.8 12805.9  52940.1    52971
read      403.6   384.0   148.8   202.5   216.5   348.3   427.8   479.3   519.3   567.8   629.4   719.7  1158.9  3449.2 12742.2  53421.7    53461
read      403.9   432.8   148.8   202.8   216.8   344.0   444.9   499.2   533.7   571.9   618.2   686.6  1067.5  4701.4 16741.9  28637.6    28638
read      403.4   455.7   148.8   203.4   218.8   347.8   424.0   471.5   508.4   554.4   617.0   715.7  1082.8  4430.7 15402.1  78084.2    78178
read      424.1   458.9   148.8   208.1   226.1   366.1   443.2   491.7   529.4   577.6   642.4   760.4  1143.9  5926.8 17300.7  89041.6    88938
read      399.6   496.3   148.8   203.5   217.6   343.2   442.8   498.8   534.5   573.6   619.8   687.6  1077.0  3055.3 12079.2  29364.0    29473
read      399.5   357.5   148.8   203.1   217.1   346.6   425.1   473.9   512.0   557.9   619.3   711.6  1096.2  3327.7 12430.6  63737.2    63691
read      388.6   870.8   160.7   220.7   239.9   320.7   352.6   371.1   386.3   403.2   432.1   493.2  1248.2 11583.8 35650.3   5440.4     5451
read      401.6   364.0   148.8   205.7   222.0   351.8   426.0   471.4   507.3   551.7   613.7   715.5  1050.8  2913.3 13954.2  84862.6    84889
read      395.3   659.7   160.7   213.1   228.8   348.7   394.3   419.4   436.5   461.1   495.9   573.8  1121.7  7443.4 33522.1   8233.0     8247
read      398.4   329.5   148.8   202.7   216.8   345.4   424.7   473.6   512.6   559.4   621.4   712.9  1156.4  2745.5 12526.0  60446.8    60530
read      409.6   413.3   148.8   204.7   220.8   353.5   431.7   480.5   518.4   565.6   629.4   734.6  1131.7  3763.0 13796.3  79982.7    79775
read      401.1   468.9   148.8   198.9   213.1   340.0   438.5   495.6   533.3   574.7   622.7   688.7  1009.0  4914.5 28260.6  32650.5    32707
read      400.6   359.1   148.8   202.1   216.2   346.8   425.9   474.3   511.8   558.4   621.8   717.6  1131.8  3866.3 12221.5  63354.4    63266
read      405.2   423.4   148.8   205.1   221.4   351.7   427.1   473.2   508.8   553.8   616.3   718.7  1061.4  4692.5 14920.2  83632.8    83704
read      398.6   336.1   148.8   201.9   216.2   344.6   428.0   483.6   524.1   570.9   626.8   702.9  1087.7  3413.6 12491.7  41176.1    41173
read      425.8   616.5   148.8   202.7   216.9   345.6   443.9   499.5   536.0   576.7   625.9   713.4  1324.0  8367.2 30742.9  30309.0    30323
read      435.4   391.3   148.8   215.2   234.7   378.6   457.9   507.7   547.4   598.2   671.1   799.5  1177.6  3347.8 14576.4  94887.5    94804
read      455.5  1128.1   160.7   213.2   230.1   348.5   395.6   422.9   443.0   468.6   508.4   607.4  2922.7 17232.1 36828.7   7882.7     7951
read      431.7   568.8   148.8   203.9   217.5   380.4   454.9   492.5   520.9   561.1   633.0   764.0  1275.5  6437.4 30307.8  14959.6    14981
read      396.3   363.0   148.8   201.8   216.4   342.9   420.1   467.4   503.8   548.4   611.0   713.0  1130.5  2715.7 12794.6  76336.6    76490
read      394.4   445.7   148.8   199.2   213.0   335.0   436.6   491.4   525.2   560.8   604.1   670.4   998.2  4869.2 15858.1  28709.8    28736
read      425.0   411.6   148.8   202.5   216.1   353.3   457.5   508.3   542.3   586.2   656.9   848.3  1331.4  4123.0 12819.8  24605.9    24613
read      398.5   329.1   148.8   202.3   217.0   344.5   418.7   465.4   502.5   547.0   609.3   713.1  1249.1  3658.4 11233.9  77553.9    77660
read      434.9   546.9   148.8   202.0   215.7   349.6   457.7   510.9   546.9   592.4   674.2   879.4  1364.9  6850.1 24125.6  25885.3    25938
read      401.7   484.4   148.8   199.9   213.8   336.4   435.3   487.3   520.7   557.0   604.8   692.0  1107.6  6587.4 24099.5  27595.9    27714
read      391.7   338.2   148.8   196.6   210.7   337.1   425.0   480.4   520.0   564.0   618.5   693.3  1076.0  2748.9 10761.4  37883.5    37925
read      392.5   340.6   148.8   200.5   215.3   341.5   416.4   463.4   499.5   543.3   603.3   698.8  1056.5  3451.9 12037.9  76870.4    76928
read      417.3   476.1   148.8   201.7   216.1   349.3   428.7   479.2   517.9   566.1   631.2   744.6  1506.3  5601.5 16324.9  62537.5    62532
read      510.9   427.6   148.8   229.9   261.0   443.1   541.2   609.2   663.6   732.0   817.7   944.7  1384.5  4542.7 13276.0  99496.3    99478
read      423.5   409.5   148.8   208.6   227.7   368.2   445.1   494.3   532.9   581.8   649.3   769.9  1132.1  3984.5 14858.4  94843.8    94923
read      420.0   401.3   148.8   203.0   215.8   361.2   456.1   499.4   530.0   568.7   632.1   800.2  1273.0  4828.2 12715.6  20464.7    20379
read      402.5   365.6   148.8   201.2   215.8   346.7   427.6   477.1   514.4   560.4   623.4   728.3  1195.3  3073.2 12622.0  70220.1    70334
read      411.5   488.5   148.8   203.2   216.3   367.9   437.0   470.2   494.8   526.0   581.5   720.4  1253.7  5637.7 28404.6  14300.3    14288
read      432.8   559.1   148.8   200.0   213.6   372.2   456.3   496.1   525.0   563.1   634.5   798.5  1363.1  9037.9 27237.3  17626.5    17558
read      394.3   336.2   148.8   200.0   214.4   343.5   421.7   469.3   505.9   550.0   610.9   703.9  1072.3  3131.2 10409.2  65904.6    65980
read      412.8   425.0   148.8   205.5   221.9   355.0   432.3   481.0   518.2   564.5   628.3   740.6  1199.1  4289.5 14613.9  84764.2    84699
read      423.2   539.4   148.8   199.8   214.2   352.8   441.6   496.9   536.8   585.5   646.9   751.5  1344.4  5904.7 28741.6  41078.3    41005
read      421.1   465.1   148.8   202.6   218.0   353.8   436.8   488.3   526.9   575.2   641.6   765.5  1396.4  5358.3 15804.4  72368.4    72478
read      407.3   406.3   148.8   201.3   215.5   345.8   431.3   486.3   525.8   572.6   630.2   724.7  1239.9  4335.5 13821.5  38838.9    38897
read      409.2   460.1   148.8   203.1   218.7   351.6   431.0   479.6   516.5   562.4   625.1   731.1  1097.0  4983.8 17867.3  78579.6    78741
read      404.1   385.8   148.8   199.9   214.1   347.7   431.4   483.7   522.6   570.6   631.7   726.2  1198.8  3321.7 14228.0  45250.1    45206
read      406.0   355.9   148.8   203.0   218.1   350.5   427.6   475.2   511.7   557.7   621.9   731.1  1270.2  3401.2 12276.9  76025.0    76029
read      400.9   368.9   148.8   202.5   216.6   347.3   426.4   474.4   510.5   554.3   616.0   716.1  1102.7  3789.5 13639.3  68086.6    68056
read      446.5   683.3   148.8   203.8   217.2   361.6   456.7   500.7   531.1   569.3   631.2   810.3  1782.7  8792.7 30880.4  20786.5    20796
read      406.4   370.2   148.8   201.2   215.1   350.5   430.4   481.3   520.5   568.5   630.3   728.7  1261.6  3777.4 12202.9  50885.1    50858
read      418.5   439.9   148.8   203.6   218.6   354.3   435.3   486.2   525.0   573.3   637.6   753.4  1379.6  4769.4 16115.7  68179.8    68126
read      402.6   309.5   148.8   202.0   216.1   350.9   430.7   479.7   516.8   562.7   625.0   724.8  1176.7  3110.7 11946.0  60472.4    60375
read      407.1   382.9   148.8   201.7   216.2   349.9   436.7   491.9   531.6   578.8   636.1   726.8  1146.0  4055.7 12647.3  39873.6    39907
read      414.4   525.1   148.8   202.4   216.8   349.6   441.1   495.9   533.0   576.2   629.8   715.0  1177.6  7592.5 30446.5  34322.4    34315
read      380.6   386.5   148.8   201.7   213.9   349.8   434.3   470.6   494.1   519.6   548.6   597.9   816.8  3892.4 15140.2  18750.3    18777
read      390.5   268.6   148.8   202.2   216.3   346.2   424.8   475.7   513.7   556.9   612.2   684.6   991.9  1984.8  7685.0  41558.8    41527
read      352.7   412.6   160.7   211.0   227.3   330.0   365.5   384.1   396.6   411.3   430.1   461.8   637.1  6541.2 15563.0   7760.5     7689
read      403.2   424.9   148.8   204.4   220.4   350.7   425.8   470.4   505.0   546.5   603.9   693.2  1006.4  5691.8 13705.0  85939.6    85948
read      397.7   336.3   148.8   202.6   216.7   348.1   428.6   480.3   518.2   562.0   616.4   689.3  1084.8  3244.6 13098.6  39930.6    39921
read      385.0   346.3   148.8   203.5   219.2   344.0   412.9   455.4   487.2   525.8   576.9   658.0   866.4  3435.4 13214.2  89562.5    89538
read      383.9   256.3   148.8   200.1   214.0   344.2   418.5   463.8   498.4   539.7   593.2   671.0   898.9  2339.1  8734.5  56599.6    56653
read      381.4   313.5   148.8   202.8   217.8   341.2   410.9   454.0   485.7   524.2   575.8   655.0   862.9  2767.3 12315.9  87218.3    87182
read      386.8   370.6   148.8   200.1   214.1   342.7   418.3   463.9   498.1   538.5   592.2   672.4   912.0  2543.4 15202.3  65696.0    65695
read      386.6   289.4   148.8   200.4   214.1   346.2   422.2   467.9   502.7   544.3   599.8   677.6   889.5  2151.9 10931.2  56519.6    56681
read      385.7   317.4   148.8   202.1   216.9   341.6   415.0   459.5   492.5   532.4   585.3   671.1   927.3  2663.3 12015.0  83715.1    83809
read      340.6   681.4   160.7   215.5   234.4   303.6   328.2   341.7   351.8   364.9   381.3   412.2   587.9  8486.9 32936.7   5365.9     5382
read      370.2   211.1   148.8   197.7   212.0   334.3   405.1   448.9   481.1   519.3   566.2   634.4   813.7  2178.7  7459.3  68241.4    68464
read      364.5   189.8   148.8   197.6   212.3   327.4   405.1   456.2   491.9   528.9   568.8   620.1   710.7  1258.2  6226.2  39926.9    39934
read      363.5   213.0   148.8   199.9   214.1   324.1   417.0   464.2   492.4   520.6   549.1   589.2   672.7  1358.8  8664.1  28324.7    28345
read      346.3   324.9   148.8   208.8   223.3   337.7   376.0   393.9   405.2   420.0   434.9   461.7   523.2  4882.3 13294.2   9633.8     9624
read      358.9   210.9   148.8   201.0   214.4   332.0   419.0   455.8   477.7   499.2   524.2   554.6   628.8  1338.2  9485.1  22035.9    22017
read      363.4   183.1   148.8   196.8   211.5   332.3   401.8   446.2   479.2   518.0   561.8   619.7   719.1  1345.1  5886.2  52652.1    52652
read      362.8   263.6   148.8   201.7   214.6   346.7   422.6   453.2   471.6   491.2   511.5   542.7   610.9  3125.4 12326.6  18079.6    18091

Total QPS = 50524.7 (42440744 / 840.0s)

Total connections = 64
Misses = 0 (0.0%)
Skipped TXs = 0 (0.0%)

RX 10482864262 bytes :   11.9 MB/s
TX          0 bytes :    0.0 MB/s
Warning! Detected max cpu usage > 95%
CPU Usage Stats (avg/min/max): 99.95%,50.00%,100.00%
