Random waveform, random seed
Total number of intervals = 84 (88626, 16337, 66283, 46200, 62066, 57756, 12283, 46162, 6831, 5881, 91975, 63184, 23752, 55975, 88086, 64048, 22862, 97947, 5621, 89500, 83223, 42215, 74127, 26343, 86363, 79748, 56121, 85680, 9356, 76906, 77747, 62902, 34194, 66529, 14310, 19457, 65055, 28354, 66116, 5328, 13168, 14707, 28601, 34319, 87240, 86501, 18676, 54553, 47156, 78712, 26259, 6207, 55802, 36073, 20848, 79664, 65159, 64792, 79031, 73753, 93336, 35380, 54141, 51520, 82237, 81892, 79594, 40337, 53134, 42010, 47690, 31304, 52689, 57420, 63282, 64522, 90723, 8510, 99917, 53124, 63172, 23120, 66020, 93996)
Average QPS expected = 53235
Timestamp start: 1715470447501
Timestamp end: 1715471287933

#type       avg     std     min      p5     p10     p50     p67     p75     p80     p85     p90     p95     p99    p999   p9999      QPS   target
read      430.0   588.3   148.8   206.4   223.3   355.3   428.3   474.7   511.8   560.5   627.6   746.6  1570.1  7875.0 28876.3  88548.3    88626
read      446.9   734.7   148.8   203.4   216.7   373.1   453.5   494.8   527.6   575.5   657.7   795.1  1378.6  8767.7 31598.4  16297.3    16337
read      389.8   330.4   148.8   199.3   213.1   334.4   406.9   454.5   491.0   536.6   599.4   701.9  1272.4  2921.5 11776.5  66400.4    66283
read      390.8   427.4   148.8   196.9   210.7   331.0   410.3   464.0   504.4   550.7   611.4   691.7  1092.4  4278.5 18478.9  46287.8    46200
read      382.4   307.1   148.8   198.4   212.3   332.1   404.1   451.9   488.9   534.8   595.6   688.6  1080.9  2111.8 12077.7  62164.9    62066
read      387.8   376.7   148.8   199.1   212.9   334.1   404.4   453.6   491.7   538.2   600.6   692.1  1147.7  2744.6 15686.2  57807.5    57756
read      429.1   808.1   160.7   204.8   218.4   361.9   424.2   457.4   482.4   515.4   575.2   687.3  1333.6  9860.0 36325.9  12303.5    12283
read      387.5   365.6   148.8   198.5   212.5   333.2   408.4   460.5   500.8   547.9   607.2   686.3  1061.4  3923.4 12299.8  46166.1    46162
read      391.0   821.0   160.7   210.0   227.8   326.8   365.8   388.4   404.0   428.2   462.7   534.4  1261.9 10090.1 35191.8   6836.6     6831
read      380.8   631.4   160.7   213.9   233.6   321.6   355.9   375.4   392.5   413.4   447.1   511.5  1329.9 10260.1 28165.4   5874.0     5881
read      382.1   332.1   148.8   202.0   217.2   337.7   404.4   447.8   480.6   521.6   577.7   670.7   953.1  3311.9 13153.5  91869.6    91975
read      390.8   417.3   148.8   197.6   211.3   332.6   407.9   457.4   495.6   542.0   604.1   699.8  1104.6  3993.5 14813.3  63187.0    63184
read      428.8   561.0   148.8   201.6   215.0   349.2   452.1   502.1   535.8   577.5   641.1   829.0  1332.2  7784.4 30250.9  23759.1    23752
read      388.3   338.1   148.8   198.4   212.1   335.4   408.5   457.4   496.0   543.7   606.8   698.2  1140.8  2876.1 11641.7  55988.6    55975
read      387.8   333.6   148.8   201.7   216.5   337.8   408.9   454.8   489.6   532.5   590.6   691.5  1041.1  3335.9 12563.2  88109.8    88086
read      387.3   261.1   148.8   198.5   212.2   334.4   410.4   459.3   496.8   542.8   605.4   703.1  1143.5  2908.1  8103.9  64170.8    64048
read      417.9   467.9   148.8   201.6   214.8   348.1   447.7   495.8   528.3   567.6   629.1   795.3  1280.4  5449.8 25838.5  22923.7    22862
read      407.9   360.6   148.8   206.6   224.2   356.1   429.4   475.9   512.6   559.7   625.3   739.9  1093.1  3170.9 13382.8  97976.8    97947
read      376.7   686.0   160.7   215.8   235.9   319.5   351.2   369.8   385.2   403.2   435.1   503.1  1270.7  8163.0 33419.0   5656.1     5621
read      402.2   374.7   148.8   203.5   219.5   345.6   417.5   463.8   500.3   546.0   612.3   726.6  1259.0  3462.3 14634.7  89313.4    89500
read      387.7   383.3   148.8   203.0   217.3   336.6   406.9   452.4   487.0   529.8   588.4   687.7  1018.3  3732.9 13128.0  83043.9    83223
read      385.5   334.4   148.8   199.8   213.9   331.3   409.1   463.8   505.2   551.8   609.4   685.7  1032.8  1948.3 12546.1  42161.8    42215
read      380.7   334.5   148.8   202.7   216.5   332.1   401.0   445.5   480.2   523.8   581.6   674.6   975.4  2970.6 12641.1  74110.0    74127
read      429.1   573.2   148.8   202.6   215.8   342.5   447.7   502.5   538.6   582.6   646.4   837.6  1378.5  7738.8 30287.5  26425.1    26343
read      385.7   347.5   148.8   202.4   216.8   334.8   403.4   447.9   481.5   523.9   581.9   680.4  1098.7  3219.7 12882.2  86125.0    86363
read      385.3   329.0   148.8   199.7   214.0   334.4   405.9   452.5   487.9   531.9   590.8   688.0  1047.1  3364.7 12376.1  79718.9    79748
read      389.9   351.0   148.8   197.4   211.2   334.1   411.5   462.2   501.4   548.5   612.2   705.2  1129.2  2823.4 13647.4  56255.4    56121
read      393.4   396.4   148.8   201.1   215.9   338.3   408.6   454.7   490.5   535.4   596.2   702.1  1194.2  3245.6 14066.8  85730.3    85680
read      402.8   725.7   148.8   206.0   220.4   341.8   389.5   414.7   432.8   457.9   495.9   592.0  1324.5 11008.3 31143.5   9450.3     9356
read      407.1   473.4   148.8   199.9   214.5   338.5   413.8   461.9   498.8   544.7   609.7   723.8  1630.2  4698.8 15031.9  76800.4    76906
read      418.1   544.6   148.8   200.0   214.8   341.4   416.3   464.0   502.1   549.6   619.7   752.1  1686.9  6810.6 26392.9  77830.7    77747
read      393.2   390.5   148.8   198.9   212.9   337.5   409.7   457.5   495.1   541.5   606.1   704.1  1216.8  3445.4 12263.7  62994.8    62902
read      393.2   499.4   148.8   198.4   212.0   325.3   411.8   469.0   508.1   550.1   601.9   679.5  1193.1  4896.4 25511.4  34285.7    34194
read      386.1   397.5   148.8   197.6   211.4   331.7   401.2   447.2   483.4   529.4   591.3   686.2  1143.3  3595.8 12807.4  66572.1    66529
read      447.0   860.6   148.8   202.5   215.4   360.8   430.8   464.7   490.7   525.5   589.9   737.2  2144.3 11495.4 32295.0  14330.4    14310
read      416.3   605.6   148.8   200.1   212.8   350.7   439.7   480.6   507.8   542.2   598.4   753.9  1267.4  7732.6 31038.2  19401.7    19457
read      385.1   430.0   148.8   196.2   209.7   328.1   398.5   444.7   480.8   525.9   585.8   679.7  1190.7  4227.5 14590.6  64927.9    65055
read      380.4   384.5   148.8   192.9   205.9   320.9   417.4   470.0   503.3   537.7   579.7   641.6  1045.7  4773.7 12350.0  28322.5    28354
read      379.2   390.7   148.8   196.7   210.5   329.9   398.4   442.2   476.6   520.3   578.8   666.8   994.3  3681.2 12685.9  66340.5    66116
read      389.8   998.7   160.7   213.1   232.9   311.8   341.9   360.8   373.7   394.5   425.0   494.6  1505.3 13669.1 37460.6   5354.2     5328
read      428.1   631.5   148.8   203.9   217.4   366.7   433.6   467.9   495.6   534.5   603.6   727.8  1391.6  8926.4 30723.3  13222.5    13168
read      452.6   832.1   148.8   203.2   216.4   370.6   443.1   478.9   505.8   544.7   619.8   757.2  2095.7 10158.8 32214.2  14633.3    14707
read      386.7   408.0   148.8   194.3   207.6   321.2   424.0   479.0   513.7   549.2   592.2   664.6  1144.6  4156.8 16715.9  28657.6    28601
read      391.9   402.2   148.8   198.6   212.4   326.3   414.6   472.7   512.4   553.8   603.5   677.1  1146.4  6398.6 14492.3  34343.7    34319
read      450.8   584.5   148.8   205.4   222.8   364.5   448.7   503.4   547.1   604.9   685.8   867.1  1669.8  7658.0 27836.6  87346.5    87240
read      387.6   378.8   148.8   200.4   215.4   336.8   406.4   452.0   486.9   531.0   590.8   690.6  1029.2  3619.6 14399.0  86470.3    86501
read      446.4   680.2   148.8   199.1   212.6   369.1   460.7   503.7   535.0   577.5   656.5   828.6  1478.9  9202.9 31200.8  18733.1    18676
read      397.6   417.9   148.8   199.2   213.4   336.4   410.3   461.9   503.1   552.3   617.9   716.0  1244.8  4505.5 14285.7  54554.6    54553
read      390.1   436.2   148.8   198.0   212.0   331.4   406.6   460.7   501.9   549.3   609.1   686.5  1085.9  4323.7 14884.7  47161.6    47156
read      388.1   403.0   148.8   200.2   214.5   335.6   406.2   452.0   487.2   531.3   590.5   689.0  1073.1  3655.6 14850.1  78741.2    78712
read      435.8   586.5   148.8   200.4   214.2   345.0   452.8   507.4   544.1   590.9   669.5   879.4  1395.1  8299.6 30419.2  26338.8    26259
read      409.0   954.9   160.7   213.1   232.1   325.9   360.7   379.9   395.2   415.2   446.1   512.6  1766.5 12862.5 34829.3   6228.2     6207
read      408.4   545.1   148.8   199.4   213.2   338.0   412.5   463.3   503.3   552.4   618.8   721.1  1345.3  7819.3 30269.7  55790.1    55802
read      402.1   432.8   148.8   202.7   217.0   338.3   426.9   484.4   525.1   571.4   627.0   714.6  1163.3  3372.2 15032.2  36235.2    36073
read      434.4   612.2   148.8   201.9   215.0   354.6   450.0   494.7   525.9   565.0   633.7   798.3  1452.2  7971.5 29494.9  20780.0    20848
read      405.3   457.0   148.8   201.6   216.2   339.9   412.1   458.1   493.9   538.9   602.1   717.3  1585.4  5374.9 15681.0  79689.6    79664
read      382.7   311.4   148.8   197.9   211.5   333.0   407.6   455.8   492.6   537.7   598.0   688.0  1018.8  2471.9 11770.6  65382.3    65159
read      386.1   354.7   148.8   198.5   212.3   333.7   404.1   451.1   487.7   533.4   594.9   691.4  1153.2  2568.8 14357.6  64671.4    64792
read      386.1   342.0   148.8   201.9   215.9   336.3   405.6   450.8   485.1   528.4   587.5   686.1  1071.6  2874.6 13973.6  79057.1    79031
read      390.6   367.6   148.8   202.7   216.3   337.6   409.9   456.2   492.4   537.2   598.6   698.6  1088.6  3377.8 12900.3  73600.9    73753
read      396.6   393.0   148.8   207.5   223.7   345.8   414.5   458.6   492.9   536.2   594.3   695.1  1042.1  3467.6 15265.4  93346.0    93336
read      391.8   430.7   148.8   197.2   210.5   331.4   416.3   472.3   511.7   555.0   608.6   683.3  1087.8  4640.7 15905.3  35478.3    35380
read      393.1   396.8   148.8   199.1   212.2   336.2   410.1   460.5   499.9   547.8   613.4   706.5  1199.3  4000.7 12615.7  54134.5    54141
read      390.5   347.5   148.8   198.9   212.2   337.1   410.7   461.9   501.8   550.4   614.0   702.5  1145.8  2549.7 11748.6  51466.0    51520
read      390.3   418.9   148.8   203.4   217.7   336.7   406.3   452.1   487.0   530.3   589.0   685.3  1015.7  4906.3 14844.5  82359.5    82237
read      384.7   333.8   148.8   203.1   217.0   335.1   404.5   449.6   483.8   527.3   586.8   683.9  1026.0  3174.5 11306.1  82006.4    81892
read      400.0   481.0   148.8   203.9   218.3   339.6   413.1   459.3   494.8   538.3   595.9   693.1  1167.4  6007.0 21742.6  79479.2    79594
read      376.7   248.9   148.8   196.4   209.5   329.8   404.8   458.3   497.8   541.7   594.4   664.5   951.9  2299.1  8546.0  40376.1    40337
read      378.9   272.7   148.8   198.0   211.1   334.6   404.6   452.2   488.9   533.6   591.5   671.5   931.4  2633.2 10161.8  53080.8    53134
read      385.4   367.9   148.8   196.9   210.2   332.3   408.0   461.2   501.0   545.5   600.7   674.5  1064.2  4307.0 12801.7  41936.6    42010
read      374.3   253.3   148.8   196.5   209.6   330.4   401.5   451.4   490.7   536.5   592.4   666.0   910.7  1946.1  7820.5  47671.3    47690
read      374.4   329.2   148.8   196.0   209.0   322.3   412.2   467.8   503.8   540.5   583.1   637.9   804.2  3196.9 12365.5  31176.7    31304
read      373.7   297.3   148.8   197.5   210.5   331.8   401.0   448.2   485.6   531.1   588.1   663.2   841.5  1968.4 11706.2  52705.2    52689
read      373.3   279.7   148.8   197.9   210.9   331.7   399.6   444.3   480.4   525.2   582.1   659.2   854.0  2470.6 11280.3  57454.0    57420
read      373.0   302.9   148.8   198.6   211.9   330.4   399.2   442.8   477.1   520.7   577.3   658.3   852.5  2396.9 11789.2  63452.4    63282
read      371.2   263.5   148.8   196.7   210.9   330.4   398.9   442.3   476.6   519.4   576.1   659.1   855.3  1979.0  9702.0  64431.9    64522
read      368.1   314.9   148.8   200.6   215.1   329.7   393.4   432.3   462.5   499.3   547.1   624.5   813.5  2646.3 11731.5  90671.0    90723
read      352.4   381.2   160.7   209.3   224.3   336.2   374.7   393.8   406.1   422.2   439.5   469.6   587.7  4162.5 16951.2   8476.8     8510
read      370.0   324.7   148.8   204.5   220.2   334.7   394.6   431.3   460.1   495.3   541.7   618.0   804.2  2583.7 12495.7  99783.4    99917
read      359.0   214.5   137.8   196.7   211.0   325.2   391.5   434.1   468.3   508.4   555.4   616.1   719.7  1394.0  7816.0  53185.4    53124
read      354.4   196.2   137.8   195.1   209.1   322.7   387.9   428.1   459.9   498.9   545.5   609.9   718.4  1511.1  6391.2  63315.5    63172
read      359.7   227.2   148.8   200.8   214.2   323.6   419.6   460.1   483.8   506.8   533.3   568.5   636.0  1364.3  9214.7  23171.5    23120
read      352.4   179.0   148.8   195.7   209.4   321.5   385.4   424.8   456.1   494.6   541.6   605.9   710.8  1503.6  6222.6  65975.1    66020
read      348.6   176.1   148.8   199.8   214.1   320.2   379.3   414.8   441.8   474.6   518.6   584.0   707.4  1618.0  5230.2  94027.1    93996

Total QPS = 53245.5 (44726216 / 840.0s)

Total connections = 64
Misses = 0 (0.0%)
Skipped TXs = 0 (0.0%)

RX 11047375352 bytes :   12.5 MB/s
TX          0 bytes :    0.0 MB/s
Warning! Detected max cpu usage > 95%
CPU Usage Stats (avg/min/max): 99.95%,50.00%,100.00%
