Random waveform, supplied seed
Total number of intervals = 90 (7434, 67201, 85927, 63953, 31595, 87879, 7287, 62295, 6561, 22532, 60653, 59076, 60154, 22964, 8172, 27652, 37594, 24367, 33771, 84944, 85666, 51918, 34406, 28664, 38289, 20658, 13840, 93419, 98284, 71313, 42089, 46458, 30755, 42889, 93552, 65694, 29574, 51355, 67361, 16287, 81508, 87619, 99068, 51267, 11822, 97494, 97350, 55460, 85984, 82043, 52873, 13911, 49984, 9274, 27187, 18735, 86505, 93039, 75999, 32324, 84255, 81759, 37291, 53818, 30297, 31569, 38927, 10652, 98119, 48176, 34929, 69735, 20753, 84642, 42333, 61587, 77998, 97625, 23781, 66723, 31016, 47394, 95335, 5252, 65908, 16889, 42912, 99898, 26385, 22616)
Average QPS expected = 51583
Timestamp start: 1715599823213
Timestamp end: 1715600723760

#type       avg     std     min      p5     p10     p50     p67     p75     p80     p85     p90     p95     p99    p999   p9999      QPS   target
read      489.4  1120.7   160.7   223.0   244.8   371.8   417.1   444.6   466.0   498.0   548.8   704.8  3892.3 13838.9 36864.7   7432.0     7434
read      430.1   472.3   148.8   206.4   222.3   359.8   442.5   493.4   533.3   584.2   656.4   798.8  1453.7  5506.4 15893.2  67067.1    67201
read      442.9   441.6   148.8   211.0   229.5   374.8   454.2   504.0   544.2   598.2   678.5   840.4  1474.0  5012.3 15909.8  85990.5    85927
read      418.2   386.1   148.8   204.9   220.2   353.8   434.8   486.0   526.2   577.5   647.3   784.9  1391.8  3721.4 14297.1  63826.5    63953
read      421.8   460.6   148.8   201.8   216.2   356.5   454.9   510.1   549.2   592.4   646.4   750.8  1227.6  6709.1 16100.0  31564.9    31595
read      438.8   441.1   148.8   211.6   230.2   372.7   451.3   501.2   541.7   593.6   672.8   831.1  1405.0  4752.2 14998.3  87897.2    87879
read      468.5  1073.3   160.7   221.5   243.6   369.3   415.9   443.7   466.4   498.6   548.2   675.1  2373.9 12729.8 37536.7   7275.0     7287
read      421.2   440.2   148.8   204.3   219.5   352.7   434.1   484.7   524.8   576.0   645.4   789.7  1480.9  4443.0 16362.9  62219.6    62295
read      429.2   693.4   160.7   225.2   249.3   360.7   399.5   423.8   441.7   467.0   506.9   611.9  1874.5  9160.9 30679.3   6594.6     6561
read      456.0   536.8   148.8   204.3   219.1   379.7   478.5   529.0   565.8   611.6   686.8   868.3  1556.8  7321.8 23485.8  22474.9    22532
read      423.2   356.6   148.8   205.3   220.7   355.7   437.5   489.6   530.6   583.6   657.0   803.2  1499.0  3803.6 12527.5  60642.6    60653
read      411.4   384.1   148.8   204.1   218.8   350.5   431.0   481.1   521.6   572.3   638.2   761.4  1301.0  3177.8 14295.2  59037.6    59076
read      417.8   387.0   148.8   204.3   219.4   352.1   433.4   485.1   526.2   578.3   648.4   787.0  1389.0  4032.3 14333.8  60207.6    60154
read      452.5   649.4   148.8   204.6   219.6   374.2   471.9   520.9   554.9   595.6   656.6   813.7  1477.7  8129.3 31007.2  22963.7    22964
read      444.8   799.7   160.7   219.9   240.3   374.4   420.0   446.5   466.5   495.0   538.7   634.6  1791.4 10285.1 32197.1   8172.6     8172
read      424.3   492.0   148.8   202.6   216.4   357.1   457.3   509.8   546.5   587.8   639.8   746.8  1274.7  6531.4 24086.4  27623.2    27652
read      418.7   401.6   148.8   202.8   217.1   352.4   447.0   504.3   546.1   594.5   653.4   761.3  1273.6  5098.8 12037.9  37670.7    37594
read      463.8   617.8   160.7   204.7   219.7   377.5   481.5   535.6   575.2   623.8   701.4   905.0  1611.1  8200.6 25566.6  24318.8    24367
read      419.2   401.9   148.8   203.4   217.5   356.8   454.2   511.1   552.8   599.1   654.0   755.1  1218.8  3869.7 13651.2  33748.4    33771
read      437.2   464.5   148.8   210.5   228.5   369.3   447.5   496.9   536.1   586.4   661.5   809.2  1417.0  6392.7 13949.1  85000.3    84944
read      434.6   472.5   148.8   210.5   228.5   369.7   447.9   497.4   537.2   588.6   663.1   803.3  1270.9  6829.5 16763.4  85695.4    85666
read      426.9   474.0   148.8   203.7   218.9   355.8   440.6   494.2   537.0   589.5   660.2   796.1  1461.5  5116.3 18651.4  51800.7    51918
read      407.6   334.8   148.8   200.4   214.4   348.6   443.4   499.3   539.1   584.6   638.0   735.9  1180.8  3552.9 11206.4  34443.6    34406
read      414.5   456.7   148.8   200.7   214.9   352.5   452.0   505.2   541.5   582.4   632.3   728.4  1169.6  4456.2 16029.4  28597.8    28664
read      422.0   393.0   148.8   204.0   219.5   355.5   448.3   505.0   548.1   598.4   660.9   779.9  1285.6  4388.1 13553.4  38361.3    38289
read      449.9   648.3   160.7   204.6   219.5   379.6   470.0   514.6   547.1   588.1   650.3   820.6  1439.6  8715.6 29780.7  20648.7    20658
read      460.4   721.0   160.7   208.3   224.3   392.9   459.9   496.5   525.4   564.5   630.9   777.9  1673.4  9612.6 31673.9  13823.6    13840
read      446.5   494.2   148.8   213.2   233.1   379.3   457.8   508.3   549.4   603.8   681.7   831.5  1426.0  4758.1 18916.2  93396.9    93419
read      487.2   442.9   148.8   228.4   256.1   422.2   509.9   568.1   613.3   670.0   746.9   892.1  1366.3  5609.6 15642.4  98292.7    98284
read      419.9   447.5   148.8   205.4   221.0   354.4   433.1   482.0   520.1   569.3   636.8   776.0  1416.0  4741.3 14336.5  71320.9    71313
read      415.9   407.5   148.8   202.1   216.3   353.6   441.8   495.4   536.1   585.6   648.1   766.1  1282.1  3885.8 14193.7  42027.2    42089
read      423.1   467.0   148.8   203.3   218.1   355.8   442.9   497.0   538.8   590.6   658.7   790.0  1358.9  4051.9 18021.5  46521.8    46458
read      418.0   423.6   148.8   201.8   215.6   353.5   453.8   507.0   545.2   588.3   640.8   748.4  1222.2  5064.6 15099.4  30743.1    30755
read      427.3   398.5   148.8   203.9   218.8   359.1   449.7   505.4   548.2   602.1   670.4   801.0  1388.2  4807.0 10572.5  42884.1    42889
read      451.9   403.0   148.8   216.6   237.6   389.1   468.9   521.3   562.8   617.0   695.6   849.9  1392.6  4458.2 14497.7  93727.3    93552
read      419.1   436.4   148.8   204.9   220.3   353.2   432.6   481.7   520.4   570.2   637.6   771.5  1386.7  5110.0 16250.6  65586.1    65694
read      418.0   437.7   148.8   201.6   215.6   355.5   455.6   508.7   546.0   587.6   638.8   740.1  1200.2  5043.6 15838.6  29506.9    29574
read      442.3   504.5   148.8   204.4   219.8   361.3   449.3   503.2   545.5   599.7   675.8   842.6  1689.1  6828.7 16126.4  51342.1    51355
read      421.5   496.6   148.8   203.3   218.4   349.8   428.0   476.2   515.1   564.8   634.0   780.5  1510.6  5819.1 22079.0  67309.9    67361
read      464.1   819.9   148.8   204.2   219.2   388.9   462.4   500.3   530.2   570.0   635.3   768.9  1825.0 10025.6 32180.6  16278.5    16287
read      428.4   506.9   148.8   206.4   223.0   359.2   435.4   483.8   522.0   572.1   642.7   792.6  1430.2  6278.7 21335.5  81415.3    81508
read      420.0   405.5   148.8   208.6   226.2   362.5   436.7   483.8   521.0   570.2   639.1   777.5  1263.6  3898.5 16644.3  87665.0    87619
read      456.6   565.5   148.8   218.0   239.4   388.8   468.2   521.9   564.8   619.6   695.6   842.5  1348.3  6087.2 18079.4  98919.0    99068
read      412.3   367.0   148.8   201.9   216.3   349.6   432.9   486.0   527.8   579.4   643.1   768.3  1336.3  3514.2 10462.8  51395.9    51267
read      459.4   736.7   160.7   208.5   225.5   384.4   444.3   477.2   504.0   542.9   605.3   741.9  2074.7  9147.2 31068.4  11834.3    11822
read      480.6   483.1   148.8   221.1   245.2   407.1   494.1   552.2   599.4   660.4   746.4   912.5  1556.7  5112.0 17139.4  97298.8    97494
read      456.4   435.9   148.8   217.8   239.4   391.0   471.3   526.0   569.1   623.7   701.6   848.7  1340.9  5585.0 15124.1  97185.8    97350
read      417.8   443.3   148.8   202.7   217.0   350.5   433.1   485.1   526.4   579.3   647.0   779.1  1360.5  4898.0 16968.9  55580.4    55460
read      419.3   489.8   148.8   206.9   223.8   357.6   432.5   478.8   515.8   564.3   632.7   766.4  1235.8  5392.6 18640.9  85718.4    85984
read      424.0   462.5   148.8   206.7   223.6   360.2   436.4   484.6   522.3   572.0   641.6   788.6  1328.7  4938.6 16964.2  82205.2    82043
read      413.8   346.7   148.8   202.7   217.1   350.9   434.8   488.2   530.2   581.8   648.2   772.2  1318.1  4099.9 10736.0  52700.4    52873
read      475.6   876.9   148.8   207.6   223.4   390.6   456.6   490.8   515.6   549.1   610.0   764.7  2560.7 10181.9 31957.5  13881.0    13911
read      416.3   386.3   148.8   202.1   216.4   348.9   433.6   488.9   532.3   586.1   654.9   789.8  1376.0  4141.5 13269.2  50054.8    49984
read      504.5  1069.0   160.7   215.8   234.6   385.8   440.1   471.8   500.7   540.6   606.0   796.1  3637.0 12895.6 32170.3   9288.6     9274
read      439.0   583.0   148.8   202.6   216.6   363.5   465.5   518.1   554.9   597.8   655.0   784.6  1367.1  8255.8 30223.1  27102.7    27187
read      493.7   890.0   148.8   205.5   220.8   393.9   479.9   525.4   560.4   607.5   688.8   852.7  2515.9 11406.3 31586.3  18732.7    18735
read      428.4   440.5   148.8   210.3   228.2   366.6   443.1   491.4   529.5   579.5   651.9   796.0  1304.9  4860.6 16600.4  86359.7    86505
read      463.8   514.4   148.8   216.3   237.2   391.0   474.0   529.6   574.2   631.7   717.0   875.9  1452.4  6574.6 20428.9  92894.5    93039
read      419.0   425.5   148.8   205.8   221.9   355.9   434.0   482.0   519.4   568.0   636.1   772.4  1363.6  4494.4 13923.6  76206.3    75999
read      422.3   481.6   148.8   201.4   215.5   354.5   451.5   507.0   546.9   592.6   648.9   759.5  1252.9  5484.2 16211.4  32341.4    32324
read      430.3   425.1   148.8   208.9   226.5   365.1   442.8   491.6   530.5   580.5   651.8   798.1  1417.6  4998.6 14387.6  84245.8    84255
read      433.8   479.0   148.8   209.4   227.0   368.1   447.2   495.7   534.4   584.2   654.8   796.7  1380.2  5747.1 17923.9  81738.2    81759
read      421.1   454.0   148.8   202.2   216.6   354.9   447.9   505.3   548.1   597.1   656.8   766.9  1273.1  4726.1 15570.4  37322.5    37291
read      422.7   415.0   148.8   204.0   218.9   355.9   440.6   493.5   534.9   587.2   659.0   796.7  1412.0  4194.1 16202.5  53842.7    53818
read      420.7   436.6   148.8   201.5   216.0   355.9   456.9   512.0   550.5   594.2   648.6   751.1  1206.7  4896.7 14692.5  30340.9    30297
read      444.8   626.4   148.8   202.3   216.8   357.7   457.6   513.9   554.3   600.6   661.3   799.8  1546.0  7741.1 30771.3  31555.6    31569
read      431.9   458.0   148.8   203.4   218.2   361.3   454.9   512.8   557.5   609.2   675.3   806.0  1371.9  4779.8 15873.7  38973.9    38927
read      498.5  1181.4   148.8   212.7   230.5   384.6   442.5   474.5   501.9   539.5   595.5   723.5  3536.9 13981.4 37672.7  10594.2    10652
read      442.7   457.4   148.8   219.0   240.1   388.5   465.6   514.0   551.6   599.1   664.5   771.5  1111.7  6246.5 16001.3  98049.0    98119
read      407.6   306.9   148.8   203.5   218.1   354.7   439.1   490.9   531.4   580.5   638.9   731.2  1161.3  3126.5 10984.9  48292.5    48176
read      409.7   349.4   148.8   201.5   215.8   351.0   444.6   500.9   541.0   586.3   638.8   725.1  1168.1  4169.3 12525.9  35080.8    34929
read      424.5   562.1   148.8   204.7   220.1   352.6   431.1   478.7   515.5   562.1   626.3   740.3  1593.7  7266.3 29114.6  69866.1    69735
read      397.2   318.0   148.8   202.9   216.5   364.2   451.6   490.8   516.7   545.9   583.2   638.5   917.8  4392.5 10759.9  20764.1    20753
read      400.0   358.4   148.8   206.1   222.3   350.7   423.7   466.9   500.4   541.8   597.9   693.1  1148.5  3635.9 13765.0  84632.7    84642
read      402.8   364.3   148.8   201.4   215.5   351.2   434.9   487.1   526.6   572.7   627.7   708.3  1057.3  4032.5 12620.9  42411.2    42333
read      397.9   333.3   148.8   203.3   217.8   348.3   426.5   472.8   508.6   553.8   613.8   703.9  1065.8  3155.9 12649.9  61503.7    61587
read      402.3   396.5   148.8   205.7   221.6   352.2   428.1   471.6   505.4   547.3   604.7   697.2  1080.6  3945.7 13826.5  77898.9    77998
read      403.5   374.7   148.8   210.7   228.9   360.3   428.4   469.3   501.5   541.7   595.6   687.5   962.1  3651.1 14948.8  97623.0    97625
read      405.3   484.6   148.8   202.1   215.9   356.8   452.6   498.1   527.8   560.2   598.2   658.8   928.3  5825.8 20894.4  23756.9    23781
read      392.2   307.0   148.8   203.0   217.3   345.1   421.3   466.2   500.8   543.6   600.7   687.6  1044.5  2622.1 12523.3  66795.6    66723
read      399.2   367.3   148.8   199.6   213.6   345.3   439.3   492.7   528.9   568.7   615.0   682.2   987.4  4701.7 12889.9  31001.1    31016
read      405.3   390.3   148.8   202.8   217.3   352.3   434.2   484.9   524.1   572.4   629.7   713.4  1078.7  4140.9 13227.0  47385.5    47394
read      380.3   271.3   148.8   205.3   221.7   343.6   407.3   446.1   474.4   509.9   559.2   641.1   894.9  2653.6 10142.2  95228.8    95335
read      382.6   526.2   160.7   232.7   257.8   340.3   367.7   383.4   395.0   408.1   429.7   470.0  1385.8  8437.2 17300.5   5250.7     5252
read      365.2   210.3   148.8   199.4   213.7   330.3   400.3   442.6   474.2   512.9   561.2   627.6   778.5  1534.2  8627.3  65752.2    65908
read      380.9   318.0   148.8   204.9   220.1   369.6   433.2   460.5   478.5   498.8   524.2   561.0   678.4  4172.3 13960.5  16979.6    16889
read      377.9   233.7   148.8   201.2   216.3   338.4   419.5   469.7   504.9   542.7   585.7   641.8   804.1  1454.5  7996.7  42781.3    42912
read      369.8   192.1   148.8   207.8   224.6   343.0   403.1   438.3   464.9   497.4   540.4   610.5   773.7  1669.9  7444.2  99824.1    99898
read      379.5   278.8   148.8   198.9   213.4   343.1   438.9   481.3   507.2   535.3   568.3   616.1   743.5  2255.7 12403.1  26359.5    26385
read      379.9   276.1   148.8   200.8   215.4   355.8   442.3   478.2   500.9   526.0   553.6   595.3   727.4  2315.5 12051.5  22613.7    22616

Total QPS = 51569.8 (46412816 / 900.0s)

Total connections = 64
Misses = 0 (0.0%)
Skipped TXs = 0 (0.0%)

RX 11463965058 bytes :   12.1 MB/s
TX          0 bytes :    0.0 MB/s
Warning! Detected max cpu usage > 95%
CPU Usage Stats (avg/min/max): 99.96%,49.49%,100.00%
