Random waveform, supplied seed
Total number of intervals = 74 (7434, 67201, 85927, 63953, 31595, 87879, 7287, 62295, 6561, 22532, 60653, 59076, 60154, 22964, 8172, 27652, 37594, 24367, 33771, 84944, 85666, 51918, 34406, 28664, 38289, 20658, 13840, 93419, 98284, 71313, 42089, 46458, 30755, 42889, 93552, 65694, 29574, 51355, 67361, 16287, 81508, 87619, 99068, 51267, 11822, 97494, 97350, 55460, 85984, 82043, 52873, 13911, 49984, 9274, 27187, 18735, 86505, 93039, 75999, 32324, 84255, 81759, 37291, 53818, 30297, 31569, 38927, 10652, 98119, 48176, 34929, 69735, 20753, 84642)
Average QPS expected = 51606
Timestamp start: 1715818314710
Timestamp end: 1715819055580

#type       avg     std     min      p5     p10     p50     p67     p75     p80     p85     p90     p95     p99    p999   p9999      QPS   target
read      427.1   859.8    80.4   146.2   177.6   346.5   403.3   437.6   463.7   493.9   535.8   634.9  2207.5 12096.9 31946.1   7439.8     7434
read      372.2   409.3    68.9   131.4   150.8   309.1   396.4   452.5   496.1   547.7   615.7   725.7  1529.1  4104.0 13300.9  67273.5    67201
read      365.0   321.3    68.9   135.1   156.3   318.1   401.7   455.3   496.1   545.2   610.5   711.4  1027.4  2871.5 11744.7  85922.2    85927
read      380.9   440.0    74.4   133.5   153.5   320.4   410.2   466.9   509.9   563.6   628.7   731.3  1453.8  4271.9 15819.5  63965.8    63953
read      361.0   351.0    74.4   124.6   142.1   308.2   418.9   486.0   527.2   569.9   617.3   683.5   950.5  3792.2 11522.4  31479.0    31595
read      398.5   580.0    74.4   136.7   158.9   322.9   406.0   461.1   503.8   557.2   629.9   757.3  1654.0  8042.0 28383.7  87865.9    87879
read      388.8   647.0    86.8   153.7   185.8   341.0   390.6   419.6   441.7   469.1   505.3   574.5  1415.8  9518.6 27771.3   7273.6     7287
read      351.9   313.2    68.9   128.8   147.2   304.3   388.8   443.5   486.1   536.8   598.5   687.6  1021.1  2896.2  8990.9  62155.7    62295
read      406.8   851.5    86.8   159.6   193.0   337.9   385.2   413.3   435.1   464.2   501.9   582.6  1792.4 12287.2 32233.6   6568.1     6561
read      446.8   919.3    74.4   126.1   145.5   352.0   470.7   530.9   573.6   625.4   697.7   826.5  1670.3 15137.9 34484.3  22480.1    22532
read      351.6   245.3    74.4   130.9   149.9   311.7   394.5   445.7   486.0   534.9   595.7   685.5   980.3  2029.1  8008.4  60518.5    60653
read      355.5   303.1    74.4   128.3   146.5   309.7   394.7   449.2   492.0   542.9   605.7   693.5  1056.6  2286.6 12091.2  58996.5    59076
read      350.2   254.9    74.4   128.8   147.0   308.1   393.2   448.0   490.7   541.7   602.2   686.0   961.9  1933.3  8251.5  60275.3    60154
read      495.5  1320.6    74.4   127.3   146.6   347.8   466.3   524.6   565.5   617.5   694.3   853.1  2318.4 18973.9 35328.4  22920.4    22964
read      398.4   800.2    80.4   148.2   176.3   345.2   399.2   431.0   454.8   482.8   521.1   589.5  1514.3  9540.1 35451.5   8189.6     8172
read      393.1   748.2    74.4   124.0   141.7   315.0   431.0   494.4   533.7   576.5   628.6   720.7  1131.5  9738.5 31841.3  27787.1    27652
read      345.9   281.2    74.4   122.4   140.1   297.1   391.9   458.2   503.7   550.4   603.6   676.1   878.2  2177.5  8632.4  37636.2    37594
read      548.0  1741.6    74.4   125.0   144.3   343.7   468.5   535.1   583.8   645.8   743.3   929.2  2657.4 29805.2 38543.2  24400.1    24367
read      370.2   514.2    74.4   123.2   140.9   302.5   408.5   477.9   521.9   568.9   624.4   711.0  1099.5  6727.4 20234.5  33860.5    33771
read      356.1   304.2    74.4   132.8   153.3   308.7   391.1   443.3   483.8   532.7   595.1   693.9  1048.2  2876.7 10085.5  84850.6    84944
read      358.1   344.7    74.4   133.5   154.4   311.7   392.1   442.9   482.2   530.3   591.9   690.3  1044.3  2943.2 12404.4  85711.0    85666
read      349.5   292.4    68.9   129.9   148.3   311.1   391.4   441.9   482.4   530.1   588.1   675.9   945.9  1951.3  8698.3  51965.5    51918
read      361.6   345.7    74.4   126.0   143.8   307.6   412.0   480.8   524.9   570.9   622.4   692.4   937.5  3859.0 11705.1  34462.0    34406
read      379.5   431.8    74.4   128.1   145.7   319.5   421.3   481.9   523.5   569.5   626.1   723.2  1263.5  5048.2 14868.6  28704.0    28664
read      358.4   328.7    74.4   128.0   145.8   313.2   402.3   462.3   504.9   552.2   607.7   687.4   984.3  2313.9 12485.8  38282.1    38289
read      510.3  1326.9    74.4   130.3   150.2   367.2   486.0   550.3   598.1   657.1   733.4   861.3  2136.8 19977.4 36737.5  20650.9    20658
read      428.0   924.9    80.4   136.1   156.8   359.9   440.0   482.4   510.1   545.3   590.8   682.6  1456.6 13732.2 37108.4  13829.7    13840
read      368.1   453.1    74.4   137.8   158.9   315.6   396.6   446.8   485.4   533.3   595.3   698.2  1031.3  5250.8 17439.7  93466.9    93419
read      366.5   464.1    68.9   137.9   159.7   312.9   392.4   441.6   479.8   526.9   587.1   683.4   978.0  7707.4 17146.8  98143.1    98284
read      354.1   274.7    74.4   132.5   152.2   310.7   396.3   450.8   491.5   539.5   599.1   688.7   968.3  2116.9  8083.1  71301.9    71313
read      362.2   316.8    68.9   128.1   146.5   312.0   407.5   474.2   521.5   572.9   629.9   708.2   931.5  2237.7  9447.6  42156.0    42089
read      362.3   312.1    74.4   129.0   147.4   314.8   405.4   467.1   512.3   563.7   623.0   705.2   958.4  2764.3 13026.3  46289.6    46458
read      361.2   372.3    74.4   125.7   143.2   312.1   420.9   487.2   528.2   570.1   617.0   681.8   882.0  2642.8 11995.0  30812.4    30755
read      352.7   249.3    68.9   126.2   144.1   309.3   399.0   461.4   507.2   557.4   613.4   687.4   888.1  1927.3  9213.5  42991.0    42889
read      363.3   292.1    68.9   137.4   159.4   318.9   400.7   452.6   491.8   539.0   601.4   702.9  1035.7  2352.9 10464.3  93725.9    93552
read      353.0   265.0    74.4   131.6   150.8   310.9   397.3   451.1   491.8   540.0   599.5   685.5   934.2  2061.4  9074.5  65684.4    65694
read      357.3   294.2    68.9   125.4   143.1   313.3   416.5   479.1   518.2   559.2   605.2   670.0   866.1  3597.5  9916.5  29544.4    29574
read      352.4   292.9    68.9   127.6   145.7   309.0   394.5   451.6   495.4   546.2   606.0   686.7   924.5  2000.9 13168.6  51330.6    51355
read      380.5   457.3    68.9   135.1   155.4   324.4   414.6   470.6   513.0   563.7   626.8   727.6  1188.9  4528.5 17423.7  67455.3    67361
read      361.5   362.2    74.4   130.0   149.3   340.4   421.9   462.8   489.1   517.5   551.1   612.0   818.2  4335.1 12384.3  16333.5    16287
read      351.2   284.5    68.9   130.0   149.4   307.1   389.2   440.7   480.7   529.4   590.7   686.1   989.7  2636.1  8778.8  81618.3    81508
read      351.9   273.3    74.4   132.6   152.7   309.4   390.3   440.9   481.3   530.4   591.7   685.7   957.3  2393.8  8114.4  87559.6    87619
read      359.9   292.0    68.9   137.8   159.5   318.5   397.9   447.9   486.4   533.5   594.4   693.3   966.8  2271.2 11540.2  99076.7    99068
read      355.0   329.1    74.4   127.3   145.3   309.2   396.1   452.9   496.2   546.6   607.7   689.8   968.4  2513.9  9754.2  51283.6    51267
read      351.6   390.7    80.4   134.9   155.6   333.0   390.8   422.8   446.0   470.8   502.9   554.9   769.8  5614.9 11243.4  11807.9    11822
read      359.3   290.3    74.4   137.0   158.5   316.9   396.5   446.5   485.2   532.3   593.2   689.9   988.1  2499.6 10523.8  97407.5    97494
read      358.0   319.1    68.9   136.5   157.9   315.2   394.5   444.0   482.5   529.9   590.6   687.9   952.9  3080.2 12372.8  97461.2    97350
read      349.6   285.8    74.4   127.8   146.0   311.7   393.7   444.7   484.0   530.4   587.5   671.7   912.5  2027.6 11219.4  55535.5    55460
read      355.5   296.2    68.9   131.3   151.7   313.2   395.3   446.6   485.8   533.1   594.1   690.5   971.4  2484.6 10526.2  86004.5    85984
read      362.7   305.5    68.9   134.2   154.5   318.1   402.8   456.2   496.2   545.0   611.0   711.1  1001.9  2405.0 11711.6  82190.3    82043
read      349.9   290.4    74.4   126.8   144.5   305.6   391.1   448.1   492.7   543.7   605.3   686.9   919.9  1879.1 10093.4  52831.8    52873
read      369.7   527.8    80.4   135.5   155.3   345.8   415.6   452.5   477.0   504.0   539.4   595.0   856.9  5752.3 30400.0  13935.3    13911
read      347.6   294.9    74.4   127.5   145.2   303.2   387.9   445.9   490.9   541.3   600.4   680.7   904.5  2068.3  9369.2  49944.3    49984
read      350.5   491.0    80.4   144.2   168.6   331.0   379.2   403.8   424.4   448.0   477.2   527.0   737.7  5758.4 26296.8   9305.7     9274
read      347.9   275.4    68.9   123.0   140.2   306.9   418.0   478.3   514.2   550.0   590.9   647.9   813.3  1553.1  9179.8  27123.2    27187
read      360.8   375.5    74.4   127.5   146.3   336.8   428.6   472.1   499.6   528.8   562.7   615.4   785.3  4395.4 10752.9  18733.6    18735
read      347.0   259.5    68.9   131.0   150.7   306.4   387.2   438.1   477.8   525.4   585.3   675.0   916.2  2128.6  8412.4  86608.4    86505
read      367.0  1447.8    68.9   133.8   154.8   312.8   391.2   441.4   481.4   530.4   591.9   685.1   960.6  2343.6 56487.4  93121.8    93039
read      347.1   302.3    74.4   128.3   146.9   306.0   389.2   440.8   480.6   528.1   586.8   674.5   893.6  2098.3 10682.1  75952.4    75999
read      347.7   264.4    68.9   121.8   138.9   299.5   407.4   476.5   518.8   560.6   607.0   668.8   809.0  1800.1  9532.5  32435.3    32324
read      346.2   254.9    68.9   129.6   149.0   307.1   388.5   438.3   477.6   525.3   585.2   674.7   903.0  1931.1  9665.9  84367.5    84255
read      347.8   299.1    68.9   129.1   148.4   305.1   387.7   438.5   478.0   525.5   585.4   675.4   920.5  2797.2  9348.8  81757.4    81759
read      348.5   302.9    68.9   122.8   140.1   298.7   397.2   466.8   512.4   558.6   608.8   673.7   846.8  1914.0 13189.4  37234.9    37291
read      348.0   232.9    68.9   125.8   143.9   306.1   392.5   450.9   495.6   546.8   607.2   687.5   889.8  1838.7  6513.0  53799.4    53818
read      354.5   397.9    68.9   122.9   139.9   302.3   409.2   474.7   514.1   554.9   600.8   666.6   868.1  4083.4 15759.0  30393.1    30297
read      354.3   296.9    74.4   123.6   141.1   304.1   411.4   480.0   521.7   564.0   611.5   677.7   867.5  2700.9 10460.6  31481.2    31569
read      350.0   272.4    74.4   124.6   142.4   303.5   397.8   463.1   507.7   554.9   607.2   677.8   898.7  1814.1  9913.8  38786.7    38927
read      323.7   395.9    80.4   130.5   150.5   304.9   355.7   384.9   405.0   432.1   466.1   517.0   688.2  4831.0 12806.7  10684.6    10652
read      356.2   265.9    74.4   134.6   156.1   313.9   394.2   444.7   483.8   531.1   591.2   689.2  1004.2  2104.1  8138.4  98033.6    98119
read      348.5   332.3    68.9   125.4   143.6   306.6   392.7   450.0   492.8   540.6   594.2   666.7   839.0  2077.0 10693.4  48241.3    48176
read      332.6   252.5    68.9   123.3   141.1   292.5   386.6   448.3   488.4   529.0   573.3   629.0   737.2  1410.6 10257.6  34955.1    34929
read      328.5   220.1    68.9   125.7   144.7   300.9   375.3   420.9   455.8   496.8   546.9   619.4   760.1  1459.1  8255.5  69855.1    69735
read      334.6   252.4    68.9   126.0   144.3   312.9   399.1   444.3   472.3   500.5   533.8   581.9   692.6  1668.9 10491.1  20677.5    20753
read      333.8   212.2    68.9   129.8   149.2   301.9   380.3   428.2   465.1   508.4   564.2   641.5   792.9  1176.5  5327.5  84613.8    84642

Total QPS = 51615.1 (38195168 / 740.0s)

Total connections = 64
Misses = 0 (0.0%)
Skipped TXs = 0 (0.0%)

RX 9434206496 bytes :   12.2 MB/s
TX          0 bytes :    0.0 MB/s
Warning! Detected max cpu usage > 95%
CPU Usage Stats (avg/min/max): 100.00%,47.96%,100.00%
