Random waveform, supplied seed
Total number of intervals = 90 (7434, 67201, 85927, 63953, 31595, 87879, 7287, 62295, 6561, 22532, 60653, 59076, 60154, 22964, 8172, 27652, 37594, 24367, 33771, 84944, 85666, 51918, 34406, 28664, 38289, 20658, 13840, 93419, 98284, 71313, 42089, 46458, 30755, 42889, 93552, 65694, 29574, 51355, 67361, 16287, 81508, 87619, 99068, 51267, 11822, 97494, 97350, 55460, 85984, 82043, 52873, 13911, 49984, 9274, 27187, 18735, 86505, 93039, 75999, 32324, 84255, 81759, 37291, 53818, 30297, 31569, 38927, 10652, 98119, 48176, 34929, 69735, 20753, 84642, 42333, 61587, 77998, 97625, 23781, 66723, 31016, 47394, 95335, 5252, 65908, 16889, 42912, 99898, 26385, 22616)
Average QPS expected = 51583
Timestamp start: 1715638933182
Timestamp end: 1715639833709

#type       avg     std     min      p5     p10     p50     p67     p75     p80     p85     p90     p95     p99    p999   p9999      QPS   target
read      475.2   982.4   173.5   237.2   262.4   395.9   435.7   462.0   482.2   507.1   546.3   629.6  1642.2 13241.3 32470.1   7449.4     7434
read      426.3   426.0   148.8   219.0   234.6   363.6   439.1   490.3   530.2   580.1   648.9   777.4  1275.2  4342.2 12719.3  67120.4    67201
read      441.4   422.7   160.7   223.1   242.0   382.7   459.7   508.2   547.5   599.5   676.0   808.6  1269.4  3592.2 16691.1  86004.8    85927
read      429.3   468.4   160.7   219.5   235.2   367.7   445.9   498.7   539.6   590.1   662.5   796.6  1295.5  2701.8 15065.9  63997.8    63953
read      500.6  2543.3   160.7   221.4   240.6   431.1   520.6   579.0   619.9   666.7   725.8   812.1  1172.0  4470.6 214877.9  31625.5    31595
read      423.0   436.8   148.8   215.9   233.4   365.7   440.0   487.1   523.8   571.1   636.6   756.8  1172.4  4971.2 14565.7  87792.2    87879
read      443.6   589.1   173.5   239.4   263.3   413.1   455.3   476.4   493.5   511.2   540.2   593.3   996.3  8099.7 30560.1   7337.4     7287
read      420.4   405.4   148.8   213.4   229.0   356.3   437.6   491.3   534.7   588.7   658.2   762.6  1276.8  3441.5 14306.5  62234.1    62295
read      456.8   684.4   160.7   242.3   268.5   402.4   447.6   472.5   494.3   519.6   555.5   632.9  1621.2  8335.7 31798.4   6615.3     6561
read      494.0   737.4   160.7   212.9   229.3   412.2   523.5   576.3   614.0   661.2   737.4   894.4  1526.9 10351.1 31449.2  22585.6    22532
read      412.6   409.3   160.7   210.2   226.0   355.2   432.3   482.1   521.8   570.6   632.0   732.8  1211.7  3676.0 13852.5  60699.8    60653
read      410.6   338.9   148.8   210.8   226.4   354.7   433.4   484.7   525.9   576.9   639.1   737.6  1171.5  2512.6 12786.0  59107.7    59076
read      418.2   447.3   160.7   211.5   227.0   355.6   436.2   488.4   529.8   580.3   643.8   743.3  1227.5  4197.7 14387.0  60151.3    60154
read      464.1   585.3   160.7   214.9   230.8   397.3   508.4   557.1   589.5   627.4   679.7   802.5  1387.7  7971.9 29563.7  22965.7    22964
read      469.4   775.9   160.7   233.5   256.0   406.1   455.3   482.6   503.3   531.4   572.1   664.0  1777.4 10534.2 30443.2   8182.8     8172
read      430.3   393.4   148.8   211.4   226.9   372.1   483.8   538.4   574.2   612.6   658.2   740.6  1119.3  3389.8 15756.4  27659.0    27652
read      422.4   319.6   148.8   211.1   226.9   366.0   464.8   526.2   567.5   610.1   659.2   736.4  1125.1  2823.6 12360.0  37686.8    37594
read      464.4   523.5   160.7   214.2   230.4   403.0   516.9   565.9   596.9   633.0   683.4   803.8  1337.9  7400.0 27613.8  24392.8    24367
read      427.9   382.1   160.7   210.6   226.2   370.2   476.3   534.8   573.3   613.2   658.5   731.3  1127.5  4119.0 12561.0  33821.9    33771
read      412.9   379.8   148.8   214.3   230.8   359.3   433.1   477.8   512.4   556.3   619.0   731.5  1147.1  4065.1 11913.4  84917.0    84944
read      420.1   378.3   148.8   215.6   232.7   363.7   437.5   483.7   519.9   566.6   632.8   760.0  1264.6  3804.9 13337.6  85530.9    85666
read      422.9   342.1   148.8   212.3   228.1   363.6   450.5   504.0   546.0   595.9   661.3   771.0  1239.1  3226.6 11482.4  51906.1    51918
read      434.3   364.1   148.8   210.9   226.4   373.7   481.3   541.7   582.6   627.1   681.2   770.8  1160.8  4196.9 11912.3  34369.4    34406
read      435.3   374.5   160.7   210.8   226.2   381.2   493.3   549.9   587.1   626.4   672.9   744.5  1071.6  3841.9 14629.3  28712.9    28664
read      437.7   406.2   148.8   210.4   225.9   370.4   481.4   548.7   593.8   639.9   692.7   781.3  1182.7  4008.4 13778.9  38258.2    38289
read      489.2   608.5   160.7   211.8   227.8   430.4   531.6   578.5   612.7   657.3   736.3   900.0  1465.9  8295.0 27463.1  20611.8    20658
read      478.3   485.0   160.7   219.9   237.3   444.8   514.1   549.2   577.8   613.3   668.2   781.9  1400.5  5695.9 17066.6  13717.0    13840
read      425.4   408.9   148.8   218.9   236.9   371.3   444.5   490.9   527.8   575.2   641.3   765.9  1114.7  4352.0 15953.3  93305.3    93419
read      466.6   427.3   148.8   228.9   253.0   408.0   490.2   542.9   584.8   637.5   712.5   844.8  1250.3  4425.1 15822.5  98088.2    98284
read      415.0   425.0   148.8   213.1   229.0   353.4   431.2   480.0   518.4   568.0   634.7   745.5  1215.0  4005.9 14659.0  71460.1    71313
read      442.2   533.6   148.8   209.6   224.9   354.1   455.5   522.7   570.2   621.9   682.5   791.1  1512.2  7212.5 28442.0  41999.9    42089
read      409.2   331.9   148.8   207.6   222.8   347.0   435.7   496.0   540.8   590.3   648.0   733.9  1174.5  2931.0 10432.6  46591.9    46458
read      428.9   726.8   148.8   207.4   222.1   352.7   470.1   530.5   568.9   608.9   653.5   730.2  1154.5  7368.4 25900.1  30685.1    30755
read      411.6   442.9   148.8   207.7   222.5   343.5   436.5   501.9   548.7   597.0   649.1   726.7  1107.8  4332.5 16138.3  42875.7    42889
read      416.4   361.3   148.8   216.4   234.0   362.1   431.0   474.4   510.0   556.1   623.5   752.9  1222.0  3208.3 15143.0  93568.3    93552
read      399.9   364.5   148.8   209.2   224.5   343.4   417.9   464.9   502.3   549.0   611.6   708.7  1139.8  3781.3 11589.7  65755.6    65694
read      413.0   366.3   160.7   207.4   222.5   357.7   463.1   518.0   552.4   588.2   631.2   702.0  1043.6  4021.5 12097.7  29565.4    29574
read      403.3   331.9   148.8   208.9   224.0   344.1   424.8   480.0   524.5   576.5   636.6   726.5  1141.2  2589.2 14254.6  51417.4    51355
read      405.9   430.1   148.8   210.4   225.9   345.6   418.5   464.4   502.3   549.2   614.4   724.5  1196.2  4820.3 16393.0  67302.4    67361
read      445.0   462.0   148.8   215.5   231.6   408.4   485.8   523.6   548.4   580.9   628.5   735.3  1213.5  6638.8 15808.2  16300.2    16287
read      401.0   407.8   160.7   211.9   228.1   348.3   416.6   459.2   493.3   537.1   598.7   707.4  1086.1  4523.9 12749.5  81346.1    81508
read      405.2   418.3   148.8   212.1   229.1   352.9   420.6   463.1   497.7   541.9   604.4   715.8  1081.8  4756.8 15040.0  87544.8    87619
read      450.1   440.7   148.8   224.8   246.9   391.5   466.6   516.1   556.3   609.4   684.7   817.4  1251.5  4125.9 17411.4  98900.1    99068
read      438.1   572.2   160.7   211.9   227.6   353.2   439.7   503.2   552.6   607.2   671.4   786.2  1533.9  6282.0 25577.5  51252.3    51267
read      468.2   673.2   160.7   224.0   242.9   420.3   485.6   518.9   543.1   575.6   621.9   713.6  1462.9  8833.8 32023.6  11870.0    11822
read      421.0   400.6   160.7   219.8   238.8   372.0   439.5   481.9   515.5   560.2   624.7   742.0  1084.7  4315.1 14435.3  97344.3    97494
read      440.3   399.6   148.8   222.7   244.2   388.0   460.5   506.5   543.9   591.7   662.5   789.9  1159.8  4260.8 13839.5  97287.4    97350
read      415.4   418.7   160.7   212.4   227.9   350.3   430.5   484.8   528.0   580.3   643.7   742.1  1246.3  4316.3 14949.2  55491.1    55460
read      411.5   373.9   160.7   215.7   232.6   359.3   428.3   470.8   505.2   548.7   612.5   725.5  1176.0  4024.0 14039.1  85983.3    85984
read      414.2   389.3   148.8   215.4   232.2   359.5   429.9   473.5   508.8   554.9   621.1   737.7  1225.2  3920.4 14750.9  82066.5    82043
read      412.1   430.0   148.8   211.4   226.7   349.2   430.7   485.8   529.6   581.0   640.8   730.9  1158.6  4022.0 15846.8  52837.1    52873
read      468.8   635.3   160.7   218.6   235.1   421.2   495.0   533.0   560.9   597.3   651.6   747.9  1414.1  7686.3 35143.0  13928.3    13911
read      411.5   375.4   160.7   212.2   227.8   348.6   432.6   491.6   537.1   588.6   645.6   732.6  1177.2  3228.0 14197.8  49975.0    49984
read      481.4   793.7   160.7   230.6   252.1   421.0   475.3   506.1   529.7   556.5   594.4   678.2  1797.7 10065.2 35436.9   9336.6     9274
read      446.0   465.3   148.8   213.5   228.6   374.7   498.6   553.2   587.4   624.8   673.0   772.6  1261.0  5979.1 13942.7  27153.8    27187
read      469.5   729.5   160.7   214.1   229.6   409.2   498.4   538.6   565.9   595.1   638.8   745.5  1628.6  8820.1 31545.5  18781.2    18735
read      416.0   427.3   148.8   215.3   232.4   363.6   433.2   475.8   509.5   554.3   618.7   735.2  1151.6  4060.8 17590.5  86535.5    86505
read      441.3   427.2   148.8   222.4   242.9   385.2   459.1   505.8   543.6   591.8   663.5   791.9  1188.3  4914.1 16744.9  93048.0    93039
read      414.7   432.9   148.8   215.2   231.3   357.4   431.1   476.8   513.6   560.3   625.2   741.1  1184.5  3998.1 13868.7  75955.7    75999
read      426.5   420.2   160.7   212.7   228.0   359.1   470.8   533.4   572.6   613.7   661.8   739.0  1100.8  4487.5 14988.9  32341.2    32324
read      424.5   459.7   148.8   216.5   233.5   366.0   439.9   486.7   523.3   570.5   635.9   756.2  1196.7  5195.1 13881.8  84275.5    84255
read      422.6   487.2   148.8   215.3   232.2   363.8   436.3   482.6   518.9   566.0   632.2   749.2  1178.5  5220.6 19064.0  81772.2    81759
read      424.2   410.8   160.7   212.1   227.9   358.6   455.6   517.5   559.8   605.2   657.2   740.6  1149.9  4640.2 13900.7  37310.5    37291
read      417.8   402.1   148.8   213.7   229.3   355.0   435.9   491.7   535.2   586.3   649.1   745.9  1215.2  3528.7 13855.1  53819.7    53818
read      432.6   426.3   148.8   211.6   226.8   363.8   484.8   544.7   581.6   620.0   665.5   741.2  1150.9  5168.6 14159.5  30245.6    30297
read      446.0   550.9   160.7   213.5   228.8   366.5   481.8   544.3   584.0   626.2   676.2   761.0  1305.7  7730.2 26742.9  31552.6    31569
read      429.2   451.3   160.7   210.8   226.1   355.4   455.2   519.6   564.4   612.7   669.1   760.9  1278.0  5754.4 16607.4  38963.9    38927
read      460.0   512.0   160.7   225.7   245.3   415.8   481.8   519.5   548.0   586.6   638.1   739.7  1193.3  7769.5 17748.4  10748.8    10652
read      463.8   433.9   160.7   229.6   254.3   404.0   484.1   536.0   577.3   630.0   705.8   837.1  1213.9  5497.7 14378.0  98156.8    98119
read      417.5   422.9   148.8   211.8   227.2   352.4   437.8   497.2   542.2   592.3   652.6   743.6  1165.0  5342.0 16244.9  48147.1    48176
read      425.0   397.7   160.7   211.3   226.7   359.9   469.2   532.4   572.8   615.3   664.7   742.4  1087.3  3955.0 12871.0  34903.1    34929
read      434.7   633.8   160.7   213.3   229.6   359.7   437.4   486.6   524.9   572.3   634.7   744.1  1377.3  8868.0 30718.5  69724.3    69735
read      418.1   407.8   160.7   208.9   223.7   386.0   480.4   521.1   546.9   576.5   612.4   670.5   916.2  4165.2 11725.9  20738.9    20753
read      394.2   343.2   148.8   212.5   228.5   349.3   418.6   459.9   492.1   531.9   585.2   674.8   947.4  3438.1 12679.0  84674.4    84642
read      422.0   321.6   160.7   210.6   226.1   360.3   464.9   532.9   579.0   626.8   680.2   753.7   996.0  2769.6 11789.7  42324.4    42333
read      407.3   363.0   148.8   212.5   227.8   350.8   431.5   482.4   523.1   573.4   635.1   725.0   994.0  3804.0 12985.1  61726.2    61587
read      392.0   347.4   160.7   210.7   226.2   343.7   414.0   457.0   490.3   532.8   590.0   682.0   977.9  3186.9 14235.8  78098.1    77998
read      402.3   411.0   148.8   216.9   234.8   359.4   423.2   462.3   493.2   532.1   585.5   677.2   937.3  3812.9 16778.0  97493.0    97625
read      410.4   344.3   148.8   208.6   223.5   370.5   478.9   525.1   554.1   585.0   621.6   675.3   852.3  2656.1 10356.4  23747.9    23781
read      384.1   204.1   148.8   211.3   226.8   345.7   419.9   464.4   498.9   540.3   592.5   666.8   807.6  1704.8  8066.1  66786.8    66723
read      404.8   458.8   148.8   210.3   226.0   357.5   467.9   523.8   558.3   591.9   628.0   676.4   783.1  1422.6  9344.6  31117.5    31016
read      393.5   214.9   148.8   210.3   226.1   351.2   435.0   492.2   532.7   574.9   620.2   679.3   799.6  1427.1  8116.9  47369.3    47394
read      375.6   167.0   148.8   216.4   233.4   351.1   411.1   445.9   470.9   502.7   543.8   612.0   772.8  1256.4  6178.1  95460.7    95335
read      401.2   413.2   160.7   252.9   282.7   379.1   407.8   424.7   435.2   451.9   469.8   506.7   681.1  7630.6 17923.5   5249.6     5252
read      379.1   201.0   148.8   211.3   226.7   344.8   416.9   459.5   492.0   531.2   579.7   645.3   776.9  1263.6  7315.3  65770.9    65908
read      403.7   233.5   148.8   219.5   235.5   400.1   469.9   499.9   519.7   540.7   567.3   604.0   690.6  2340.3  9637.3  16863.8    16889
read      392.0   222.6   148.8   210.2   225.8   349.2   434.6   490.7   530.4   571.5   615.2   671.1   785.7  1450.7  8673.9  42966.6    42912
read      373.8   262.2   148.8   216.3   233.6   351.4   408.2   441.2   466.0   496.8   537.3   602.6   754.3  1095.1  5984.9  99945.5    99898
read      408.2   272.8   148.8   212.2   228.5   370.5   472.0   517.5   545.1   574.6   609.3   664.8   864.4  2226.9  9685.5  26460.4    26385
read      420.6   250.5   160.7   216.4   232.9   397.7   493.0   532.2   557.1   584.5   619.7   674.2   862.1  2005.5 10152.0  22665.0    22616

Total QPS = 51582.5 (46424264 / 900.0s)

Total connections = 64
Misses = 0 (0.0%)
Skipped TXs = 0 (0.0%)

RX 11466793455 bytes :   12.2 MB/s
TX          0 bytes :    0.0 MB/s
Warning! Detected max cpu usage > 95%
CPU Usage Stats (avg/min/max): 99.95%,49.50%,100.00%
