Random waveform, supplied seed
Total number of intervals = 624 (7434, 67201, 85927, 63953, 31595, 87879, 7287, 62295, 6561, 22532, 60653, 59076, 60154, 22964, 8172, 27652, 37594, 24367, 33771, 84944, 85666, 51918, 34406, 28664, 38289, 20658, 13840, 93419, 98284, 71313, 42089, 46458, 30755, 42889, 93552, 65694, 29574, 51355, 67361, 16287, 81508, 87619, 99068, 51267, 11822, 97494, 97350, 55460, 85984, 82043, 52873, 13911, 49984, 9274, 27187, 18735, 86505, 93039, 75999, 32324, 84255, 81759, 37291, 53818, 30297, 31569, 38927, 10652, 98119, 48176, 34929, 69735, 20753, 84642, 42333, 61587, 77998, 97625, 23781, 66723, 31016, 47394, 95335, 5252, 65908, 16889, 42912, 99898, 26385, 22616, 50605, 90283, 26273, 48521, 34058, 75648, 19482, 15054, 75754, 5187, 17656, 96343, 36665, 85269, 31525, 61798, 12253, 25710, 79937, 7271, 85861, 91467, 72217, 31080, 76878, 84584, 12492, 57106, 96245, 6791, 90728, 5151, 82969, 42635, 99337, 95192, 69200, 49459, 29055, 64324, 5705, 84816, 23714, 74116, 19948, 44213, 19454, 7190, 47657, 44399, 6481, 5807, 83137, 9580, 37385, 33706, 35204, 50438, 48878, 42682, 27416, 64424, 64364, 5481, 26227, 26586, 86286, 24452, 26832, 29795, 46224, 84587, 63389, 46953, 90536, 12508, 38491, 97806, 11813, 39665, 53571, 63215, 78767, 8615, 67903, 16398, 53434, 38068, 9130, 69227, 37496, 83925, 51037, 33690, 51474, 73708, 98618, 81977, 91567, 48236, 91726, 52458, 70467, 71151, 65016, 42057, 78821, 60720, 39911, 10628, 73736, 7334, 91868, 76670, 10405, 26019, 55530, 29615, 66057, 55281, 21177, 88239, 70227, 23421, 97104, 6235, 58045, 23729, 40897, 53312, 87262, 81836, 92274, 47252, 75747, 80994, 98224, 7737, 37514, 10640, 90490, 92514, 89245, 73823, 46565, 21419, 66915, 31667, 72255, 99535, 9226, 67844, 71413, 97328, 55113, 53743, 15253, 90605, 25767, 93458, 95080, 88399, 95681, 33003, 98809, 64610, 51183, 20194, 7602, 46677, 5577, 23035, 57516, 62851, 38431, 25729, 19443, 19461, 42341, 5691, 40223, 29941, 41162, 43863, 20318, 93421, 48578, 40595, 17677, 78948, 9703, 9686, 7968, 15830, 8192, 79410, 76582, 54634, 72177, 15101, 8167, 44130, 53047, 97171, 81360, 77277, 38294, 11165, 74155, 12255, 52404, 17057, 6005, 85707, 79742, 58322, 26212, 69487, 29507, 51412, 67374, 55125, 53048, 12192, 36138, 60799, 36368, 39729, 95693, 40999, 65037, 12633, 50117, 62765, 12379, 49369, 39111, 52692, 24539, 61591, 47864, 16479, 75268, 8714, 13002, 77147, 43518, 27206, 55859, 37448, 45026, 99974, 64632, 49061, 80418, 16471, 35694, 13935, 79838, 48842, 17708, 31401, 62091, 87121, 81929, 42013, 90709, 67578, 58116, 68886, 93119, 95079, 77456, 15723, 9867, 8176, 89745, 11058, 81413, 21659, 27181, 17420, 23028, 33694, 32735, 57645, 45216, 57659, 85443, 14390, 31520, 67089, 16537, 18930, 46784, 93102, 89799, 66551, 93104, 43768, 54006, 64618, 86482, 77459, 61365, 52346, 87286, 17384, 98165, 63330, 5866, 37693, 75360, 34753, 59823, 68266, 39383, 65072, 33192, 51847, 62362, 84073, 64213, 27059, 54703, 98366, 29565, 75000, 62235, 47788, 68928, 36478, 76067, 47020, 81656, 16396, 21661, 50156, 54102, 65670, 17584, 30347, 21534, 10216, 80544, 45508, 21591, 15435, 14502, 16369, 42077, 38334, 17694, 75056, 53845, 13319, 77808, 44423, 25669, 66463, 35396, 33885, 11712, 51485, 59378, 94757, 71707, 6184, 52631, 31188, 92326, 78268, 78655, 29798, 96196, 39289, 13806, 86543, 67095, 15164, 21544, 80587, 90870, 18274, 33727, 11433, 17009, 61531, 77691, 75329, 79936, 74872, 7464, 12219, 19906, 18108, 6498, 5794, 54376, 12545, 86110, 9730, 82140, 78511, 68231, 11420, 89777, 75189, 96119, 69998, 79345, 21991, 99920, 15067, 96201, 28442, 23738, 9437, 97039, 39843, 11616, 56350, 24650, 33825, 54193, 76287, 30507, 43736, 81903, 80570, 90992, 78961, 37791, 97764, 71081, 32361, 41597, 36321, 97570, 50500, 32308, 14115, 64826, 67795, 92688, 74427, 31361, 50686, 26859, 15666, 97479, 40641, 35398, 68885, 82658, 37588, 19382, 39597, 57154, 52183, 7024, 16027, 79406, 98199, 75565, 48872, 37140, 91170, 18318, 24202, 7149, 28608, 59337, 71066, 68555, 47586, 81864, 84384, 73197, 58808, 8661, 67893, 27081, 38973, 25147, 30015, 43619, 98527, 67442, 59250, 31042, 23168, 12188, 68103, 44810, 85198, 64988, 38245, 39413, 9583, 89844, 70336, 56324, 64001, 79935, 64293, 40603, 58949, 7297, 42332, 47325, 63001, 95603, 40233, 15311, 23880, 8459, 96950, 75208, 39389, 79892, 95654, 45055, 10973, 70015, 78241, 91472, 57947, 79016, 18117, 55130, 50438, 38809, 15631)
Average QPS expected = 50528
Timestamp start: 1715805697737
Timestamp end: 1715806479028

#type       avg     std     min      p5     p10     p50     p67     p75     p80     p85     p90     p95     p99    p999   p9999      QPS   target
read      449.5  1208.5    86.8   138.7   165.3   314.3   366.5   399.7   424.7   457.8   507.7   633.7  3953.5 15730.3 36623.4   7475.2     7434
read      410.4   440.3    74.4   128.4   148.8   330.6   419.2   471.9   515.1   570.4   642.5   818.4  2221.4  4186.8  8756.7  66722.4    67201
read      382.1   378.3    74.4   130.5   153.2   329.8   412.5   463.4   504.2   554.0   619.2   728.0  1212.1  4681.0 10061.9  86040.0    85927
read      374.3   553.1    74.4   126.8   147.6   332.8   416.2   464.1   501.5   546.4   603.0   685.7   965.0  4960.7 35822.3  64072.8    63953
read      351.6   253.3    74.4   119.0   136.8   313.4   399.3   454.0   494.9   537.7   584.8   667.4  1032.1  3804.0  7788.4  31268.0    31595
read      408.4   464.7    74.4   137.8   162.7   358.7   444.8   497.8   539.4   589.5   659.9   785.7  1187.3  5905.1 18987.0  87950.4    87879
read      410.7  1498.3    80.4   140.9   167.0   303.6   345.2   368.6   387.0   409.6   444.3   531.8  2915.2 32355.6 50456.0   7256.0     7287
read      391.9   341.1    68.9   127.8   148.2   334.2   426.3   480.4   523.9   575.9   643.4   780.3  1659.6  3122.4 12102.4  61604.0    62295
read      356.9   657.5    86.8   148.1   176.7   302.2   343.7   366.9   384.8   406.8   440.5   508.8  1363.6 12561.8 17036.9   6576.0     6561
read      547.8  1226.6    74.4   123.3   143.7   355.5   504.1   607.5   680.7   758.4   860.0  1056.3  4879.3 22097.7 35309.2  22436.8    22532
read      417.8   509.9    68.9   130.0   151.7   346.1   437.4   495.1   539.3   593.9   668.8   842.4  1860.5  3719.0 22955.8  60881.6    60653
read      380.4   338.0    68.9   126.6   146.8   328.9   414.9   465.5   505.6   557.6   624.2   740.0  1535.8  3111.6  9983.9  59336.0    59076
read      375.8   298.3    74.4   128.1   148.0   333.0   420.3   469.0   507.1   554.5   615.0   717.7  1392.2  2333.7  9303.2  60330.4    60154
read      364.2   436.1    74.4   121.0   140.2   317.8   400.4   448.8   485.5   528.7   587.0   717.8  1176.3  3970.3 30220.5  22949.6    22964
read      388.7  1116.0    74.4   136.0   165.3   314.2   363.7   393.0   416.4   445.9   486.9   569.6  1789.0  8113.8 40963.5   8100.8     8172
read      385.7   529.4    74.4   119.2   137.4   313.5   409.8   467.4   509.7   553.0   615.4   747.3  1382.8  8125.0 12220.3  27632.0    27652
read      388.3   831.6    74.4   122.0   140.7   319.4   401.6   451.7   490.6   535.3   586.9   666.7  1206.1  8578.2 37079.3  37956.0    37594
read      352.5   325.8    74.4   120.3   138.6   312.5   400.3   452.4   488.8   528.0   574.8   656.3   976.2  5012.9  8448.4  24401.6    24367
read      395.0   318.1    74.4   121.2   140.8   321.4   421.7   489.7   541.9   607.3   721.2   972.9  1329.3  3512.7  9685.1  33944.8    33771
read      389.2   292.6    74.4   134.7   158.6   349.4   435.4   487.5   527.0   576.5   640.3   754.0  1087.3  2768.0 10972.6  84906.4    84944
read      388.8   274.7    68.9   134.9   158.6   347.3   431.4   480.5   519.7   569.7   638.4   762.7  1201.4  2721.0  9226.8  86068.8    85666
read      379.7   317.6    74.4   129.8   150.9   348.3   435.9   484.9   521.8   564.6   619.6   701.5  1040.9  2373.8 13424.4  52062.4    51918
read      362.8   324.8    68.9   123.3   142.3   325.6   404.5   454.4   494.5   540.5   590.5   677.7  1088.1  3450.0 10139.3  34396.0    34406
read      361.0   573.9    68.9   120.6   138.7   312.9   394.7   443.6   479.5   520.9   565.7   628.4  1024.2  8242.5 31083.8  28698.4    28664
read      360.5   273.9    74.4   123.9   143.1   330.9   412.9   460.6   499.5   543.3   595.2   669.2   959.0  1819.0 10055.7  38236.0    38289
read      399.8   648.5    74.4   121.4   139.9   322.3   408.7   458.8   496.5   541.5   606.7   759.8  1814.7  8630.1 23694.3  20787.2    20658
read      447.5   772.9    74.4   123.4   144.3   350.6   458.6   522.7   563.5   605.9   657.4   756.0  2853.3  8660.7 38331.1  13918.4    13840
read      931.9   842.8    74.4   276.6   302.6   534.6  1427.7  1574.2  1658.3  1735.2  1871.8  2027.5  2800.0  8705.8 25962.6  93215.2    93419
read      982.3   865.7    93.8   295.2   321.8   604.6  1473.5  1621.5  1692.6  1777.1  1906.5  2086.5  2899.4  5768.8 28493.6  98888.8    98284
read      722.3   838.3    80.4   209.4   250.2   459.1   636.9   809.7  1154.9  1444.4  1615.3  1849.1  2784.4  8071.5 23923.7  71927.2    71313
read      406.0   689.5    80.4   129.6   146.9   328.7   415.4   465.8   509.9   577.2   674.0   844.6  1619.7  7936.2 29169.7  42170.4    42089
read      369.2   342.4    74.4   126.7   146.1   338.7   422.4   470.1   508.8   551.9   606.7   690.3  1012.7  1842.6 17226.2  46372.8    46458
read      356.2   340.9    74.4   122.6   141.2   320.4   404.4   457.2   495.0   535.5   582.5   654.2   957.9  2708.0 13523.9  30583.2    30755
read      362.1   429.0    74.4   123.3   142.6   323.2   405.5   455.8   494.6   540.1   594.5   673.4  1047.0  2969.3 12597.7  42660.0    42889
read      386.0   375.9    74.4   135.0   159.2   338.7   420.6   469.5   508.4   557.4   623.4   732.2  1152.9  4007.2 13595.0  93707.2    93552
read      382.7   344.6    74.4   129.2   150.6   341.0   428.9   479.7   518.8   564.2   623.3   719.9  1167.7  3862.1 11740.1  65890.4    65694
read      339.3   221.1    74.4   118.9   136.7   308.4   395.5   448.7   485.7   526.4   569.3   628.3   808.0  1671.3  8187.1  29644.0    29574
read      377.3   387.3    68.9   126.0   145.9   336.9   424.4   475.4   515.7   560.5   614.1   691.9  1032.0  5329.3  8557.3  51451.2    51355
read      366.6   318.8    74.4   126.8   146.8   329.1   415.9   465.8   503.2   548.1   604.2   687.6  1008.1  5141.1 10556.3  67294.4    67361
read      371.4   609.5    74.4   123.8   143.9   334.4   413.6   455.5   485.2   520.4   565.2   655.2  1050.1  4989.2 35993.9  16588.8    16287
read      844.5  1354.7    74.4   252.5   291.3   466.9   709.7   930.2  1421.4  1580.5  1757.3  2001.0  3365.1 19621.6 36398.2  80923.2    81508
read      414.8   530.9    74.4   138.4   164.9   354.6   436.1   486.5   527.7   583.9   659.6   787.4  1526.5  6332.4 29025.9  87624.0    87619
read      442.0   440.9    74.4   150.5   182.7   382.0   464.5   517.4   561.5   620.8   708.6   869.1  1513.8  4518.6 15595.4  98875.2    99068
read      369.3   300.1    80.4   124.7   144.3   325.8   409.7   459.6   499.1   547.8   607.9   705.7  1395.6  2796.4  6733.3  51364.8    51267
read      404.5   880.9    74.4   125.7   145.8   329.7   389.2   421.6   446.6   478.1   528.3   621.0  2110.8  7962.0 36903.5  11760.8    11822
read      779.4   965.8    80.4   273.9   313.9   516.0   693.7   903.4  1030.2  1411.3  1631.9  1876.5  2764.8 14248.6 31381.2  96935.2    97494
read      551.2   640.0    86.8   239.3   313.6   472.1   537.0   593.1   673.3   775.9   863.5   961.4  1306.7  9252.8 30883.7  97712.8    97350
read      367.2   304.5    74.4   124.8   144.3   324.8   409.4   457.9   495.5   540.9   597.0   691.4  1354.3  2380.8 10878.1  55614.4    55460
read      362.9   244.6    74.4   129.3   151.4   326.6   408.7   458.1   496.3   544.7   609.4   710.5  1002.0  1658.0  7600.1  86304.8    85984
read      361.3   293.1    74.4   128.9   150.8   323.0   405.4   454.2   492.5   541.0   601.7   690.3   912.9  2922.5  8701.5  81829.6    82043
read      373.2   268.3    74.4   130.1   150.2   346.5   432.3   479.8   518.3   563.9   619.7   692.4   914.6  2001.6  9634.1  53037.6    52873
read      367.8   714.3    74.4   124.3   143.8   325.5   388.8   422.9   447.4   475.8   515.4   579.9   871.9 12177.1 31119.4  13994.4    13911
read      396.7   472.4    68.9   125.8   146.4   335.5   423.2   476.8   523.2   575.2   640.7   787.4  1578.3  6027.0 14960.3  50251.2    49984
read      396.4  1035.0    80.4   134.6   157.0   313.3   361.8   388.3   406.5   430.1   463.9   540.6  3971.1 15547.1 37711.5   9280.0     9274
read      405.3   306.3    74.4   120.1   139.7   328.8   447.0   521.2   577.5   653.9   769.7   938.0  1285.2  2954.6  7733.4  26917.6    27187
read      378.4   543.5    74.4   121.1   141.1   332.8   423.9   469.2   506.8   548.1   603.4   701.9  1122.0  4460.7 31111.2  18768.0    18735
read      359.0   245.5    74.4   129.6   151.3   324.7   404.4   453.8   491.3   538.9   601.9   693.3   937.4  1613.0 10041.0  86325.6    86505
read      359.1   276.6    74.4   129.7   152.2   323.1   403.0   450.6   487.3   533.0   592.8   685.7   971.8  2606.3  9390.6  92684.0    93039
read      360.6   282.6    68.9   126.8   147.3   325.6   407.1   457.2   496.1   543.0   604.2   692.0   962.2  1835.6 10451.2  76132.8    75999
read      344.4   258.4    74.4   120.1   137.9   309.5   391.9   444.3   483.9   528.6   576.2   644.3   902.8  3083.1  8462.9  32090.4    32324
read      390.6   407.6    74.4   130.7   153.9   330.8   414.0   465.2   506.0   559.1   628.0   747.6  1626.6  4326.6 12109.1  84237.6    84255
read      383.6   306.0    74.4   129.9   151.9   329.4   411.2   462.6   504.9   560.1   632.8   756.5  1603.0  2704.9  8678.4  81625.6    81759
read      351.3   262.6    68.9   120.6   139.5   313.3   396.8   450.7   490.8   535.9   587.9   666.2  1067.8  3023.8  9999.9  37331.2    37291
read      355.1   260.0    74.4   126.3   145.0   325.0   406.5   454.3   490.4   533.9   587.2   663.2   898.1  2593.6  9596.4  53832.0    53818
read      387.2   787.0    74.4   124.8   143.3   328.5   414.4   466.3   505.5   547.7   594.0   670.5  1079.1 10560.5 38220.2  30503.2    30297
read      352.7   473.7    74.4   120.0   137.9   311.0   393.1   443.5   482.3   525.0   571.5   637.3   959.8  7511.9 13287.2  31374.4    31569
read      359.3   278.0    74.4   124.1   143.3   329.2   410.2   460.7   502.5   548.5   599.7   674.2   930.0  1923.0  8005.8  39076.8    38927
read      352.0   338.0    80.4   134.4   155.8   325.6   381.4   411.5   433.6   461.3   502.2   573.1  1068.4  4379.3  7928.2  10799.2    10652
read      546.6   513.9    74.4   170.4   222.7   434.6   518.2   592.4   672.8   781.5   906.8  1457.9  2130.2  4745.3 15216.1  97981.6    98119
read      356.6   340.6    74.4   125.8   144.5   322.9   401.4   447.9   486.3   533.8   587.6   666.9  1025.8  2270.0 18253.3  48486.4    48176
read      344.6   278.0    74.4   123.0   142.2   315.1   394.3   445.5   483.5   525.6   572.5   635.1   833.2  1681.0 10186.0  34823.2    34929
read      371.6   324.3    74.4   129.6   149.7   328.6   411.3   460.9   499.6   547.1   607.0   700.0  1209.0  3766.0  8199.3  69784.8    69735
read      358.6   316.9    74.4   123.9   142.8   325.4   411.3   458.3   491.4   530.1   577.3   667.5   955.4  3551.6  8069.4  20625.6    20753
read      500.3   440.6    74.4   145.0   176.5   395.9   486.1   546.9   604.9   699.2   890.7  1491.0  2031.5  3246.2 12098.8  84496.0    84642
read      358.1   234.9    74.4   124.5   143.5   322.9   403.4   455.0   497.4   545.2   597.2   680.7  1051.3  2728.9  5954.5  42528.8    42333
read      372.4   250.4    68.9   129.8   151.3   344.3   431.3   478.9   514.8   558.2   618.5   704.9   994.3  1563.9  9020.2  61537.6    61587
read      373.3   493.0    68.9   130.7   152.0   326.1   408.2   457.1   494.6   540.3   604.2   707.6  1071.1  4280.5 30173.2  78068.8    77998
read      433.1   582.3    74.4   146.9   177.7   381.4   467.4   516.8   554.7   605.9   687.8   838.3  1175.4  6851.2 27710.8  97344.0    97625
read      337.5   243.1    74.4   122.2   140.8   312.2   395.5   441.9   474.7   510.9   548.4   605.4   758.6  1832.9  8577.6  23838.4    23781
read      355.1   233.8    68.9   126.8   146.2   324.7   408.6   457.3   494.8   539.8   594.7   675.0   908.3  1543.5  8107.1  66551.2    66723
read      345.9   281.8    74.4   119.8   138.3   311.9   394.0   447.2   484.8   526.4   571.2   635.3   867.8  2758.7 10144.9  30832.8    31016
read      359.8   397.4    74.4   123.7   142.9   324.1   402.9   451.6   491.3   537.6   591.4   669.1   956.7  3746.3  9695.9  47471.2    47394
read      414.6   300.8    74.4   143.4   172.5   370.0   456.6   507.2   547.5   601.6   680.5   818.9  1236.2  2435.9 11087.5  95486.4    95335
read      315.0   407.1    86.8   149.0   177.7   278.9   311.5   330.5   343.6   362.8   390.3   441.2  1383.7  6426.7 12300.5   5145.6     5252
read      475.6   610.1    74.4   133.6   157.4   362.6   460.2   521.9   571.8   641.7   769.7  1181.8  2562.8  5505.1 16109.0  65070.4    65908
read      345.3   267.7    74.4   123.8   142.9   324.8   401.9   439.7   465.7   499.1   539.4   609.3   867.5  3089.1  9409.5  16956.0    16889
read      371.0   353.0    74.4   122.8   141.9   325.1   409.0   461.0   503.7   551.7   608.7   694.3  1235.4  4297.8 10705.7  42755.2    42912
read      403.3   373.0    74.4   141.5   169.4   348.2   427.7   478.6   520.2   573.4   646.8   783.8  1575.0  3218.3 15165.1 100012.0    99898
read      343.7   289.1    68.9   119.1   136.7   307.9   392.7   443.5   480.3   519.8   560.7   628.1   953.3  3222.1 12364.7  26433.6    26385
read      546.4  1241.7    74.4   124.6   147.1   362.3   504.9   589.0   663.2   752.2   859.2  1059.9  4246.6 13830.3 36797.0  22703.2    22616
read      399.3   372.1    74.4   124.2   143.6   324.7   414.8   470.9   517.8   575.3   656.0   965.4  1701.5  3272.8 10050.5  50663.2    50605
read      401.3   265.3    74.4   140.4   166.9   359.3   445.7   498.9   540.1   589.8   663.3   791.9  1191.8  2672.6  7080.9  90104.8    90283
read      345.7   295.2    74.4   119.6   137.5   312.4   403.4   455.4   490.8   529.7   571.8   630.4   794.7  3451.6 12395.9  26084.0    26273
read      355.2   310.4    74.4   122.6   141.6   323.1   404.6   455.0   493.4   539.5   592.1   668.4   890.0  2156.9  9736.0  48336.8    48521
read      338.9   199.4    68.9   121.1   139.0   312.3   390.1   439.2   477.9   522.6   569.5   633.4   811.5  1399.1  5777.4  34518.4    34058
read      352.4   259.6    68.9   125.3   145.5   318.4   398.6   447.1   484.7   531.1   590.9   679.5   937.8  1783.0 10460.9  75831.2    75648
read      349.5   330.3    74.4   121.4   139.8   314.8   392.8   435.0   466.8   505.9   550.6   646.4  1030.7  3721.4 13724.5  19478.4    19482
read      375.8   551.6    74.4   125.6   146.0   338.4   414.0   457.5   489.7   527.8   583.1   681.2  1054.7  4364.0 31383.1  15156.8    15054
read      382.8   230.6    74.4   132.9   155.8   346.8   433.9   484.5   523.6   572.7   638.7   740.6  1095.5  2052.8  4667.7  75701.6    75754
read      320.5   488.7    80.4   143.5   170.6   274.9   308.4   326.4   340.5   358.8   385.3   448.7  1753.3  9058.2 14326.4   5295.2     5187
read      380.5   537.2    74.4   118.5   138.0   332.0   418.1   467.7   508.2   555.7   616.2   716.7  1268.2  3830.6 29760.8  17270.4    17656
read      568.9   719.9    74.4   167.9   223.4   448.5   537.1   606.4   686.1   812.0   963.5  1430.2  2083.9  9811.0 30121.8  95841.6    96343
read      342.0   232.4    68.9   120.2   139.2   317.6   396.8   442.8   478.1   520.1   566.8   629.1   807.1  1570.5 12063.2  36516.8    36665
read      361.8   277.8    74.4   129.0   150.4   325.5   406.7   454.3   491.4   538.7   602.1   691.8   955.3  3293.1  7969.5  85504.0    85269
read      346.1   292.2    68.9   119.3   137.2   315.4   399.5   451.5   489.1   529.7   575.0   637.3   888.7  1689.4 14534.2  31610.4    31525
read      364.8   264.4    68.9   126.5   146.6   332.5   417.5   466.1   503.4   548.4   606.3   689.0  1021.9  2121.5  6392.6  61760.0    61798
read      339.9   349.5    74.4   127.6   148.1   325.5   382.7   412.5   432.7   458.6   494.1   554.7   732.3  4166.1 15620.6  12312.0    12253
read      381.7   358.2    68.9   120.8   139.9   326.2   427.2   487.4   528.5   571.2   628.8   766.4  1272.4  4040.5 12862.3  25789.6    25710
read      464.1   606.4    68.9   133.7   158.6   354.2   442.8   503.8   558.6   630.2   737.7  1334.9  2247.3  6847.7 27990.9  79617.6    79937
read      310.7   424.2    74.4   138.5   165.5   289.5   325.6   344.4   358.9   374.3   397.3   435.9   642.3  5628.3 18546.6   7357.6     7271
read      475.3   850.6    74.4   142.1   170.6   381.5   469.0   523.7   568.9   630.9   730.3   910.3  2035.6 10137.6 37285.6  84966.4    85861
read      388.1   267.7    68.9   137.5   162.5   349.3   434.8   487.9   529.1   580.8   646.6   762.0  1062.7  2035.6  7993.4  91344.0    91467
read      369.6   259.3    74.4   129.5   149.8   336.8   423.4   472.7   510.9   556.7   617.1   711.1   983.2  1749.6  8132.6  72437.6    72217
read      352.9   290.0    74.4   121.4   139.9   312.7   401.0   454.7   494.9   536.4   582.4   652.1  1030.6  3286.2 11992.4  31164.8    31080
read      370.1   508.6    74.4   128.2   149.1   327.2   409.4   457.6   496.3   543.9   603.6   691.4   951.9  4604.7 28557.0  76699.2    76878
read      368.6   282.5    68.9   128.8   150.8   325.1   404.5   454.2   493.2   542.7   608.8   716.1  1271.8  2752.5  6919.0  84564.0    84584
read      395.3   987.3    80.4   125.3   145.4   319.4   376.5   405.8   430.8   459.9   501.7   593.3  1828.5 11921.4 37193.8  12681.6    12492
read      402.8   393.3    74.4   124.7   144.8   331.1   423.1   479.4   524.5   578.6   654.8   867.0  1779.0  4130.4 10986.4  56847.2    57106
read      376.2   426.8    68.9   134.1   158.3   331.8   409.9   458.5   497.3   546.1   608.5   714.4  1027.0  3939.5 21717.5  96157.6    96245
read      357.4   961.9    86.8   139.3   166.2   291.8   329.9   352.7   368.8   388.4   414.5   469.2  1535.3 14421.1 32111.0   6861.6     6791
read      843.4  1571.2    74.4   206.4   275.8   494.7   657.0   884.6  1106.9  1477.8  1684.0  1966.2  4218.8 24756.5 36781.2  90306.4    90728
read      478.9  1658.9    80.4   129.3   153.2   274.5   314.6   340.0   360.6   391.3   461.1  1102.6  3995.0 28996.1 37326.4   5208.8     5151
read      379.1   307.9    74.4   129.1   151.4   328.8   412.9   464.3   504.1   553.2   620.6   739.5  1492.5  3180.5  5436.9  81977.6    82969
read      373.7   252.3    74.4   126.1   146.4   339.9   423.8   475.1   516.8   562.6   617.7   704.8  1151.9  2252.5  7613.4  42882.4    42635
read      396.9   360.9    74.4   139.1   165.5   350.2   431.6   480.8   521.6   574.5   644.8   772.8  1247.8  3340.8 14623.0  99168.8    99337
read      361.7   332.9    68.9   132.0   155.6   325.3   401.5   449.3   486.2   531.6   591.8   687.2   912.4  2263.0 11022.7  95275.2    95192
read      362.3   244.9    68.9   126.4   146.4   328.6   413.1   463.3   501.6   547.2   606.8   689.9   971.7  2580.3  7651.8  68932.8    69200
read      366.6   289.5    74.4   125.5   144.2   336.1   421.6   471.6   513.1   558.2   612.6   687.5   941.3  1826.7 12396.0  49385.6    49459
read      362.0   574.0    68.9   117.4   135.3   304.4   392.6   446.8   485.3   525.9   570.1   634.4   918.2  9592.2 26543.6  29192.8    29055
read      362.2   219.2    74.4   126.7   146.9   332.4   418.2   466.7   505.7   551.5   607.2   691.1   964.8  1692.8  7285.7  64316.0    64324
read      329.2   462.0    86.8   147.7   174.9   293.6   331.2   351.1   366.5   386.4   415.5   468.5  1310.8  6959.4 15413.6   5686.4     5705
read      371.0   260.0    68.9   128.4   149.5   324.9   407.6   460.1   501.9   552.3   622.1   732.9  1304.4  2338.0  7682.6  84352.0    84816
read      346.7   322.9    74.4   118.3   136.0   310.9   401.5   449.7   480.8   516.4   555.6   625.4   934.6  3972.7  9524.4  23674.4    23714
read      434.9   534.7    68.9   127.5   149.2   336.3   424.7   484.7   534.3   596.1   689.7   971.3  2402.4  5230.4 15873.6  74428.0    74116
read      356.6   328.8    74.4   120.6   140.1   319.7   405.9   451.8   481.7   515.5   559.7   645.0  1098.0  3913.6 12451.0  19886.4    19948
read      348.1   240.3    68.9   119.8   139.0   314.2   393.7   443.0   483.4   532.4   584.0   660.2  1061.5  1838.5  7716.7  44030.4    44213
read      352.2   281.9    74.4   120.5   139.2   324.5   414.0   457.9   489.7   526.1   568.2   638.3   852.6  3979.6 12332.1  19523.2    19454
read      375.0   834.4    86.8   138.4   166.7   308.4   353.9   379.8   404.0   433.7   473.0   574.4  1515.1  8132.5 31972.8   7324.0     7190
read      343.8   204.8    74.4   121.8   140.4   317.3   397.5   444.9   482.0   526.8   579.0   649.2   832.9  1529.4  7581.4  47401.6    47657
read      353.8   255.0    74.4   121.3   140.4   319.1   399.2   447.1   484.3   531.4   585.2   662.4  1087.3  2700.1  8275.8  44642.4    44399
read      340.4   608.3    80.4   141.2   170.0   294.2   330.9   351.7   367.8   389.6   424.7   493.2  1605.9  5977.8 27051.5   6451.2     6481
read      323.6   443.0    86.8   143.7   175.2   291.0   329.2   350.4   367.8   390.0   420.1   477.2  1034.3  4365.8 18458.4   5909.6     5807
read      362.8   346.7    74.4   128.0   149.7   324.3   403.4   453.1   491.7   538.7   598.6   690.6   949.0  3859.3 10036.0  82285.6    83137
read      356.1   656.2    80.4   131.6   154.8   311.6   358.1   384.7   403.6   427.7   461.1   523.1   846.0  8733.1 21641.3   9643.2     9580
read      375.3   327.4    68.9   120.0   139.1   317.4   407.1   466.2   513.5   565.3   630.2   784.8  1307.1  3743.6 12134.8  37060.8    37385
read      349.1   337.9    74.4   118.9   136.7   308.5   392.6   447.5   488.1   531.7   577.8   642.2   987.5  3849.3  9639.3  33856.0    33706
read      343.8   219.1    74.4   119.4   137.0   309.1   394.1   449.1   490.5   534.0   581.0   654.6   921.8  1753.2  5377.4  35158.4    35204
read      344.6   207.6    68.9   121.4   140.6   316.8   394.5   439.2   474.5   520.1   573.5   647.6   959.7  1968.9  3649.3  50376.0    50438
read      349.8   246.5    74.4   122.3   141.1   321.6   399.0   445.9   482.9   529.6   584.1   660.1   956.0  1931.6  5490.8  48947.2    48878
read      360.8   366.4    74.4   121.4   140.0   321.0   401.1   452.1   492.6   540.5   593.9   670.4  1188.1  3842.0 13605.0  42664.0    42682
read      341.1   292.2    74.4   118.7   136.4   305.5   394.0   449.3   486.9   525.5   566.7   626.2   830.9  2109.7 13446.6  27453.6    27416
read      348.4   200.2    68.9   124.3   143.8   320.8   402.6   452.2   490.4   534.5   586.7   658.5   870.0  1596.8  4729.9  64436.0    64424
read      369.9   478.8    74.4   124.1   144.2   324.3   405.9   455.6   494.9   542.3   597.7   679.7  1021.9  7802.6 24525.2  64466.4    64364
read      305.6   309.0    86.8   148.9   176.8   281.1   315.0   334.7   349.0   370.8   402.1   467.9   760.6  3976.8 12257.0   5508.8     5481
read      396.7   519.8    74.4   119.2   138.1   322.5   426.3   490.9   534.8   586.8   671.0   846.6  1276.3  8374.8 18857.1  26056.8    26227
read      356.0   298.4    68.9   119.4   137.8   312.4   409.5   464.9   506.1   545.8   591.5   685.0  1079.6  2123.6  7744.9  26464.0    26586
read      360.5   259.5    68.9   129.7   151.5   324.5   405.7   453.7   491.1   540.4   605.8   700.5   979.6  1736.0 10760.2  86105.6    86286
read      363.0   333.3    74.4   122.1   141.5   323.0   417.4   468.1   505.1   543.4   585.8   650.9  1018.1  5135.4 12830.6  24712.8    24452
read      382.4   297.4    74.4   120.0   139.4   319.9   424.3   486.9   532.4   586.2   674.5   861.4  1264.8  2505.2  8552.7  26919.2    26832
read      348.5   260.6    74.4   120.8   138.5   314.3   402.8   458.0   496.5   536.2   578.6   639.7   905.8  1817.2 12042.8  29900.8    29795
read      356.3   239.2    74.4   122.4   142.1   328.8   408.5   457.2   495.2   539.2   591.2   667.1   962.9  1906.1  8631.3  45860.0    46224
read      356.9   334.1    74.4   128.5   150.2   320.4   400.5   448.1   484.4   531.9   591.5   681.4   958.5  1880.6 17684.9  84781.6    84587
read      348.7   203.9    68.9   124.3   144.2   321.6   400.9   447.3   483.7   529.5   584.7   662.7   894.7  1814.9  5341.8  63408.0    63389
read      352.1   228.7    74.4   122.2   141.9   321.8   402.3   452.8   492.5   538.4   588.8   662.4   919.0  2099.4  8248.4  46657.6    46953
read      359.2   294.0    74.4   128.7   150.4   320.6   398.4   444.8   482.6   531.3   595.2   691.7   988.4  3294.7  9764.8  90284.0    90536
read      431.4  1309.1    80.4   125.4   146.5   318.0   379.9   412.4   434.5   462.2   500.1   574.9  2464.2 20820.4 40012.0  12641.6    12508
read      408.5   549.9    74.4   124.6   144.9   331.4   420.3   478.9   526.7   582.3   662.6   951.8  1647.5  5317.1 30506.5  38700.0    38491
read      386.5   484.5    68.9   133.9   158.7   336.7   414.1   461.0   499.4   549.4   621.7   737.4  1097.1  8228.3 13878.7  97634.4    97806
read      332.0   281.5    80.4   129.3   149.8   320.3   372.4   400.1   420.5   443.7   473.5   530.3   777.7  3984.0  8067.7  11793.6    11813
read      397.2   335.3    74.4   123.7   143.8   329.4   423.8   488.7   539.2   596.5   675.3   955.3  1472.1  2261.5  8844.2  39386.4    39665
read      357.1   237.7    74.4   122.1   141.5   324.5   411.1   462.9   503.4   550.9   605.3   685.3   969.0  1418.5  8335.1  53592.0    53571
read      354.3   243.0    74.4   124.3   143.5   319.9   403.0   451.3   488.5   534.2   589.2   671.4  1028.2  1974.9  8157.4  63101.6    63215
read      357.6   292.5    68.9   126.1   147.8   318.8   400.4   449.4   487.2   535.5   596.1   686.0   996.4  2074.3 12173.5  79035.2    78767
read      332.8   452.1    74.4   134.4   157.5   305.8   347.5   372.2   390.0   410.4   442.5   505.3   919.7  6266.9 20368.3   8672.0     8615
read      431.4   469.9    68.9   127.0   148.7   340.0   429.4   487.4   535.1   595.4   684.7  1001.1  2302.2  4053.8 13440.4  67814.4    67903
read      369.1   563.0    74.4   123.8   143.7   332.5   408.2   446.5   472.9   508.1   550.4   640.7  1094.2  5441.9 30879.9  16380.0    16398
read      373.2   269.0    74.4   126.5   145.9   335.8   422.8   476.2   519.0   565.7   623.0   709.7  1125.8  2686.1 10345.4  53296.0    53434
read      367.5   557.3    68.9   121.0   140.1   317.9   400.3   453.1   494.5   539.1   590.3   665.8  1031.5  9618.5 30241.3  37904.0    38068
read      374.7   737.7    80.4   133.9   158.5   330.3   381.6   410.5   432.8   460.9   499.6   573.4   998.0 10909.6 29479.3   9119.2     9130
read      452.6   499.3    63.8   133.7   157.5   360.4   451.9   508.5   555.0   618.1   723.5  1055.1  2477.4  4443.3 10956.5  68553.6    69227
read      349.2   242.4    74.4   121.5   140.1   317.8   399.2   450.8   491.9   539.9   588.8   658.8   894.7  1610.8  9738.0  37700.0    37496
read      360.2   320.7    74.4   128.0   149.0   321.9   402.3   451.4   488.8   535.4   597.9   687.1   956.7  3046.4 15527.9  83708.8    83925
read      378.5   385.6    74.4   129.1   149.5   343.2   430.7   482.3   523.8   570.0   624.2   702.4   962.0  3762.9 10852.9  50746.4    51037
read      362.4   267.9    74.4   125.7   145.0   329.8   418.0   472.2   513.6   557.3   607.1   677.2   901.1  1639.3 10912.1  33430.4    33690
read      355.3   267.4    74.4   124.9   143.5   321.2   404.0   453.4   491.9   539.7   596.0   678.4  1016.9  1594.7 10727.3  51374.4    51474
read      360.9   272.1    74.4   127.1   147.7   324.4   407.9   458.0   497.6   545.2   605.1   694.8  1002.2  1919.6  9780.7  73950.4    73708
read      427.3   465.4    74.4   145.0   173.6   370.4   458.9   512.7   556.4   613.1   689.1   832.1  1327.3  5337.6 16577.5  98334.4    98618
read      358.7   241.8    74.4   130.7   152.5   327.8   407.3   455.2   492.4   538.6   597.2   687.3   873.6  2212.2  8087.0  82076.0    81977
read      440.0   775.9    74.4   137.8   164.5   363.7   446.9   497.1   539.4   598.6   684.2   838.3  1506.6 10198.9 31678.9  91365.6    91567
read      381.0   361.3    74.4   126.9   146.7   336.7   424.8   476.2   518.6   567.4   624.8   720.2  1224.2  4088.6  8296.6  48263.2    48236
read      379.5   433.3    74.4   133.0   156.3   334.9   418.5   467.1   504.5   551.5   617.6   728.0  1038.6  2897.2 12900.6  91570.4    91726
read      367.3   340.2    74.4   125.5   145.4   330.5   416.1   464.1   502.5   546.6   601.0   682.0  1002.3  4152.7  8707.4  52218.4    52458
read      371.5   361.2    74.4   127.1   147.8   329.9   418.5   468.9   508.9   555.8   619.7   721.1  1040.3  2827.5 12968.4  70370.4    70467
read      369.4   286.0    74.4   127.7   147.8   327.5   416.7   466.3   504.2   550.8   613.2   708.9  1086.8  3616.4  9765.7  71400.0    71151
read      369.1   303.5    74.4   127.9   147.4   329.3   416.7   468.5   507.9   554.6   611.2   693.3  1110.4  2992.1  8453.3  64839.2    65016
read      360.6   238.4    68.9   124.1   143.5   327.3   411.8   464.3   506.8   554.6   610.3   684.9   925.0  2299.1  7175.7  42335.2    42057
read      373.7   348.4    74.4   130.3   151.8   335.3   421.6   470.2   507.6   554.8   620.7   727.6  1068.4  2021.1 11323.7  78952.8    78821
read      371.4   285.8    74.4   126.5   146.5   330.2   417.0   466.5   505.5   551.9   610.6   706.5  1289.8  2594.1 10346.4  61268.0    60720
read      356.2   289.3    74.4   124.0   143.0   325.1   407.0   456.6   495.2   538.9   589.7   661.1   867.5  2009.8 12682.4  39808.8    39911
read      337.2   251.0    80.4   130.7   153.0   322.3   378.2   407.6   429.5   457.3   496.5   562.6   745.2  2695.0  9988.5  10786.4    10628
read      412.0   404.1    74.4   130.9   153.2   342.5   430.4   485.6   529.6   583.7   663.0   843.9  1818.1  3801.9 11054.2  73300.8    73736
read      330.5   522.3    86.8   141.4   168.2   305.7   346.8   372.0   391.8   415.0   444.9   498.7  1002.2  4048.4 31430.8   7261.6     7334
read      610.6   535.5    74.4   181.2   247.0   491.6   585.8   675.1   779.7   910.7  1060.9  1516.2  2176.7  7162.4 12787.4  90737.6    91868
read      374.6   453.9    74.4   130.8   152.3   335.5   418.8   467.7   507.3   553.6   615.4   707.8  1002.2  3100.8 13396.3  76839.2    76670
read      382.1   645.9    80.4   137.0   162.6   326.4   379.2   408.9   430.5   456.8   495.8   569.1  2042.1  9642.6 10237.5  10444.0    10405
read      426.8   760.4    80.4   126.8   146.5   342.9   452.0   516.6   559.9   607.8   679.4   847.7  1316.4  9489.6 31791.5  25732.0    26019
read      401.8   377.1    74.4   127.4   148.0   332.0   422.9   478.2   523.1   578.2   649.2   846.1  1829.9  3225.8 10007.1  55538.4    55530
read      355.6   234.4    74.4   122.9   141.9   321.1   414.2   468.8   509.9   549.7   595.7   667.4   912.6  1910.8  9018.7  29608.0    29615
read      392.4   469.2    74.4   128.3   148.8   332.5   422.6   472.8   513.4   563.7   628.4   742.8  1551.6  7342.2 15968.5  66015.2    66057
read      368.0   293.8    74.4   126.3   145.9   330.6   415.1   463.4   502.3   550.2   608.1   692.6  1238.3  2330.4  9512.9  55388.8    55281
read      354.5   247.5    74.4   121.6   139.8   322.5   416.0   463.5   496.7   532.6   577.1   658.0   993.8  2507.3 10562.1  20985.6    21177
read      554.2   534.8    74.4   155.5   198.2   433.5   535.0   597.6   661.3   782.2   997.3  1562.1  2426.3  4470.6 15475.3  87830.4    88239
read      372.5   283.5    74.4   128.2   149.1   332.5   418.3   468.7   507.8   554.5   618.7   723.5  1224.9  2567.6 12173.7  70205.6    70227
read      364.0   377.6    74.4   124.4   143.4   323.2   413.7   464.3   499.6   537.2   581.7   650.7  1007.4  5235.3 19030.6  23440.8    23421
read      521.1   634.9    74.4   165.8   208.6   414.4   497.6   564.5   633.2   731.1   859.1  1341.5  1995.2  7406.3 29760.8  97270.4    97104
read      369.5   985.4    86.8   145.7   173.8   295.7   334.6   355.7   370.7   391.3   419.9   480.2  1779.5 12549.6 37195.0   6331.2     6235
read      397.3   338.7    74.4   127.6   148.4   334.8   424.0   479.9   523.6   576.5   643.7   805.9  1724.7  3395.7 10485.4  57200.8    58045
read      364.2   313.6    80.4   122.2   140.8   325.2   416.9   468.2   503.1   542.3   586.8   664.9  1096.6  3713.2 10814.2  23580.0    23729
read      424.1   534.6    74.4   129.0   149.4   346.4   442.9   505.1   555.5   616.4   707.9  1007.7  1619.0  4057.7 29861.2  40910.4    40897
read      385.2   269.2    68.9   129.4   151.0   352.0   439.2   491.4   530.5   576.1   633.2   723.2  1108.1  3054.4  7698.3  53247.2    53312
read      365.9   244.5    74.4   132.5   156.3   331.8   411.2   460.6   498.6   545.5   607.8   702.4   966.7  1803.8  7272.3  87564.0    87262
read      375.4   269.4    74.4   130.1   152.6   329.7   414.6   466.3   507.2   559.5   627.2   740.6  1240.9  2496.7  7742.4  82322.4    81836
read      391.0   355.1    74.4   138.6   163.2   345.3   428.5   478.2   517.8   567.0   633.7   746.8  1182.1  3926.7  9229.0  93067.2    92274
read      357.9   222.4    74.4   124.9   144.7   332.3   415.7   464.5   502.1   544.8   599.2   672.1   863.5  1663.4  5346.5  47521.6    47252
read      371.5   291.6    74.4   128.8   149.8   331.5   417.7   468.1   507.9   553.3   617.0   713.8  1071.2  3260.3  8886.3  75629.6    75747
read      386.8   229.2    74.4   133.8   157.7   351.0   436.3   488.2   527.9   577.7   644.7   759.5  1101.0  1918.5  4832.3  80992.0    80994
read      475.8   328.3    80.4   164.5   205.7   431.1   518.6   572.9   618.1   682.2   783.3   943.2  1287.2  3795.9  8377.5  98142.4    98224
read      460.2  1804.5    80.4   139.0   166.5   303.2   345.9   370.1   389.7   413.9   446.8   510.6  4148.3 30033.0 37038.2   7670.4     7737
read      394.4   506.2    74.4   123.2   142.3   324.0   416.6   479.4   528.5   583.6   656.4   860.6  1425.3  5632.3 30749.9  37459.2    37514
read      392.2   953.1    80.4   130.1   151.8   322.5   378.0   408.1   429.1   453.9   487.8   553.0  1386.7 13418.8 36011.6  10958.4    10640
read      362.9   237.4    74.4   131.4   155.1   327.0   408.4   457.5   494.8   541.0   602.0   694.9   988.5  1953.1  6408.4  89763.2    90490
read      370.1   257.2    74.4   133.8   157.3   333.0   414.2   461.4   499.5   545.9   611.8   716.4   991.7  3087.4  8580.7  92596.8    92514
read      398.5   285.0    80.4   140.8   166.8   358.8   444.8   496.0   535.7   585.6   656.4   774.7  1134.1  1926.3 12364.5  89220.0    89245
read      370.4   254.2    68.9   130.4   151.1   334.1   421.9   473.6   513.0   559.7   619.2   712.7  1047.6  1979.8  5063.2  73387.2    73823
read      371.9   238.3    74.4   127.7   147.0   342.3   428.4   480.0   521.2   567.6   624.1   707.6   967.5  1944.9  9052.6  46094.4    46565
read      353.7   326.0    74.4   122.4   141.0   323.2   409.2   455.2   487.8   524.7   568.6   638.3   957.1  1963.1 12695.5  21525.6    21419
read      424.0   450.1    68.9   128.5   150.5   335.1   425.4   481.7   528.3   585.2   671.7   999.9  2128.5  4029.5 14130.1  66809.6    66915
read      345.1   272.3    74.4   119.2   136.9   315.2   396.3   445.2   481.6   522.7   567.8   630.6   827.3  3064.2 11463.8  31308.8    31667
read      374.8   424.2    74.4   127.4   148.1   328.1   413.3   463.3   500.9   547.7   609.4   701.2  1185.8  4407.7 17120.2  72328.0    72255
read      400.1   407.2    74.4   140.1   166.9   350.7   431.8   481.2   521.0   576.2   654.2   783.0  1245.5  4160.1 10960.7  99293.6    99535
read      384.5   904.2    86.8   132.6   156.3   308.9   355.6   381.4   399.0   423.0   457.1   527.6  2293.6  8728.0 31841.2   9072.0     9226
read      415.7   379.9    74.4   129.5   150.8   343.1   436.3   492.4   537.0   591.7   670.4   871.6  1914.1  3252.8  9991.3  67296.8    67844
read      363.4   232.3    74.4   127.8   147.6   329.5   412.8   462.9   502.6   551.6   613.2   702.5  1003.9  1811.5  7565.4  71613.6    71413
read      386.6   405.1    74.4   137.8   162.7   342.3   421.9   470.9   511.2   562.3   634.2   754.8  1182.1  1995.3 23136.6  97385.6    97328
read      356.0   227.9    74.4   125.2   144.3   330.3   411.5   458.1   493.4   536.2   588.4   667.6   888.0  1853.2  7755.5  55272.0    55113
read      364.0   377.0    74.4   126.0   145.1   329.7   413.7   463.1   501.5   547.4   602.9   681.5   958.0  2292.7 19116.9  53797.6    53743
read      384.8   486.8    74.4   127.9   149.6   348.0   425.8   464.3   493.5   531.0   582.7   680.8  1203.8  6446.3 18660.2  15224.8    15253
read      563.1   574.5    74.4   159.8   205.2   455.1   549.0   619.7   690.6   811.0   986.8  1488.6  2200.7  3593.7 24369.7  90184.8    90605
read      370.0   292.1    74.4   123.8   142.8   331.3   428.2   482.4   519.3   556.9   603.9   685.9  1090.5  2894.0  9454.4  25781.6    25767
read      466.8   446.7    74.4   142.8   172.1   383.6   468.7   524.8   575.8   651.7   782.8  1053.4  2001.0  3461.4 12282.1  93197.6    93458
read      414.2   425.8    74.4   143.3   171.0   367.3   454.3   507.1   549.2   601.5   672.5   803.1  1187.0  3063.3 20680.2  95100.0    95080
read      399.9   339.5    74.4   138.7   163.8   354.5   438.7   491.3   532.4   584.1   657.1   778.2  1218.1  4223.4  9479.2  88488.8    88399
read      400.3   371.6    74.4   139.1   165.7   353.8   438.0   487.8   526.7   576.3   648.7   779.9  1145.2  4353.1 11775.0  96209.6    95681
read      357.9   297.5    74.4   123.0   141.7   316.6   404.0   458.5   498.9   540.3   588.2   653.3  1021.7  4799.1  7323.7  33137.6    33003
read      375.8   317.3    74.4   137.4   160.8   335.8   415.9   466.2   504.6   553.4   619.3   724.3  1043.5  2053.3 12347.2  98796.0    98809
read      356.5   240.8    74.4   126.8   146.7   328.7   412.9   460.3   497.1   540.7   592.6   670.2   888.3  1595.3  8764.4  64318.4    64610
read      358.2   254.0    68.9   124.5   144.3   332.5   415.0   460.3   496.0   539.1   593.3   671.0   912.6  1473.4 10734.1  51307.2    51183
read      357.3   337.1    74.4   123.4   142.2   327.1   415.6   460.0   492.1   527.0   567.0   632.6   911.2  5203.9 16475.4  20216.0    20194
read      374.7   540.0    86.8   139.8   168.0   330.0   380.9   406.7   427.7   452.9   488.6   558.6  1811.9  5060.1 30225.4   7633.6     7602
read      383.3   264.9    74.4   129.0   149.5   349.6   438.8   493.1   534.7   582.1   637.4   726.9  1135.7  1867.1  9658.3  46264.0    46677
read      326.6   485.6    86.8   153.6   183.9   299.4   335.0   355.6   370.9   390.9   417.6   470.4   868.1  5963.7 19420.1   5668.0     5577
read      386.5   451.7    74.4   122.5   141.9   334.7   433.9   487.6   527.7   571.6   629.2   766.7  1270.8  3602.0 26701.7  22902.4    23035
read      430.9   547.1    68.9   128.0   148.9   338.7   432.5   492.6   540.7   602.6   696.1  1104.4  1876.0  5701.1 18416.0  57588.0    57516
read      370.9   237.5    74.4   129.2   149.6   340.3   426.5   474.6   511.9   557.0   615.3   700.3  1031.3  2272.8  6049.5  62880.8    62851
read      378.2   460.3    68.9   124.5   144.3   332.1   418.0   471.2   514.1   559.0   611.2   687.9  1111.2  7947.9 19110.5  38599.2    38431
read      378.6   327.0    74.4   122.2   141.5   329.1   430.1   486.8   526.6   570.3   627.3   737.9  1132.7  3681.3 11786.1  25373.6    25729
read      387.9   345.1    80.4   128.0   148.9   343.2   437.3   486.6   523.0   564.5   623.8   747.3  1174.1  3894.6 12573.1  19462.4    19443
read      468.8   624.9    74.4   124.2   145.8   376.4   516.5   599.2   647.4   701.8   772.8   888.3  2165.9  7526.5 31430.2  19632.8    19461
read      403.7   355.5    74.4   122.4   141.7   328.5   417.6   477.6   530.9   594.3   708.1  1060.8  1572.5  2664.2  7874.3  42544.0    42341
read      333.6   893.1    86.8   143.2   171.5   280.1   317.2   339.0   356.8   381.4   417.3   492.5  1072.5  6915.2 32175.2   5794.4     5691
read      362.2   370.5    68.9   123.1   141.7   326.2   403.8   451.2   488.5   534.4   586.7   666.0  1072.6  4250.3 10817.5  39483.2    40223
read      339.6   232.2    74.4   121.8   139.4   315.0   389.7   435.8   469.7   508.4   556.8   627.4   852.7  1726.7 12025.9  30324.0    29941
read      363.3   269.5    74.4   125.7   145.6   337.1   420.1   468.0   506.6   548.6   599.3   672.6   910.1  1701.2 13225.8  40800.0    41162
read      363.5   253.1    74.4   125.4   145.0   330.9   417.2   469.6   511.4   555.6   607.4   682.9   941.2  1856.9  8907.8  43991.2    43863
read      363.6   290.0    74.4   122.2   141.6   330.7   424.5   471.7   508.1   544.5   591.9   682.1   945.5  2305.0  9842.0  20328.8    20318
read      556.6   494.1    74.4   159.4   201.8   416.7   527.2   602.3   680.7   806.1  1086.8  1639.4  2136.9  3794.3 10386.4  93397.6    93421
read      362.4   244.6    74.4   124.9   144.7   329.4   413.3   462.9   501.5   547.0   600.6   680.2   957.9  3799.3  5121.8  48765.6    48578
read      373.4   532.3    74.4   123.6   142.5   326.4   408.5   458.3   500.4   546.0   596.9   676.9  1057.7  9822.1 20381.9  40600.0    40595
read      361.3   303.9    80.4   124.6   143.4   333.9   418.1   462.8   494.0   530.3   579.0   666.6   964.3  2096.1  6949.8  17744.8    17677
read      358.7   222.2    74.4   129.6   150.5   325.5   408.8   460.3   499.8   546.1   605.1   688.0   915.5  1638.7  8390.1  78749.6    78948
read      349.4   689.9    80.4   131.2   154.6   316.3   364.9   392.6   413.0   436.4   472.8   546.5  1018.9  7480.4 39119.9   9760.0     9703
read      346.2   403.9    80.4   133.7   156.8   318.8   369.1   395.6   416.0   441.2   475.7   537.8  1032.0  3779.7 14955.2   9574.4     9686
read      392.6   711.0    80.4   131.3   160.4   325.2   380.3   410.8   434.2   463.1   503.0   591.1  1959.9 10564.8 31324.6   7967.2     7968
read      409.6   381.2    74.4   124.1   145.2   358.7   450.9   514.9   559.7   610.1   669.1   771.4  1251.4  5506.4 10257.7  15908.0    15830
read      377.6   513.5    80.4   135.6   167.7   350.1   410.4   446.3   469.8   498.4   534.0   592.6  1074.4  4499.5 30021.6   8335.2     8192
read      418.8   439.1    74.4   133.4   157.8   344.5   432.0   487.2   532.9   590.9   677.0   850.4  1882.7  4352.1  9940.7  78578.4    79410
read      357.4   222.7    68.9   127.6   148.3   325.7   408.9   457.7   494.8   540.0   598.5   689.3   926.8  1568.4  7879.9  76639.2    76582
read      383.2   422.4    74.4   127.4   147.9   341.9   426.2   474.3   511.9   556.6   614.5   703.1  1111.3  4840.1 15285.6  54536.0    54634
read      380.1   316.4    74.4   128.6   149.2   337.2   422.3   474.2   513.2   559.2   621.2   728.3  1249.7  2921.9  8934.4  71804.0    72177
read      367.4   534.0    74.4   124.4   143.9   333.8   402.6   441.2   467.7   501.5   544.3   624.3   963.6  5764.6 31011.8  15066.4    15101
read      435.7  1281.4    86.8   142.6   169.5   323.4   372.0   401.4   422.5   447.3   485.3   580.6  3028.7 27311.1 37343.0   8444.0     8167
read      401.0   555.5    74.4   125.4   145.7   337.7   429.1   484.4   528.3   580.0   640.7   770.3  1487.3  5768.9 30736.6  43872.0    44130
read      370.2   286.5    68.9   127.7   147.9   340.1   425.8   475.6   513.6   558.1   611.6   690.5   962.7  1937.6 10196.3  52777.6    53047
read      408.5   340.5    74.4   141.5   169.7   365.7   450.9   500.7   540.2   589.7   665.9   804.5  1124.7  3730.8 10238.2  97249.6    97171
read      422.8   525.6    74.4   137.3   162.2   362.0   452.3   505.8   548.1   600.5   674.8   810.1  1347.2  7315.2 18858.6  81353.6    81360
read      447.3   659.6    74.4   137.5   163.2   365.9   454.7   509.3   555.3   615.3   701.9   873.4  2055.5  6440.4 29358.8  77560.8    77277
read      373.6   252.2    74.4   127.1   146.7   344.1   430.0   481.6   522.8   569.5   621.8   699.4   967.7  2262.9  8858.6  38444.8    38294
read      418.9  1243.5    74.4   131.8   153.2   328.7   384.8   413.7   435.1   462.6   506.6   590.2  1621.3 30341.7 36619.4  11247.2    11165
read      454.3   411.2    74.4   134.6   160.0   366.0   458.5   516.4   566.7   634.9   737.2  1105.3  2052.6  3642.2  8365.6  74086.4    74155
read      348.1   323.1    80.4   130.8   153.0   332.8   393.6   425.5   448.8   476.0   510.7   578.6   908.6  2547.2  9843.5  12313.6    12255
read      451.6   743.6    74.4   127.0   147.3   339.2   431.3   490.5   535.7   593.8   675.9  1051.2  2536.0 11338.1 29623.6  52336.8    52404
read      422.3   974.1    74.4   123.1   142.5   330.4   409.4   451.4   483.0   525.5   586.5   718.0  2141.2 15418.4 31658.9  17240.0    17057
read      339.0   522.9    86.8   152.6   181.7   298.6   334.5   355.2   370.6   391.9   421.2   480.7  1340.9  9017.8 28474.8   5882.4     6005
read      461.7   429.1    74.4   138.6   165.1   362.9   452.9   514.0   568.9   641.9   774.1  1298.8  2117.9  3181.7 10483.4  84764.8    85707
read      381.6   343.3    68.9   130.2   152.4   331.0   417.8   467.3   505.2   553.5   621.1   736.0  1331.7  4141.9  8797.0  79619.2    79742
read      366.6   316.8    74.4   125.5   145.2   330.6   414.7   464.4   502.9   548.1   602.6   684.9  1046.9  2298.1 13361.7  58190.4    58322
read      364.3   749.9    74.4   119.7   137.5   313.9   400.7   448.7   482.1   519.4   561.6   625.5   883.5 11706.0 34011.1  26285.6    26212
read      421.6   449.2    74.4   129.9   151.6   340.3   433.0   489.5   534.7   591.5   679.8   928.1  2088.1  4747.4  8031.9  69691.2    69487
read      368.4   307.9    74.4   125.7   144.8   337.5   423.7   475.4   512.9   555.0   602.8   674.8   974.7  1929.0 10786.1  29600.8    29507
read      375.2   351.7    74.4   127.0   146.4   341.1   429.3   480.7   520.0   563.9   619.3   699.8   996.7  3030.1 10670.8  51625.6    51412
read      378.9   451.7    74.4   126.4   146.9   330.5   415.2   465.6   505.2   551.1   609.7   704.2  1234.0  5797.9 10488.8  67400.0    67374
read      368.3   469.0    74.4   125.7   145.2   328.3   413.2   462.2   498.8   541.3   592.7   672.6  1064.9  4234.8 31040.6  54779.2    55125
read      373.3   412.8    74.4   123.9   142.6   325.3   412.3   463.4   503.2   548.6   606.6   691.4  1406.2  5377.7 10548.5  53117.6    53048
read      355.3   366.3    80.4   127.5   146.5   325.0   385.0   419.3   444.0   472.2   520.0   601.8  1105.5  3984.3 19680.4  12296.8    12192
read      390.3   402.7    74.4   121.7   140.7   322.6   421.4   488.5   539.5   593.7   681.6   909.4  1369.7  2557.1  9147.8  35932.8    36138
read      365.7   239.1    74.4   128.9   149.1   331.5   418.9   469.4   507.9   552.5   609.0   692.8  1015.5  2427.5  9537.8  60733.6    60799
read      349.3   265.3    74.4   124.8   142.9   319.8   398.8   449.1   487.6   531.3   580.1   649.3   910.6  1613.3  8646.3  36384.0    36368
read      356.8   261.1    74.4   125.0   143.2   321.7   407.2   462.6   504.4   550.1   601.8   679.8   914.9  1955.7 11090.4  39690.4    39729
read      407.4   263.1    74.4   143.6   171.2   365.1   453.6   505.3   546.2   596.4   671.9   821.5  1159.6  2265.0  7698.3  95400.0    95693
read      362.9   391.9    74.4   125.1   143.8   320.0   401.8   454.7   495.4   542.2   592.9   666.6   962.1  7879.4 12412.4  40837.6    40999
read      362.0   310.9    74.4   128.7   148.7   327.9   410.8   458.8   496.7   542.5   595.7   683.4   949.0  2010.9 11846.1  65348.8    65037
read      364.9   429.5    80.4   132.2   152.5   337.2   401.8   433.4   457.9   488.5   531.2   601.9   966.4  5259.1 17864.9  12664.8    12633
read      457.9   844.8    68.9   127.9   147.8   333.4   430.0   492.8   541.6   603.1   694.1  1179.3  1996.5 11636.6 31679.1  49677.6    50117
read      372.3   393.6    74.4   128.4   147.6   326.6   412.5   463.8   503.8   551.3   613.4   713.0  1252.7  3626.4 13980.9  63087.2    62765
read      367.7   335.4    74.4   132.6   153.2   341.0   405.3   438.8   463.7   494.8   536.7   632.4  1226.8  4101.9 15328.5  12502.4    12379
read      459.8   740.7    74.4   126.9   146.8   332.5   428.4   493.0   544.0   608.4   712.0  1201.7  2666.1  9407.4 28253.9  49372.8    49369
read      354.1   303.9    74.4   124.7   143.0   320.2   401.6   455.9   498.3   542.5   589.4   654.9   917.9  1830.8 14827.1  38822.4    39111
read      371.7   356.6    74.4   126.9   146.3   332.5   414.8   463.9   502.4   548.0   605.1   688.3  1152.7  4114.8 12096.8  52545.6    52692
read      357.1   242.0    74.4   123.6   142.5   329.0   418.3   468.0   504.7   541.0   582.8   640.9   935.0  1927.7  6702.0  24544.8    24539
read      360.4   286.3    74.4   125.2   144.2   325.4   409.4   458.1   496.0   541.0   598.9   681.6   995.3  2359.8  9364.2  61884.0    61591
read      360.3   428.2    74.4   123.6   142.4   327.5   410.5   459.7   498.5   542.7   594.7   669.5   926.0  2366.3 27951.0  47760.8    47864
read      338.1   283.0    80.4   123.9   143.7   324.0   395.8   431.0   455.7   485.5   523.5   575.0   739.1  3786.8 10051.5  16488.8    16479
read      355.8   252.1    74.4   127.8   148.1   320.3   402.6   452.2   491.4   538.8   598.3   689.8   941.5  1600.2 10673.4  75699.2    75268
read      335.9   580.5    74.4   135.5   157.7   306.9   352.4   376.8   394.3   415.6   445.0   497.6   700.5  8135.7 28885.6   8818.4     8714
read      365.1   705.2    74.4   127.4   148.3   320.2   377.4   408.7   429.6   453.3   483.1   538.1   857.6 11923.1 33501.5  12995.2    13002
read      360.7   291.0    68.9   127.7   148.2   325.2   409.2   459.0   497.1   542.5   601.5   693.2   961.1  1931.2 12556.2  77048.8    77147
read      352.1   243.8    68.9   122.8   141.3   321.6   403.1   450.8   490.2   535.7   586.0   655.0   949.9  1884.4  9186.8  43489.6    43518
read      354.3   335.9    74.4   121.1   138.9   316.6   408.8   461.3   497.8   536.8   579.6   638.2   899.5  4099.2 11778.9  27255.2    27206
read      364.5   252.1    74.4   126.4   146.5   333.6   422.0   471.4   509.6   554.0   611.0   689.6   931.8  1836.9 10528.1  55951.2    55859
read      356.7   434.6    68.9   121.1   139.7   315.8   397.4   447.2   487.8   534.8   585.0   656.1  1049.0  3821.3 30383.2  37328.0    37448
read      349.0   213.8    74.4   122.4   140.8   322.3   402.9   450.9   489.9   535.0   582.0   652.1   898.4  1845.3  4964.9  44737.6    45026
read      381.1   340.5    74.4   137.0   161.3   338.5   419.7   468.2   506.5   554.5   621.0   737.3  1090.1  2967.8  9402.8 100122.4    99974
read      370.1   259.7    68.9   128.5   148.4   334.6   421.9   471.5   511.9   558.9   617.5   705.5  1053.1  2159.5 10056.5  64277.6    64632
read      375.7   463.4    68.9   124.2   143.1   330.1   416.3   468.1   509.6   555.1   608.0   686.6  1103.0  6710.6 10971.3  48994.4    49061
read      380.9   285.9    74.4   131.4   152.9   337.2   423.1   472.2   513.2   565.3   634.3   745.4  1193.7  2673.8  9475.0  80420.8    80418
read      352.1   265.7    80.4   129.6   149.6   336.7   415.7   452.5   475.4   506.8   539.8   590.8   887.7  3016.0 11015.1  16567.2    16471
read      347.3   330.7    74.4   121.0   139.2   313.3   396.3   447.8   488.9   534.4   581.9   643.4   861.6  1882.1 18652.3  35702.4    35694
read      343.2   337.4    74.4   129.3   149.9   326.6   390.1   421.3   442.5   465.6   500.0   548.0   717.9  6751.2 10925.7  13755.2    13935
read      389.3   342.2    74.4   133.2   156.1   343.5   432.1   483.9   523.5   571.7   635.3   739.4  1149.3  4031.2 10164.9  79420.8    79838
read      369.5   269.4    74.4   125.0   145.0   336.6   420.3   469.4   510.2   555.4   608.7   686.8  1107.0  2554.5  7217.5  49136.8    48842
read      342.1   305.4    74.4   122.4   141.7   322.7   402.7   440.3   465.8   495.4   529.2   576.7   721.3  4284.1 10461.1  17912.0    17708
read      351.0   270.5    74.4   120.5   138.9   311.5   401.1   458.8   501.1   540.6   582.5   637.9   900.6  4267.4  7761.4  31038.4    31401
read      353.5   220.4    68.9   124.6   144.0   324.1   407.4   455.6   492.9   537.4   589.4   669.2   921.6  1723.2  5817.6  61955.2    62091
read      366.9   312.2    74.4   130.4   152.1   327.5   407.7   457.1   496.1   543.7   606.9   703.2   997.7  3511.8 11098.6  86856.0    87121
read      356.2   245.7    68.9   127.7   148.2   321.0   404.4   453.9   491.4   537.2   595.6   687.7   939.1  1660.3  8771.1  82359.2    81929
read      354.6   282.2    74.4   121.3   139.5   322.1   402.8   453.0   493.1   537.9   587.4   662.9  1012.3  1785.5 11841.4  42125.6    42013
read      397.7   353.8    74.4   137.4   162.1   353.4   439.7   489.9   528.9   578.1   646.9   780.9  1178.0  3298.6 13468.8  90592.8    90709
read      357.6   254.5    74.4   125.4   144.6   323.2   408.8   457.0   494.5   540.2   595.2   681.9   979.9  2322.9  9387.3  67623.2    67578
read      360.4   297.1    68.9   124.9   144.0   325.7   410.2   458.4   496.5   541.7   595.7   675.8  1026.2  2763.5  9683.2  58013.6    58116
read      369.6   292.6    74.4   127.4   147.1   327.2   414.1   464.0   504.3   551.5   613.7   711.4  1149.7  2529.8 12160.2  68636.0    68886
read      366.6   258.4    68.9   132.0   154.9   327.9   406.3   456.2   495.3   543.6   606.8   702.4  1064.1  2721.0  8858.8  92881.6    93119
read      396.1   403.5    74.4   140.5   166.5   353.2   437.0   487.6   525.6   573.6   641.1   765.8  1128.4  3042.3 15168.8  95311.2    95079
read      362.4   251.8    74.4   127.8   148.3   326.3   410.4   459.9   498.4   547.5   612.8   712.6  1009.4  1640.5  8830.0  77740.8    77456
read      388.9   945.1    74.4   123.8   143.2   319.8   392.9   429.8   454.2   481.5   516.3   570.6  1574.2 11607.5 38970.4  15822.4    15723
read      326.7   317.3    80.4   137.3   159.1   310.6   357.0   382.0   398.7   419.5   446.2   492.6   746.6  6261.1  9335.0   9803.2     9867
read      326.2   531.7    80.4   136.7   159.2   301.6   342.2   363.8   378.5   396.8   422.0   463.6   689.2 10031.2 17533.8   8233.6     8176
read      379.4   299.5    74.4   133.5   156.2   334.9   416.6   466.4   505.8   552.0   622.4   729.8  1170.4  3863.5  8566.2  88776.0    89745
read      315.6   239.1    80.4   131.4   154.2   310.4   358.8   383.8   400.4   420.7   445.7   488.4   633.3  1987.3 11636.6  10912.0    11058
read      371.1   283.2    74.4   129.7   152.0   328.9   409.9   460.3   499.6   548.3   613.6   714.1  1153.8  2778.5  8688.5  81250.4    81413
read      350.7   337.6    74.4   120.9   140.2   319.7   406.6   454.6   485.8   518.9   556.3   616.8   815.3  4371.8 14426.8  21725.6    21659
read      350.5   242.8    74.4   120.6   138.7   319.8   410.8   464.2   503.6   541.0   584.6   640.3   844.8  1809.8  7143.0  27270.4    27181
read      346.9   345.7    74.4   123.6   143.1   319.8   397.9   438.2   464.3   495.5   532.4   583.8   971.3  4403.7 17328.0  17498.4    17420
read      354.9   563.7    74.4   120.0   138.1   312.3   402.8   451.6   482.3   516.2   557.8   621.2   876.5  5058.8 29726.9  22960.0    23028
read      361.5   352.5    74.4   122.9   141.2   325.4   413.2   466.5   505.6   547.0   592.7   666.9  1058.3  2852.7  8399.4  33604.8    33694
read      353.8   280.5    74.4   120.7   139.1   313.3   401.9   456.3   494.0   534.9   582.6   655.0  1102.0  3351.2  5980.9  32316.8    32735
read      370.2   235.5    74.4   127.2   147.2   338.1   425.6   475.0   514.2   561.5   617.5   700.1  1038.8  2439.3  5965.1  57576.8    57645
read      380.2   687.0    68.9   123.3   142.8   327.5   410.9   460.2   500.1   543.6   596.7   672.7   998.9  9584.3 36248.1  44835.2    45216
read      373.4   397.5    74.4   124.3   143.8   330.9   416.8   467.0   505.9   551.5   608.7   692.4  1195.2  5124.9 11426.1  57626.4    57659
read      394.9   428.3    74.4   132.9   156.5   344.2   429.8   483.3   525.8   579.0   649.1   764.1  1221.1  4640.0 11855.7  85872.8    85443
read      325.4   311.1    74.4   123.8   143.5   316.0   380.0   409.5   430.4   454.7   485.5   537.0   659.7  1980.6 19284.3  14384.0    14390
read      333.9   228.7    68.9   117.7   135.5   301.7   387.8   441.7   479.0   520.1   563.7   624.1   773.1  1791.8  7788.2  31283.2    31520
read      346.7   241.9    74.4   123.3   142.6   316.3   398.5   448.1   484.8   530.0   585.7   665.2   867.2  1550.6  8561.6  66809.6    67089
read      334.0   305.1    74.4   121.0   141.0   319.7   390.5   426.4   451.1   479.0   513.5   561.1   703.5  2613.6 12842.4  16613.6    16537
read      342.0   250.3    74.4   124.2   143.6   323.5   405.6   447.9   477.5   507.4   541.6   588.9   755.6  2574.6  8669.8  18960.0    18930
read      352.0   268.1    68.9   122.6   141.9   324.5   404.2   454.0   491.9   535.5   588.0   660.5   872.0  1791.8 13113.5  46469.6    46784
read      358.2   261.5    68.9   129.8   152.5   320.6   399.9   447.4   484.0   529.8   589.5   685.5   971.5  2335.2  9553.5  93473.6    93102
read      354.3   231.3    74.4   128.8   150.6   320.5   399.4   449.7   488.5   534.3   591.7   682.3   930.5  1615.6  8499.1  89889.6    89799
read      355.0   230.6    74.4   124.5   144.4   325.3   408.0   457.0   494.7   540.6   597.2   675.4   893.8  1859.9  8041.6  66589.6    66551
read      372.3   297.1    68.9   133.1   156.4   332.6   415.5   466.1   505.8   553.6   617.2   722.5  1031.0  2123.5 10309.5  93242.4    93104
read      378.9   789.6    68.9   120.7   139.7   319.4   397.5   445.3   483.4   528.1   579.3   648.6   941.9 11961.1 35362.1  43970.4    43768
read      347.5   237.9    68.9   122.2   141.0   317.7   398.3   444.9   481.8   525.8   576.6   651.3   921.8  2300.8  7908.0  54135.2    54006
read      348.2   228.9    68.9   124.1   143.5   316.3   399.1   449.6   486.9   530.6   583.2   659.3   915.8  1852.5  7471.2  64932.0    64618
read      354.3   225.0    68.9   128.9   149.9   320.0   399.0   447.1   483.6   529.8   591.1   686.7   942.3  2087.1  7553.7  86377.6    86482
read      359.9   381.9    74.4   126.9   147.4   319.7   402.0   450.7   488.7   535.7   592.6   678.9   970.0  2125.0 12845.6  77507.2    77459
read      352.6   230.8    74.4   124.3   143.4   322.6   405.3   453.5   491.0   535.7   589.3   670.1   913.2  1882.2  6851.2  61886.4    61365
read      344.2   209.7    74.4   121.8   140.4   313.8   395.1   444.7   482.8   529.0   581.8   653.9   912.4  1670.7  5871.5  52009.6    52346
read      369.6   241.7    68.9   129.1   151.9   330.8   411.4   461.5   500.5   548.5   616.4   723.6  1135.5  1957.4  7695.0  87575.2    87286
read      326.8   241.3    74.4   121.7   140.0   314.9   388.3   423.9   449.0   477.7   513.8   556.8   686.0  1852.8  8410.6  17329.6    17384
read      361.4   301.2    68.9   130.7   153.0   321.9   398.8   446.2   483.6   530.5   591.6   691.5  1028.6  2653.0  6594.2  97821.6    98165
read      362.4   256.3    68.9   126.6   146.2   331.7   418.4   468.3   507.1   551.3   606.1   684.8   926.4  1759.3 12078.8  62999.2    63330
read      325.9   513.7    86.8   148.2   176.7   286.0   318.9   337.3   350.4   368.2   394.0   447.6  1167.3  8245.3 15827.4   5878.4     5866
read      357.2   524.4    74.4   119.4   136.9   309.5   395.1   448.8   488.9   533.8   581.3   646.5   959.4  5873.7 30497.7  37458.4    37693
read      355.5   290.7    68.9   125.4   145.5   316.9   401.0   449.8   486.1   530.6   588.6   675.1  1028.7  2026.7  9891.6  75421.6    75360
read      349.1   373.0    74.4   119.6   136.9   305.7   389.6   441.2   479.4   523.2   571.0   634.5   945.1  5503.0 11756.5  34754.4    34753
read      348.0   279.7    74.4   122.7   141.8   315.2   397.3   445.4   482.4   526.7   581.2   653.7   885.0  2096.4  9625.0  59844.0    59823
read      346.2   208.4    74.4   124.0   143.4   314.5   397.4   447.3   484.8   530.3   584.3   663.6   925.1  1605.5  4230.0  68108.8    68266
read      347.7   235.9    68.9   120.8   139.6   314.7   397.2   448.1   487.3   532.5   581.8   655.8   979.8  1930.0  8594.1  39231.2    39383
read      357.5   260.0    68.9   124.6   144.7   320.3   404.5   454.2   492.1   537.3   591.9   673.7   994.1  4225.3  5537.4  64946.4    65072
read      409.5   637.3    68.9   119.3   138.0   315.1   412.3   478.5   528.2   587.5   702.5   981.6  1499.6  9529.8 30516.6  33332.8    33192
read      351.6   280.8    68.9   122.0   140.3   317.4   394.6   440.2   473.9   518.4   570.6   647.2  1070.8  4228.4  8543.1  52149.6    51847
read      354.1   278.3    74.4   123.7   143.2   315.6   397.4   444.8   481.0   527.3   583.3   669.0  1124.5  2893.0 10096.3  62600.0    62362
read      352.0   275.4    68.9   127.1   147.1   315.4   395.3   444.0   482.5   528.7   585.5   674.9   944.1  2382.0 10475.7  83656.0    84073
read      376.4   540.1    68.9   127.7   147.7   335.4   425.2   474.2   512.0   561.3   621.7   710.8  1082.9  2269.9 32448.6  64502.4    64213
read      344.3   405.4    68.9   117.8   134.8   307.0   394.3   446.0   480.8   518.2   555.9   614.8   780.8  4556.9 12589.3  26920.8    27059
read      357.4   332.2    68.9   124.3   144.3   323.9   408.5   456.8   495.1   541.5   595.2   670.3   889.0  1853.6 16312.0  54716.0    54703
read      409.3   461.7    74.4   142.2   169.4   359.3   441.6   491.7   532.3   584.0   656.2   784.0  1202.0  6004.5 19281.5  97593.6    98366
read      358.0   331.1    74.4   121.0   139.7   319.4   401.0   451.6   488.0   530.4   578.4   645.1  1062.6  5203.3 11314.5  29820.8    29565
read      348.6   251.2    68.9   125.5   145.3   314.2   394.6   443.1   480.7   526.5   582.8   670.8   932.3  2109.2  8873.0  75293.6    75000
read      347.9   206.0    68.9   123.8   142.8   319.2   401.9   450.9   487.8   531.7   584.4   660.9   876.5  1940.7  5581.5  62480.8    62235
read      348.4   220.6    68.9   123.3   141.9   319.5   402.2   453.3   492.2   537.2   588.0   661.2   881.3  1499.6  5971.6  48395.2    47788
read      352.7   245.5    74.4   123.8   143.9   320.4   405.2   455.9   493.6   538.8   596.6   679.0   916.5  1501.1 10175.4  68904.0    68928
read      335.3   217.1    74.4   118.2   135.6   304.4   387.9   439.0   479.9   524.5   570.7   631.4   793.8  1502.7  5058.9  36429.6    36478
read      350.3   300.6    74.4   123.5   143.2   312.2   393.1   442.4   480.9   529.1   584.4   669.6   982.9  2468.9 13523.3  75780.0    76067
read      348.5   192.6    74.4   122.6   141.6   321.1   403.8   454.6   492.7   537.6   587.5   660.0   868.7  1735.5  3786.5  47126.4    47020
read      376.9   297.8    74.4   132.8   155.3   341.5   425.4   473.6   513.8   562.8   625.8   726.8  1008.8  1862.2 13047.1  81900.0    81656
read      328.9   298.2    74.4   121.8   141.1   322.0   391.5   425.1   448.0   471.8   505.0   545.0   665.9  1811.7  7529.3  16298.4    16396
read      353.1   321.0    74.4   123.8   143.4   328.5   417.4   464.7   495.8   528.9   566.9   621.4   799.5  2500.8  7709.2  21704.8    21661
read      358.6   222.7    74.4   124.4   143.1   330.6   415.6   467.6   508.0   552.0   602.3   678.2   865.3  1875.1  7190.2  49918.4    50156
read      344.4   248.6    74.4   121.9   141.2   319.3   399.7   444.6   479.3   523.6   575.9   645.1   837.2  1325.8  8217.8  54067.2    54102
read      358.0   450.5    68.9   124.4   143.6   319.3   399.6   447.7   484.5   529.4   584.0   663.5   914.8  4289.3 12835.5  66127.2    65670
read      332.0   286.2    74.4   121.7   141.8   317.4   392.2   428.5   453.8   482.0   515.9   564.6   685.7  2566.3 10991.6  17592.8    17584
read      359.6   397.8    74.4   122.1   139.9   316.6   410.5   465.1   504.5   546.0   591.0   661.0   894.1  4307.4 15546.8  30405.6    30347
read      336.1   351.9    74.4   118.7   137.0   310.2   393.7   437.5   466.9   499.8   535.9   586.8   769.8  2065.7 17720.7  21458.4    21534
read      332.0   383.9    80.4   136.7   159.0   317.8   365.9   390.2   406.1   426.5   453.1   498.5   673.7  7720.6 15925.5  10288.0    10216
read      347.4   236.5    74.4   126.5   146.6   314.9   394.9   443.7   481.4   527.5   586.9   670.8   865.8  1519.5  9261.2  79927.2    80544
read      369.1   282.5    74.4   125.9   146.3   342.0   425.3   471.9   510.4   553.8   606.8   684.2  1003.5  1711.2 10334.0  45628.8    45508
read      334.5   384.6    74.4   118.2   136.8   306.4   389.6   432.2   459.8   492.3   530.7   583.8   786.7  2016.9 15992.1  21539.2    21591
read      343.3   564.5    80.4   125.6   144.6   323.3   393.7   426.4   448.7   473.9   507.1   554.3   721.7  3822.7 31594.2  15440.8    15435
read      349.6   423.7    80.4   123.7   144.0   323.7   388.7   419.5   439.1   461.4   493.0   547.4  1051.4  5769.6 14620.8  14368.8    14502
read      344.0   373.2    74.4   123.4   143.4   322.7   395.3   428.7   451.2   475.9   506.7   555.7   722.1  5077.7 12717.7  16281.6    16369
read      343.1   246.2    68.9   120.1   139.2   314.0   392.4   443.6   482.1   528.0   578.2   642.3   831.1  2353.0  9388.8  42381.6    42077
read      340.8   328.4    68.9   119.3   137.1   309.7   391.5   445.0   485.8   529.1   574.6   635.0   798.9  1634.9 13697.6  37841.6    38334
read      336.2   446.1    80.4   120.1   138.6   315.7   388.2   424.8   449.2   475.9   513.2   563.9   727.6  4153.5 21223.7  17792.8    17694
read      378.1   633.2    74.4   128.3   148.7   326.0   411.2   460.8   499.8   546.9   607.7   700.4  1179.6  5934.4 18073.1  74294.4    75056
read      349.9   314.9    68.9   123.1   142.2   322.4   401.0   446.4   482.8   527.9   582.0   653.5   859.4  1679.2 13005.5  53916.0    53845
read      330.4   301.3    74.4   125.9   145.1   315.6   375.9   406.1   425.6   447.9   475.3   523.8   687.5  5303.7  9742.4  13378.4    13319
read      349.9   270.7    74.4   125.7   145.1   314.2   394.2   442.1   480.0   528.5   586.0   669.9   922.9  2597.7  8670.5  77884.8    77808
read      340.1   198.2    68.9   121.1   139.5   310.8   392.8   443.1   481.9   528.8   579.7   645.1   817.5  1477.7  5643.0  44259.2    44423
read      328.6   248.6    74.4   117.3   135.2   300.4   387.0   435.6   468.2   502.9   541.5   594.9   748.4  1496.3 10898.4  25704.8    25669
read      346.7   221.9    74.4   124.5   144.0   317.9   396.8   442.2   477.0   520.8   573.5   651.5   920.5  1927.1  8091.9  65879.2    66463
read      355.5   238.1    68.9   122.0   140.9   320.1   406.8   465.9   508.9   551.6   599.0   673.7   935.0  1922.2  9578.7  35512.8    35396
read      343.5   222.0    74.4   119.7   137.4   307.2   396.2   451.8   491.2   533.8   580.5   642.3   917.4  1816.2  5927.4  33988.8    33885
read      347.8   483.0    74.4   129.4   151.0   324.5   379.8   409.0   429.5   453.1   482.2   530.7   851.1  5959.9 24887.6  11895.2    11712
read      354.3   244.5    68.9   123.6   142.8   322.7   403.7   452.8   490.5   536.4   591.1   670.9  1044.6  1727.1  8870.2  50548.8    51485
read      359.0   272.8    74.4   123.0   143.2   316.3   399.6   447.8   485.6   530.6   585.5   673.8  1382.9  2452.0  7923.1  58866.4    59378
read      384.5   459.1    68.9   132.6   156.6   330.5   409.5   458.0   496.8   545.6   615.1   739.5  1421.9  4186.9 14051.2  94535.2    94757
read      358.8   275.5    68.9   126.3   146.0   320.6   403.3   452.7   491.1   537.9   598.1   685.8  1043.7  2330.6 12536.1  71876.0    71707
read      319.3   439.7    80.4   143.6   174.3   288.2   323.5   342.3   357.5   375.0   402.1   452.0  1226.0  8523.0 14774.1   6256.8     6184
read      367.0   233.3    74.4   126.8   147.1   337.1   422.8   471.6   510.7   557.1   612.5   688.6   969.0  2300.1  6837.1  52360.8    52631
read      344.4   253.1    68.9   120.2   137.8   309.8   399.7   453.8   492.9   533.3   577.8   641.7   814.8  3399.6  7957.1  31246.4    31188
read      363.1   270.2    68.9   130.4   153.5   326.1   404.4   452.1   488.7   536.3   600.6   703.7  1002.9  2294.6  6339.4  92484.8    92326
read      355.0   274.3    68.9   125.5   146.3   321.0   401.6   450.1   487.3   534.2   592.5   682.2   934.9  1620.3 14116.0  78424.8    78268
read      352.9   232.6    68.9   125.7   146.8   316.0   395.1   444.7   484.3   531.7   590.0   676.5  1046.5  2245.7  6485.3  78505.6    78655
read      338.7   358.2    74.4   118.6   136.3   304.2   391.8   443.3   478.9   520.0   561.6   619.1   771.8  1870.9 17250.7  29814.4    29798
read      386.6   339.3    74.4   134.1   159.0   341.1   422.2   471.0   509.1   559.2   630.5   748.7  1241.4  4279.9 10462.8  95816.0    96196
read      340.8   251.8    74.4   119.8   138.0   311.9   392.2   443.7   482.1   526.3   574.8   636.6   796.1  1527.5 10337.4  39176.8    39289
read      328.0   344.7    80.4   125.0   144.5   316.6   378.6   408.3   427.6   450.4   478.8   525.9   640.6  3939.2 15574.5  13853.6    13806
read      371.7   250.5    74.4   129.4   152.7   335.7   415.8   465.9   507.3   558.1   623.9   722.3  1015.4  1938.2  8188.5  86181.6    86543
read      349.1   224.0    68.9   123.5   143.2   317.1   398.6   445.0   482.1   529.2   584.0   664.2   987.3  1743.7  7196.6  67472.8    67095
read      368.0   990.0    74.4   122.9   142.2   312.0   376.4   408.2   430.0   456.0   489.2   541.4   746.7 10952.0 32307.7  15191.2    15164
read      339.1   290.6    74.4   119.9   139.2   311.2   397.1   441.4   470.4   504.5   541.8   594.4   728.6  4719.7 10375.9  21601.6    21544
read      356.2   278.0    68.9   127.9   148.8   322.3   401.6   450.6   489.1   537.0   596.7   681.6   918.8  2339.0  9009.7  80511.2    80587
read      358.1   380.0    74.4   130.1   151.8   322.4   399.7   446.4   482.6   530.9   593.1   686.9   939.9  2012.1  9950.5  91186.4    90870
read      332.5   311.2    74.4   120.3   139.3   313.4   391.1   427.9   452.8   480.2   513.5   561.2   702.8  5285.7 11879.1  18167.2    18274
read      336.7   287.6    74.4   118.8   136.5   304.8   386.1   439.4   475.9   518.3   565.5   627.4   781.7  2022.7 13319.5  33749.6    33727
read      323.7   254.4    74.4   128.7   148.2   314.5   368.6   394.7   413.9   437.7   469.8   519.7   675.8  3856.5 10675.0  11652.8    11433
read      351.4   294.6    74.4   124.3   143.6   326.8   403.4   442.2   467.4   497.4   534.7   592.0   964.1  4882.6  6943.8  17059.2    17009
read      349.1   219.2    68.9   123.9   143.4   321.5   402.3   451.2   488.8   533.9   586.5   658.6   855.8  1679.5  8194.3  61288.0    61531
read      365.8   223.4    74.4   128.8   150.1   328.9   413.0   461.9   500.1   546.8   609.0   710.7  1091.1  2219.6  3906.4  77908.0    77691
read      358.4   262.0    74.4   127.3   147.7   324.3   408.5   459.2   497.7   543.0   601.8   687.8   960.4  1743.6  7633.1  74862.4    75329
read      372.7   273.6    74.4   130.6   152.8   336.8   420.6   469.8   510.1   560.4   624.4   723.3  1031.4  1811.0  9686.7  79722.4    79936
read      364.4   275.0    74.4   127.3   148.2   328.8   413.3   463.8   502.6   548.6   607.7   698.2   975.5  2319.3 11877.1  74962.4    74872
read      314.1   252.4    74.4   138.3   164.9   301.1   340.5   363.1   379.7   400.3   428.6   479.8   712.6  3324.9 10311.8   7426.4     7464
read      354.9   613.0    74.4   129.3   149.6   321.3   380.0   409.9   428.5   451.1   479.8   527.9   740.7  6921.6 29537.0  12145.6    12219
read      342.9   276.4    74.4   120.8   140.2   324.1   406.5   448.4   476.6   507.2   542.7   590.3   751.9  3271.0 10874.3  19880.0    19906
read      341.6   314.5    74.4   124.0   142.5   325.1   404.5   441.7   466.9   496.4   530.8   580.1   731.9  3096.4 11038.1  18053.6    18108
read      316.6   317.9    93.8   144.7   174.2   292.8   330.5   351.5   367.3   386.6   412.2   462.5   867.2  5112.3 12142.0   6470.4     6498
read      315.7   462.4    86.8   148.7   176.6   284.7   319.7   340.0   354.6   371.1   398.3   456.4   758.9  9393.7 19389.9   5827.2     5794
read      350.0   285.1    68.9   122.0   140.9   317.4   398.2   446.4   484.8   532.1   585.8   657.1   862.4  4752.9  6581.3  54140.0    54376
read      333.2   372.8    80.4   126.8   147.2   318.2   375.6   404.5   425.2   448.8   478.2   524.7   683.3  4321.2 16807.6  12696.8    12545
read      379.0   260.7    68.9   134.7   157.9   343.4   427.1   476.1   516.7   566.9   630.8   735.4  1038.7  1725.0  9565.0  85741.6    86110
read      354.8   527.7    80.4   138.7   163.2   322.7   369.9   394.6   412.2   432.3   460.5   509.4   911.1  8759.9 16012.3   9712.0     9730
read      390.4   302.4    74.4   132.5   155.9   342.5   428.4   479.5   520.2   571.5   639.6   769.0  1399.0  2886.5  9065.0  81748.8    82140
read      383.4   276.4    74.4   134.2   157.8   348.1   433.9   484.2   522.4   570.0   634.0   739.0  1081.4  1780.6 10408.5  78483.2    78511
read      358.4   216.0    68.9   126.7   146.4   326.7   410.2   460.9   499.3   546.1   603.1   686.3   958.9  1925.8  5642.5  68276.0    68231
read      370.7   951.9    74.4   130.2   152.8   320.1   371.9   398.3   416.8   436.4   467.1   521.7   875.4  8126.4 39516.2  11505.6    11420
read      357.3   230.7    68.9   130.8   153.0   324.7   401.8   448.9   485.6   533.8   595.1   685.9   918.4  1894.7  7706.1  89239.2    89777
read      345.7   212.8    74.4   124.4   144.3   316.3   397.2   444.9   481.5   526.6   581.1   659.4   863.7  1712.8  5915.8  75615.2    75189
read      372.8   250.5    74.4   135.0   160.5   339.5   419.2   466.7   504.8   551.9   616.4   716.0   966.3  1719.2  9257.5  96112.0    96119
read      353.6   274.5    74.4   123.9   143.5   316.9   398.5   448.2   488.5   534.5   589.7   674.8  1016.0  2182.7 10064.0  69973.6    69998
read      357.8   246.9    63.8   126.3   146.8   318.9   400.8   449.2   487.0   535.0   595.7   686.9  1111.8  2689.4  5586.3  79153.6    79345
read      336.0   257.0    74.4   118.5   137.4   312.5   398.8   442.7   471.5   505.6   541.4   592.7   757.1  2596.4 11316.4  21804.0    21991
read      383.0   329.9    68.9   134.9   160.2   332.9   413.8   463.5   503.0   554.5   624.1   739.5  1438.0  2987.0  9942.7  99613.6    99920
read      330.4   326.8    74.4   124.1   143.0   315.6   381.9   413.1   433.3   457.2   488.2   537.2   721.7  3172.1 16350.7  15011.2    15067
read      358.8   259.7    68.9   131.8   154.2   320.2   399.0   448.5   487.6   533.7   591.8   684.2   981.7  1948.0 10419.3  95780.0    96201
read      346.3   315.3    74.4   116.7   134.6   303.6   393.3   445.8   481.3   519.9   563.2   625.4   953.1  4317.3  9304.2  28308.0    28442
read      328.2   252.2    74.4   117.5   135.0   302.4   382.7   428.5   459.7   493.5   532.8   587.3   744.8  2022.7  9876.5  23796.8    23738
read      317.2   252.9    80.4   136.4   157.9   310.9   354.9   377.9   393.7   412.3   437.2   483.8   589.3  3763.4  9419.9   9675.2     9437
read      361.6   393.3    74.4   130.5   152.8   320.5   398.1   444.9   483.0   529.5   589.4   687.9   923.7  5778.3 10132.0  96918.4    97039
read      342.1   326.8    74.4   119.6   138.2   311.3   389.5   438.8   477.1   522.5   569.0   631.2   795.2  1970.5 12604.7  39805.6    39843
read      333.5   353.2    74.4   130.7   152.3   324.2   376.5   403.1   423.3   445.7   471.7   525.7   747.7  3090.0 19802.9  11651.2    11616
read      366.6   237.5    74.4   127.7   147.9   335.4   424.5   472.3   512.1   560.2   615.2   689.0   979.4  1698.3  9486.3  56163.2    56350
read      338.0   267.7    74.4   118.3   136.3   303.4   395.9   444.7   477.0   512.6   549.5   600.7   784.5  3317.3  9858.6  24618.4    24650
read      341.7   237.4    74.4   120.4   138.8   310.4   394.7   448.6   488.0   530.2   574.9   634.4   851.2  1523.9  8638.6  33864.0    33825
read      356.4   238.8    74.4   124.6   144.5   323.3   408.6   459.0   498.1   542.8   593.4   672.2   919.4  2020.2  7965.1  53856.8    54193
read      351.8   231.8    74.4   125.4   145.9   317.7   399.0   449.2   489.0   536.6   593.2   679.1   927.6  1787.1  7973.8  76389.6    76287
read      336.3   292.8    68.9   117.9   135.3   302.5   388.0   439.2   477.0   518.7   561.4   621.8   772.2  1977.8 14609.0  30538.4    30507
read      348.8   254.8    68.9   120.6   138.8   315.4   396.2   447.4   486.6   533.4   584.3   655.5  1008.0  1794.9  9430.0  43612.8    43736
read      368.4   329.7    68.9   128.8   150.7   326.1   405.9   455.8   495.5   543.8   609.4   706.7  1105.5  2911.6  9913.9  81860.0    81903
read      354.7   276.2    68.9   126.2   146.3   317.6   399.1   446.8   485.3   532.2   590.7   679.8   927.4  3073.4  8787.9  80234.4    80570
read      358.0   247.7    74.4   130.9   153.1   323.9   402.1   450.3   487.9   535.5   597.5   691.6   916.9  1910.2  9612.9  90971.2    90992
read      348.4   228.5    68.9   126.5   147.3   318.6   397.9   445.4   482.7   528.5   586.6   669.7   860.7  1390.0 11238.7  79032.0    78961
read      357.8   404.7    68.9   119.6   138.7   313.4   395.7   448.9   490.1   535.1   583.2   650.2  1007.4  7711.6 10896.1  37818.4    37791
read      384.8   256.1    74.4   138.4   164.2   346.4   429.7   479.5   517.6   566.9   632.8   746.1  1061.9  2063.4  7890.3  97908.0    97764
read      356.7   219.6    68.9   125.7   145.8   325.5   408.4   458.1   496.0   540.9   597.5   682.0   955.4  1582.7  6353.5  71199.2    71081
read      346.2   403.1    68.9   120.3   139.3   309.6   386.6   432.0   466.0   507.3   555.4   626.6  1015.0  3328.8 13587.3  32404.0    32361
read      329.4   242.0    68.9   119.4   138.6   305.4   380.0   425.4   458.7   499.3   545.9   603.3   723.1  2815.5  6926.7  41587.2    41597
read      326.1   247.4    68.9   119.5   138.5   301.8   377.7   423.5   457.8   497.6   543.2   602.6   729.8  1221.1 12410.5  36225.6    36321
read      345.5   231.8    68.9   130.5   152.9   316.6   395.9   441.3   475.2   516.3   570.7   653.4   839.2  1147.9  8016.5  97767.2    97570
read      330.4   238.5    68.9   120.8   140.6   311.1   382.2   425.1   457.7   497.0   543.4   604.4   723.5  1667.3 10810.5  50562.4    50500
read      320.2   206.1    68.9   119.1   137.7   296.1   373.6   421.2   454.2   492.0   533.7   583.9   688.9  1416.4  7249.3  32224.0    32308
read      311.6   175.7    68.9   126.0   145.1   309.8   366.9   396.3   415.7   435.5   461.6   502.7   590.7  1840.5  5898.3  14082.4    14115
read      335.9   193.9    68.9   124.0   143.4   312.0   391.5   436.2   469.5   510.7   560.9   624.8   760.9  1647.9  3947.3  64487.2    64826
read      337.5   301.1    68.9   122.1   141.5   309.5   388.8   434.2   467.4   508.3   558.9   625.7   774.5  2204.1 13544.1  68543.2    67795
read      335.5   186.5    68.9   128.3   149.7   309.0   386.0   430.1   463.4   502.9   556.7   638.6   801.5  1025.9  4619.5  92637.6    92688
read      334.6   253.4    68.9   124.2   143.6   309.9   388.3   433.1   467.2   508.9   559.6   629.1   767.4   991.6  8064.8  73973.6    74427
read      327.7   215.3    68.9   119.1   138.1   300.2   382.9   432.8   467.2   505.2   545.8   596.8   713.6  1695.6  8810.6  31307.2    31361
read      334.4   200.0    68.9   122.3   141.2   312.4   390.0   434.3   467.8   510.5   559.4   621.8   739.5  2159.0  3953.5  50800.8    50686
read      323.5   267.9    68.9   119.2   137.1   299.0   380.1   424.1   454.0   487.2   526.2   577.4   693.1  1863.6 12555.8  27010.4    26859
read      322.2   342.8    74.4   123.0   141.9   309.4   371.4   403.7   425.0   448.6   476.3   520.3   659.4  3944.9 15462.7  16080.0    15666
read      332.5   211.8    68.9   127.7   148.7   306.0   379.0   423.0   456.8   499.0   552.3   631.3   785.6  1001.5  8112.7  97404.8    97479
read      325.0   214.9    68.9   119.4   137.2   300.9   374.7   422.1   458.0   500.0   545.9   597.1   699.1  1458.1  6970.7  40562.4    40641
read      326.4   274.3    74.4   119.1   137.4   296.7   376.9   426.1   461.0   501.3   544.4   597.6   714.5  1715.0 14155.6  35559.2    35398
read      340.5   180.9    74.4   125.4   145.3   319.6   398.9   445.3   479.6   520.1   570.8   638.2   771.8  1057.1  3888.0  68870.4    68885
read      337.5   195.4    68.9   125.5   146.2   311.0   388.4   434.2   469.2   513.7   568.2   642.6   788.5  1078.0  4651.9  83057.6    82658
read      326.4   209.9    63.8   119.2   138.4   300.9   379.6   428.8   462.6   503.4   546.1   605.7   704.3  1329.7  7634.1  37403.2    37588
read      320.8   213.6    74.4   120.1   138.6   311.2   385.8   422.0   446.8   473.8   509.0   552.8   641.2  1537.5  7878.3  19460.8    19382
read      326.3   245.1    68.9   118.7   136.9   300.6   380.1   427.3   461.3   502.0   546.4   603.5   706.7  1529.0 10808.9  39734.4    39597
read      329.3   163.2    68.9   121.5   140.5   309.6   386.7   430.8   464.2   506.1   554.5   616.5   725.1   911.0  3222.8  56944.0    57154
read      328.4   196.1    68.9   120.0   138.7   305.7   381.2   427.3   462.7   505.7   550.9   613.4   730.0  1644.0  5300.3  51963.2    52183
read      304.4   271.1    80.4   140.1   165.6   286.7   322.2   341.4   356.4   373.7   397.3   444.6   661.1  3868.1  8202.7   7219.2     7024
read      321.1   326.1    74.4   124.0   143.1   313.4   376.7   407.5   428.1   450.5   476.0   521.6   619.2  2961.8 22137.6  15980.8    16027
read      335.7   198.7    68.9   123.6   144.1   308.7   388.6   434.0   467.9   509.0   561.9   634.1   780.0  1763.6  4458.9  79605.6    79406
read      335.8   250.2    68.9   127.1   148.8   307.2   382.2   426.2   459.4   499.4   551.4   636.1   793.3  1099.3 10543.3  97840.8    98199
read      331.0   183.3    68.9   122.3   142.0   306.0   383.9   429.2   464.2   506.6   559.6   626.9   766.7  1217.2  4197.3  75654.4    75565
read      326.4   182.3    63.8   120.3   139.4   306.5   380.3   425.0   458.7   499.9   545.2   607.6   710.0  1016.1  4617.9  48951.2    48872
read      322.9   255.7    68.9   118.4   136.3   295.0   375.5   423.5   457.5   498.9   541.8   593.8   685.6  1368.3 12049.4  36979.2    37140
read      339.1   285.7    68.9   127.9   149.3   311.6   385.6   430.3   464.0   506.1   564.9   645.3   792.8  1058.5  9166.3  91165.6    91170
read      314.7   189.5    74.4   121.2   140.2   307.6   379.8   413.0   434.4   457.6   485.6   527.9   625.0  1819.2  7864.0  18256.8    18318
read      345.0   951.6    74.4   118.1   136.4   300.6   385.8   429.7   457.6   487.5   521.2   566.2   660.5  4280.7 40342.4  24286.4    24202
read      311.6   390.4    80.4   145.8   174.2   294.3   327.9   346.3   360.2   374.3   400.0   448.7   602.7  4019.3 15725.4   7232.8     7149
read      325.1   268.4    68.9   117.9   135.6   294.1   383.7   433.9   466.3   502.7   540.5   587.1   682.7  2029.6  8442.9  28268.0    28608
read      332.7   238.9    68.9   122.7   141.9   309.5   387.5   431.9   465.6   507.7   555.3   617.8   737.1  1469.7  8341.6  59566.4    59337
read      331.0   179.3    68.9   123.5   142.2   309.5   387.3   432.0   465.3   505.2   554.9   623.2   752.8  1049.4  2682.5  70905.6    71066
read      338.3   245.4    68.9   126.2   145.7   311.3   389.4   434.7   468.7   511.8   563.7   633.1   807.4  1237.5  9769.0  68391.2    68555
read      327.8   221.0    68.9   124.5   142.5   307.2   379.4   423.8   457.4   498.0   543.7   603.4   711.9  1439.4  6497.9  47431.2    47586
read      345.9   249.5    68.9   130.7   152.4   318.8   395.4   438.8   473.3   518.7   576.1   655.5   804.5  1084.1 10083.2  81788.0    81864
read      337.2   191.7    68.9   129.4   150.3   309.4   386.8   432.6   467.6   510.1   565.8   640.3   788.2  1017.6  4834.7  84395.2    84384
read      336.3   217.3    68.9   126.2   146.1   308.8   388.8   435.2   469.5   512.0   563.1   631.6   776.2  1264.1  8754.4  73321.6    73197
read      334.1   176.9    74.4   127.2   146.8   313.2   389.5   433.1   465.7   505.5   551.9   615.3   739.3  1340.7  4829.6  58919.2    58808
read      305.3   356.8    80.4   136.3   157.9   294.7   334.2   354.0   368.0   386.0   409.8   457.0   595.9  2009.0 21240.0   8737.6     8661
read      341.8   233.3    68.9   126.4   146.7   315.0   394.4   440.1   473.0   514.6   565.7   634.7   776.6  2402.9  9247.3  67205.6    67893
read      322.3   265.2    68.9   121.1   138.3   297.9   380.1   425.6   456.3   490.2   527.9   575.8   676.3  1844.4  7906.0  27093.6    27081
read      328.1   214.5    68.9   122.3   141.0   304.6   376.3   422.2   456.2   497.0   543.1   603.6   730.3  1826.3  7584.5  38719.2    38973
read      321.1   272.6    74.4   121.0   139.2   297.1   377.9   421.2   450.0   481.7   517.8   564.4   654.7  1836.3 12370.6  25118.4    25147
read      328.5   219.1    74.4   122.9   141.4   301.5   385.8   434.8   468.6   507.9   546.0   592.9   691.3  1698.8  8994.2  29680.8    30015
read      333.4   212.4    74.4   122.6   141.6   310.8   385.4   431.9   467.5   509.6   554.0   611.8   735.4  1922.8  4588.1  43660.8    43619
read      343.2   218.1    68.9   131.0   153.0   314.5   391.2   436.4   470.5   510.4   567.0   651.8   826.6  1123.6  7601.5  97944.0    98527
read      335.2   183.0    68.9   124.1   144.2   312.3   392.0   437.1   471.1   511.5   559.8   625.6   746.8  1039.3  4818.9  67594.4    67442
read      335.7   220.0    68.9   123.0   142.0   313.0   390.8   435.4   469.3   510.7   558.6   622.2   748.4  1483.9  8699.2  59356.8    59250
read      325.6   264.8    68.9   118.0   135.6   295.9   381.8   431.7   466.6   505.3   544.0   594.6   691.3  1790.5  9589.7  30986.4    31042
read      322.2   227.9    63.8   118.5   136.6   300.8   384.9   427.2   455.4   486.7   522.7   568.1   652.0  1981.5  8383.7  22986.4    23168
read      325.0   340.0    68.9   132.5   154.2   318.2   368.6   395.3   413.4   432.9   459.7   500.2   592.0  2588.1 16055.4  12277.6    12188
read      332.1   231.7    68.9   123.8   143.2   308.7   388.2   432.6   465.6   506.9   555.9   621.0   742.6   983.8  4849.3  67781.6    68103
read      329.8   208.4    68.9   121.2   139.8   307.3   382.3   426.3   459.8   500.9   547.3   607.4   728.4  1399.5  7652.0  44928.8    44810
read      337.1   203.7    68.9   126.6   147.1   312.7   386.5   431.1   466.5   509.7   565.9   642.3   779.9   997.2  5914.3  84929.6    85198
read      338.6   201.8    68.9   123.7   143.2   317.1   396.7   442.5   476.1   517.1   567.5   633.0   751.5  1014.5  4387.9  64698.4    64988
read      325.3   176.7    68.9   120.3   138.8   300.6   376.7   428.5   465.4   508.8   553.0   606.2   692.5   942.2  4128.1  38612.0    38245
read      322.3   243.8    74.4   119.8   138.1   297.1   371.8   417.9   452.0   492.7   539.7   597.5   710.8  1508.6 10276.6  39539.2    39413
read      307.2   314.6    74.4   131.5   154.0   293.4   333.2   354.2   369.6   388.8   412.7   454.2   647.2  4015.4 12731.1   9544.8     9583
read      348.9   206.9    68.9   130.1   152.2   321.6   401.0   448.0   482.6   526.1   581.5   665.4   825.5  1101.0  4887.8  89399.2    89844
read      344.5   267.1    68.9   125.2   145.5   320.8   402.7   448.0   481.3   522.5   571.5   638.1   790.2  1085.5 12386.2  70144.0    70336
read      339.8   276.7    68.9   124.1   144.0   316.3   393.2   436.2   468.2   508.8   559.5   625.6   762.1  1851.6 14228.5  55986.4    56324
read      342.0   213.6    68.9   124.1   143.6   320.8   401.3   448.2   481.3   522.0   570.6   634.5   760.2  1012.1  5126.0  64189.6    64001
read      336.8   208.8    74.4   123.3   143.8   310.6   388.0   432.9   468.4   511.6   563.8   639.8   794.7  1120.6  7838.7  79948.8    79935
read      345.3   200.0    68.9   125.9   145.9   322.2   403.3   448.9   482.6   524.4   573.3   639.5   780.0  1374.6  5829.3  64297.6    64293
read      327.9   241.7    68.9   119.2   138.4   302.7   377.3   423.9   457.8   497.8   544.8   604.0   722.5  1596.1 11002.2  40692.8    40603
read      335.5   220.7    68.9   124.2   144.1   313.5   392.4   437.8   472.3   513.5   561.1   623.1   745.1  1006.8  6133.0  58968.0    58949
read      302.5   347.4    74.4   139.3   164.1   285.0   318.6   338.2   352.2   369.2   390.8   429.2   587.1  4068.1 16388.4   7273.6     7297
read      325.7   266.2    68.9   119.8   137.8   300.0   374.8   420.9   455.6   496.7   543.2   600.3   723.1  1334.1 10203.9  42067.2    42332
read      327.2   241.3    68.9   120.5   139.5   303.8   377.2   421.5   454.6   494.3   541.5   600.8   705.3  1815.0  8494.3  47272.8    47325
read      335.8   228.7    74.4   124.3   143.6   314.0   391.9   435.9   468.9   509.2   557.5   624.1   752.5  1105.5  8496.8  63212.8    63001
read      336.6   199.0    68.9   127.1   148.7   307.9   383.5   428.0   462.3   506.0   564.3   646.4   813.5  1194.4  4752.9  95760.8    95603
read      323.4   210.7    68.9   118.2   136.7   298.6   374.5   422.0   456.4   495.9   539.9   592.4   694.0  1460.9  7687.9  39950.4    40233
read      315.9   195.6    68.9   121.9   141.2   313.4   373.3   402.7   424.1   447.9   476.4   525.7   618.7  1804.7  7846.8  15515.2    15311
read      319.3   341.3    68.9   116.6   134.4   296.1   381.4   425.4   452.0   479.7   513.0   556.6   640.6  1855.7 25841.2  23740.0    23880
read      302.4   245.6    80.4   136.5   159.4   296.4   334.2   354.4   368.4   386.1   408.0   447.6   542.9  3909.8  8102.4   8487.2     8459
read      363.0   283.0    68.9   131.8   154.3   321.3   398.1   443.3   479.1   525.1   586.9   689.6  1300.7  3830.5  9483.3  96464.0    96950
read      346.5   249.8    63.8   123.3   143.3   309.8   388.8   434.1   469.3   513.2   569.6   654.9  1124.6  2126.9  9583.1  75283.2    75208
read      325.1   197.1    68.9   118.7   137.4   302.4   375.8   421.9   457.5   500.9   546.4   598.1   705.9  1547.3  6514.3  39176.8    39389
read      340.7   190.3    68.9   126.8   147.8   314.1   390.3   436.3   471.4   517.6   576.3   655.1   803.9  1089.6  5550.1  79807.2    79892
read      332.4   202.1    68.9   127.3   148.0   303.1   377.9   422.4   457.1   500.3   555.9   636.3   799.2  1511.4  7731.9  96210.4    95654
read      325.4   210.0    68.9   120.6   139.8   303.1   374.0   419.6   454.3   495.7   541.9   601.9   730.9  1233.1  7956.1  44858.4    45055
read      316.0   249.1    68.9   131.4   152.5   310.1   357.3   384.8   403.5   425.8   453.4   494.5   588.0  1868.1  9226.8  11033.6    10973
read      333.8   203.6    74.4   122.9   142.2   310.8   388.0   432.6   466.9   506.8   554.7   624.4   774.5  1385.5  7592.0  69779.2    70015
read      334.8   231.2    68.9   123.9   144.2   311.1   385.4   429.4   463.5   505.8   559.8   635.9   779.2   996.7  6316.3  78524.0    78241
read      332.4   205.7    68.9   125.8   147.1   305.8   379.9   425.2   459.7   502.4   557.1   636.3   781.3  1001.6  9181.3  91552.0    91472
read      332.4   208.2    68.9   122.2   141.5   311.4   387.8   433.1   466.6   507.9   554.3   615.0   729.7  1055.7  6596.7  57704.0    57947
read      335.1   209.1    68.9   123.8   144.2   309.1   387.0   432.4   466.3   508.6   561.7   636.3   788.8  1007.0  8031.8  79121.6    79016
read      318.1   234.8    68.9   119.4   137.6   306.8   378.5   412.9   435.9   462.1   495.5   539.8   631.2  1847.7  8096.5  18266.4    18117
read      330.5   205.1    68.9   122.8   142.2   308.8   384.3   428.2   461.1   500.6   548.5   611.6   724.4  1477.8  9551.3  54781.6    55130
read      328.8   218.0    68.9   121.3   140.5   308.5   380.5   423.3   455.7   494.3   539.8   600.0   725.8  1555.6  8962.5  50124.0    50438
read      325.8   200.4    68.9   120.1   139.4   304.5   376.7   424.6   459.4   498.9   543.2   600.0   709.2  1008.6  6531.6  38908.8    38809
read      325.0   244.8    74.4   122.9   142.0   316.6   379.7   410.8   432.6   457.8   489.4   535.7   639.8  4516.1  8150.6  15720.0    15631

Total QPS = 50492.1 (39383816 / 780.0s)

Total connections = 64
Misses = 0 (0.0%)
Skipped TXs = 0 (0.0%)

RX 9727803046 bytes :   11.9 MB/s
TX          0 bytes :    0.0 MB/s
Warning! Detected max cpu usage > 95%
CPU Usage Stats (avg/min/max): 100.00%,48.74%,100.00%
