Random waveform, supplied seed
Total number of intervals = 180 (7434, 67201, 85927, 63953, 31595, 87879, 7287, 62295, 6561, 22532, 60653, 59076, 60154, 22964, 8172, 27652, 37594, 24367, 33771, 84944, 85666, 51918, 34406, 28664, 38289, 20658, 13840, 93419, 98284, 71313, 42089, 46458, 30755, 42889, 93552, 65694, 29574, 51355, 67361, 16287, 81508, 87619, 99068, 51267, 11822, 97494, 97350, 55460, 85984, 82043, 52873, 13911, 49984, 9274, 27187, 18735, 86505, 93039, 75999, 32324, 84255, 81759, 37291, 53818, 30297, 31569, 38927, 10652, 98119, 48176, 34929, 69735, 20753, 84642, 42333, 61587, 77998, 97625, 23781, 66723, 31016, 47394, 95335, 5252, 65908, 16889, 42912, 99898, 26385, 22616, 50605, 90283, 26273, 48521, 34058, 75648, 19482, 15054, 75754, 5187, 17656, 96343, 36665, 85269, 31525, 61798, 12253, 25710, 79937, 7271, 85861, 91467, 72217, 31080, 76878, 84584, 12492, 57106, 96245, 6791, 90728, 5151, 82969, 42635, 99337, 95192, 69200, 49459, 29055, 64324, 5705, 84816, 23714, 74116, 19948, 44213, 19454, 7190, 47657, 44399, 6481, 5807, 83137, 9580, 37385, 33706, 35204, 50438, 48878, 42682, 27416, 64424, 64364, 5481, 26227, 26586, 86286, 24452, 26832, 29795, 46224, 84587, 63389, 46953, 90536, 12508, 38491, 97806, 11813, 39665, 53571, 63215, 78767, 8615, 67903, 16398, 53434, 38068, 9130, 69227)
Average QPS expected = 49317
Timestamp start: 1715605638344
Timestamp end: 1715606538965

#type       avg     std     min      p5     p10     p50     p67     p75     p80     p85     p90     p95     p99    p999   p9999      QPS   target
read      448.8   987.9   160.7   221.4   244.1   362.3   401.0   424.9   442.5   466.8   507.5   611.9  2139.4 11969.0 32338.5   7387.6     7434
read      424.3   509.1   148.8   203.7   218.9   350.2   428.1   475.8   514.5   566.2   639.9   798.3  1611.0  5351.8 19073.1  67244.8    67201
read      441.4   475.7   148.8   208.6   227.1   367.5   444.4   493.7   534.5   589.0   669.8   834.3  1661.8  5532.7 15016.3  86006.0    85927
read      405.8   425.8   148.8   201.8   216.5   341.4   416.4   462.5   498.9   546.9   619.8   761.3  1350.8  4835.3 14090.9  63966.2    63953
read      407.4   390.6   148.8   201.6   216.1   349.7   440.1   488.5   524.5   567.5   624.1   734.3  1163.0  5321.1 15140.2  31625.6    31595
read      418.0   446.8   148.8   206.0   223.3   353.9   425.5   469.8   506.5   555.6   629.6   774.1  1407.1  4803.6 16277.7  87907.6    87879
read      437.6   805.9   148.8   220.0   243.2   361.7   402.4   427.7   447.3   471.4   510.4   613.1  2057.6 11082.7 31804.3   7378.6     7287
read      411.4   423.1   148.8   201.8   216.4   345.8   423.4   470.2   507.6   556.6   628.7   767.5  1410.9  4351.8 13630.6  62178.6    62295
read      473.5  1300.9   160.7   218.9   243.2   351.5   391.8   416.2   435.0   462.7   505.8   626.6  2388.3 28917.1 35619.3   6596.2     6561
read      452.4   624.5   148.8   198.6   212.9   369.2   461.1   510.1   549.0   600.8   695.2   890.8  1623.4  8489.4 31045.0  22419.8    22532
read      413.6   431.0   148.8   202.7   217.5   351.7   431.1   478.9   517.0   567.7   638.4   776.0  1286.5  3743.3 17334.8  60564.0    60653
read      407.2   438.6   148.8   200.3   214.9   344.4   420.4   467.4   504.8   553.1   622.4   750.5  1290.8  5696.4 12606.5  59053.8    59076
read      404.1   434.5   148.8   200.7   214.8   339.8   416.8   463.4   500.9   549.5   621.0   756.4  1349.9  3891.2 14990.8  60262.0    60154
read      436.0   527.6   148.8   201.3   215.3   366.1   456.2   502.0   535.8   577.6   637.3   788.6  1415.4  7874.9 19171.0  22980.6    22964
read      497.7  1343.6   160.7   212.1   231.9   364.5   411.8   440.4   463.7   495.9   546.7   682.4  3165.4 28682.5 37696.6   8170.6     8172
read      419.6   523.1   148.8   199.3   213.1   354.8   444.5   492.4   527.5   570.2   627.1   745.1  1256.5  6442.9 19223.5  27676.0    27652
read      407.6   535.2   148.8   198.3   212.6   345.3   427.2   475.1   511.6   558.9   620.0   724.4  1196.7  6921.5 27312.0  37662.4    37594
read      441.0   557.2   148.8   201.6   215.5   366.9   459.3   508.9   547.6   594.6   670.8   848.5  1441.7  7205.6 19573.8  24429.2    24367
read      413.5   471.2   148.8   199.6   213.6   349.2   440.1   490.8   528.1   573.7   633.4   762.1  1220.8  4952.5 16151.9  33695.6    33771
read      500.7  1132.8   148.8   208.4   227.7   377.4   444.8   487.7   523.5   573.9   652.2   832.6  1841.2 12909.5 35907.3  84873.8    84944
read      417.4   433.7   148.8   204.9   222.1   355.7   428.2   473.6   511.5   561.2   631.7   767.0  1299.7  5825.1 13849.3  85602.2    85666
read      404.2   288.8   148.8   200.5   215.3   349.1   428.6   476.4   514.4   565.2   633.5   758.4  1248.1  2599.0 10558.4  52043.2    51918
read      395.2   398.5   148.8   197.8   212.0   339.1   423.1   470.9   505.7   548.0   602.7   701.1  1124.2  4195.6 14857.2  34372.4    34406
read      412.1   445.0   148.8   200.0   214.1   348.3   440.1   487.9   522.9   564.4   621.7   740.6  1243.2  5105.7 14940.0  28689.2    28664
read      404.3   277.6   148.8   200.2   214.5   349.9   434.3   485.8   524.1   571.4   633.7   749.0  1199.9  2571.7  8061.1  38330.8    38289
read      443.6   715.5   160.7   202.6   216.7   367.4   453.3   495.5   526.4   565.4   628.6   788.0  1483.9  8513.1 31351.0  20609.8    20658
read      433.9   552.3   148.8   205.4   221.2   377.6   442.3   476.9   505.6   544.7   606.3   731.2  1486.5  7289.0 28085.0  13820.0    13840
read      450.3   461.6   148.8   209.9   229.8   373.8   451.9   504.2   548.4   607.1   690.2   868.7  1646.6  5702.4 15655.8  93411.4    93419
read      432.1   358.6   148.8   212.3   233.4   376.9   450.0   498.1   537.2   587.9   662.3   800.1  1254.0  2949.1 16340.3  98123.4    98284
read      419.2   503.1   148.8   201.8   217.2   348.1   423.0   469.2   506.9   557.0   629.1   771.0  1449.6  7737.3 19536.0  71264.4    71313
read      403.8   280.9   148.8   200.0   214.6   348.0   430.6   481.6   520.5   568.9   634.3   755.9  1245.8  2419.8 10250.3  42056.4    42089
read      429.6   610.8   148.8   202.1   217.3   353.4   436.6   487.0   526.7   578.7   651.9   789.7  1397.2  8341.8 30697.9  46742.0    46458
read      412.7   405.1   148.8   203.0   218.0   353.8   448.1   498.2   533.3   574.1   628.3   740.2  1171.5  4354.6 14248.4  30927.2    30755
read      413.2   453.2   148.8   202.1   217.2   350.6   434.8   485.3   523.4   570.7   634.3   760.9  1250.5  4620.2 17282.3  42893.2    42889
read      431.1   375.4   148.8   210.2   230.0   370.6   445.8   494.9   534.7   586.0   663.2   811.9  1342.8  3566.2 12297.6  93508.0    93552
read      415.4   379.9   148.8   203.5   219.2   353.1   433.0   482.4   520.8   570.3   641.2   784.2  1321.6  3921.0 15462.3  65496.6    65694
read      417.3   484.9   148.8   202.0   216.4   353.9   444.0   493.9   529.9   572.3   629.6   744.2  1203.1  6312.2 16401.9  29595.4    29574
read      416.9   331.8   148.8   203.4   218.8   354.3   437.4   488.9   528.6   579.0   651.1   796.8  1355.4  3462.3 10162.5  51191.2    51355
read      413.6   388.3   148.8   203.5   219.4   351.8   429.3   477.1   515.4   565.1   635.9   773.8  1362.2  3772.6 14305.5  67139.4    67361
read      449.8   634.8   160.7   205.2   221.0   387.5   462.2   505.1   541.7   592.8   670.4   794.5  1349.3  7553.7 30736.5  16324.6    16287
read      429.3  1467.1   148.8   204.7   221.6   357.0   431.7   479.3   518.2   569.4   641.1   782.1  1274.0  5242.0 28827.0  81464.4    81508
read      417.6   416.5   148.8   204.8   222.2   358.0   430.5   475.9   512.6   562.0   634.1   775.9  1354.1  3798.6 22659.3  87434.2    87619
read      442.9   406.9   148.8   212.6   234.2   380.3   456.3   505.3   545.6   598.5   678.8   832.9  1381.1  4252.4 12823.9  99071.0    99068
read      406.5   294.9   148.8   200.6   215.4   348.8   428.6   478.1   517.0   565.7   633.4   763.3  1327.3  2995.3  9735.8  51447.4    51267
read      436.2   487.2   160.7   209.7   227.2   383.4   444.7   477.4   503.4   541.7   602.5   737.5  1469.8  7591.9 20591.5  11883.2    11822
read      469.8   491.5   148.8   216.4   239.5   397.1   480.8   537.6   583.2   641.3   729.3   885.2  1462.4  5573.2 18470.3  97259.0    97494
read      432.4   432.0   148.8   210.7   231.0   373.5   448.6   497.9   538.2   589.5   663.4   797.8  1232.9  4164.8 17047.9  97395.6    97350
read      417.6   338.3   148.8   202.1   217.1   352.5   434.1   484.1   523.4   575.2   648.7   796.0  1457.8  3636.3  9411.3  55348.8    55460
read      434.1   515.7   148.8   208.1   226.2   365.3   441.2   490.0   528.6   578.2   650.7   793.5  1326.1  7777.7 19526.9  85829.2    85984
read      422.3   436.5   148.8   204.4   221.2   357.9   433.9   482.7   521.9   573.1   646.0   789.6  1296.8  5074.6 15265.4  82004.6    82043
read      407.8   281.5   148.8   200.6   215.7   347.8   427.8   476.4   515.1   566.8   637.9   776.4  1387.7  2578.4  8729.7  52930.2    52873
read      444.6   699.2   160.7   207.1   223.2   381.6   449.1   485.3   512.1   549.2   612.3   744.2  1509.3 10256.7 30117.6  13984.8    13911
read      409.0   358.7   148.8   199.6   214.3   345.2   425.9   476.9   517.1   567.3   635.8   775.8  1368.6  3827.4 12797.5  49896.0    49984
read      465.9  1050.7   160.7   212.7   231.6   368.5   420.2   450.7   473.3   508.1   561.5   676.7  1883.2 13643.7 32440.3   9323.0     9274
read      431.6   561.7   148.8   202.6   217.5   357.9   450.0   497.8   532.8   576.0   636.0   779.5  1372.2  7545.7 28348.0  27090.0    27187
read      453.0   457.7   160.7   204.6   220.0   387.7   473.5   523.2   563.8   624.7   721.0   867.5  1398.2  4988.6 24112.5  18706.2    18735
read      439.7   529.1   148.8   207.5   226.0   368.6   444.2   493.2   533.0   585.6   662.7   807.4  1381.0  7896.6 23142.0  86589.4    86505
read      422.8   424.7   148.8   207.8   226.8   364.4   437.3   485.0   523.4   573.3   642.5   774.3  1226.4  4419.7 16595.4  93003.0    93039
read      401.6   443.1   148.8   201.0   216.2   343.4   415.7   460.7   496.3   542.2   608.6   730.9  1223.6  3674.7 16804.3  75793.2    75999
read      409.3   363.6   148.8   200.8   215.2   351.2   440.8   492.0   528.8   572.6   630.9   748.7  1187.4  3922.1 12249.4  32179.4    32324
read      437.3   588.1   148.8   205.7   223.6   362.9   437.3   485.8   524.5   575.5   651.1   806.4  1477.1  9503.2 25119.6  84193.4    84255
read      418.0   490.6   148.8   204.4   221.2   355.6   430.1   476.0   513.0   562.9   633.2   760.4  1226.4  4737.6 21322.8  81947.2    81759
read      413.4   450.4   148.8   201.0   216.2   352.5   438.7   490.2   527.8   573.4   632.7   746.6  1211.3  4713.8 16701.3  37362.8    37291
read      411.8   289.8   148.8   202.4   217.5   354.5   434.3   484.3   524.3   575.7   645.2   771.8  1328.9  3057.1  8879.2  53725.2    53818
read      411.6   461.6   148.8   201.4   216.4   351.9   439.4   487.8   523.1   565.0   619.7   725.6  1166.1  7178.7 17906.3  30096.6    30297
read      410.6   382.9   148.8   201.7   216.6   351.7   440.7   491.6   528.0   571.1   627.8   744.8  1187.2  4369.9 12752.9  31404.8    31569
read      406.9   324.5   148.8   201.1   216.1   348.3   433.3   485.7   525.5   573.5   635.9   752.6  1232.6  2863.7 10943.8  38946.6    38927
read      460.8   881.3   160.7   211.3   230.4   376.1   432.7   466.1   494.4   533.0   591.9   727.8  1763.1 13419.0 31579.0  10631.2    10652
read      446.3   442.6   148.8   216.7   239.1   387.2   464.8   515.7   556.6   610.5   685.3   822.6  1242.5  3855.0 19170.8  98145.0    98119
read      427.7   546.6   148.8   202.9   218.1   356.0   440.0   492.0   533.3   584.7   655.9   784.9  1369.3  7995.1 28158.7  48278.0    48176
read      405.9   302.6   148.8   201.4   216.0   351.6   439.5   491.1   529.3   574.6   634.1   742.9  1157.3  3190.4  9068.1  34888.2    34929
read      424.2   456.6   148.8   203.2   219.1   352.6   430.9   479.0   518.2   570.3   644.9   804.5  1523.7  4918.6 12903.1  69748.6    69735
read      492.1   898.3   148.8   202.7   218.3   387.7   482.5   537.3   581.9   647.1   748.1   926.4  1806.3 15475.2 33335.0  20753.6    20753
read      422.2   429.3   148.8   204.6   221.8   357.9   433.0   481.4   519.9   570.2   642.6   790.0  1402.6  4382.2 15650.7  84617.4    84642
read      399.8   274.3   148.8   198.7   213.3   346.9   429.8   479.7   518.9   567.2   630.0   742.9  1196.6  1902.1  8748.9  42291.0    42333
read      411.8   448.2   148.8   200.4   215.0   345.5   421.8   468.9   507.6   559.3   630.5   772.5  1388.2  4705.5 16240.2  61541.6    61587
read      405.2   389.7   148.8   201.1   216.7   346.9   420.2   465.2   501.6   547.8   616.9   743.0  1273.5  3895.8 13728.6  78109.8    77998
read      455.1   438.5   148.8   212.6   234.5   386.2   467.1   521.7   566.0   624.0   707.2   862.6  1526.5  4565.3 16584.4  97655.0    97625
read      440.4   722.7   148.8   202.9   217.4   363.4   453.6   499.0   532.7   574.2   635.8   791.2  1427.5  7973.5 31932.6  23822.2    23781
read      413.9   493.6   148.8   201.4   216.6   350.3   428.5   476.2   514.8   564.0   634.3   765.3  1278.8  3906.6 18133.7  66802.2    66723
read      463.2   838.8   148.8   201.9   216.7   358.1   449.7   502.3   541.4   588.5   657.8   833.9  1869.8 10191.0 34430.6  31207.8    31016
read      409.7   355.2   148.8   199.4   214.3   346.2   427.4   477.6   516.7   567.8   634.7   768.6  1350.5  4076.0  9327.8  47541.2    47394
read      444.3   465.3   148.8   209.9   230.2   375.7   454.5   506.2   548.9   607.0   689.6   847.2  1401.7  4823.6 18704.7  95164.6    95335
read      524.1  1600.5   160.7   223.9   248.8   334.5   369.1   391.0   407.3   431.7   469.9   589.7  5405.3 29582.5 38972.5   5268.4     5252
read      398.1   311.3   148.8   200.0   215.2   342.3   417.9   465.0   502.6   549.2   619.5   747.7  1252.9  2533.3  9258.5  66016.2    65908
read      449.5   653.3   148.8   203.9   219.3   384.5   461.2   502.1   535.1   580.6   658.0   799.7  1393.8  8128.8 30794.0  16927.0    16889
read      411.7   438.4   148.8   198.6   213.3   345.7   431.1   482.4   521.8   571.3   637.0   761.7  1268.6  5483.2 13789.2  42928.4    42912
read      455.7   438.7   148.8   213.7   236.3   388.7   471.5   528.4   573.8   631.9   717.9   868.9  1332.3  4326.7 20969.3  99785.0    99898
read      444.8   693.5   148.8   198.3   212.8   355.4   450.0   499.4   536.2   584.2   667.2   848.6  1501.2  9085.0 30986.6  26253.0    26385
read      444.9   478.6   148.8   199.7   214.8   372.0   464.8   515.0   555.1   612.0   708.4   884.8  1489.5  5015.5 15578.0  22595.0    22616
read      413.3   451.4   148.8   199.7   214.6   347.6   428.2   476.8   515.5   564.4   633.1   761.8  1369.4  4300.4 14563.3  50495.8    50605
read      426.4   420.9   148.8   206.9   225.2   364.0   436.0   483.7   522.4   573.3   645.6   794.7  1436.9  4235.4 18636.0  90262.2    90283
read      484.4   759.0   148.8   201.6   217.6   372.4   474.2   534.3   582.1   648.3   769.5   979.1  1734.4  9944.4 31379.8  26150.4    26273
read      413.1   504.4   148.8   197.9   213.0   343.3   421.7   469.9   508.1   557.0   624.3   753.0  1319.9  8140.9 16219.0  48551.4    48521
read      396.0   263.0   148.8   198.2   212.8   343.2   430.5   480.8   518.5   562.8   619.9   728.3  1124.8  2273.6  9499.8  33933.4    34058
read      403.7   489.2   148.8   198.2   213.6   339.3   409.3   454.4   489.8   536.8   605.6   737.5  1332.5  5779.1 16571.9  75682.0    75648
read      431.6   543.7   148.8   202.5   217.2   371.7   454.4   496.0   526.9   565.7   627.0   772.0  1354.5  7713.9 30423.1  19442.8    19482
read      430.0   581.0   148.8   203.4   218.5   374.7   439.8   472.8   499.1   533.7   588.0   725.8  1550.1  8118.5 29482.1  15135.0    15054
read      406.7   399.2   148.8   200.3   215.8   344.8   419.9   465.2   502.3   549.9   621.7   756.9  1407.0  4198.9 13544.0  75795.8    75754
read      409.7   660.3   160.7   223.0   248.5   338.1   372.9   395.8   413.9   436.9   475.6   589.9  2077.6  9124.7 26634.9   5209.8     5187
read      443.1   663.1   148.8   200.9   215.1   372.0   448.9   488.0   518.9   559.5   624.9   768.8  1522.1 12037.6 28700.5  17609.4    17656
read      436.9   476.3   148.8   208.4   228.5   372.2   449.2   500.3   542.5   596.5   674.7   818.8  1337.7  4812.9 15632.6  95987.2    96343
read      408.0   477.7   148.8   197.8   212.4   343.6   430.4   481.1   519.8   565.4   626.4   740.8  1210.3  4642.4 20323.1  36596.0    36665
read      422.6   414.5   148.8   204.6   222.0   360.9   435.6   483.7   523.4   575.0   648.3   790.8  1345.8  4040.5 16744.3  85231.0    85269
read      422.5   554.1   148.8   200.3   215.0   352.7   441.0   491.3   528.6   573.9   633.7   748.4  1297.5  8697.6 29299.8  31654.6    31525
read      512.1   760.5   148.8   204.1   221.2   374.6   467.6   532.4   588.2   670.5   819.8  1231.2  2443.2  9721.0 30791.1  61652.2    61798
read      473.1   907.0   148.8   207.5   224.1   380.4   440.0   472.9   501.9   541.5   608.3   750.0  2804.3  9476.6 35768.2  12344.2    12253
read      477.2   844.9   148.8   203.6   219.0   365.9   465.1   519.6   560.5   618.0   717.9   940.5  1923.6 11003.0 31977.9  25605.2    25710
read      424.4   444.6   148.8   204.5   221.3   357.9   434.0   481.6   520.6   572.7   650.3   808.6  1419.2  4381.7 15297.6  79823.8    79937
read      493.7  1284.3   160.7   216.3   239.2   357.9   402.9   431.7   455.1   485.0   532.5   680.4  4012.2 23779.7 40653.2   7257.2     7271
read      425.0   610.3   148.8   204.2   221.2   355.0   427.1   470.3   504.7   547.7   608.2   715.2  1570.0  8420.8 29879.3  85690.6    85861
read      490.8   941.9   148.8   209.6   229.9   383.5   460.7   508.5   547.4   598.4   675.4   824.6  2147.5 12806.0 35453.8  91470.8    91467
read      423.6   451.8   148.8   201.8   217.4   351.8   429.5   478.1   517.8   569.3   644.2   803.2  1503.2  6332.9 17202.0  72182.8    72217
read      410.5   293.5   148.8   202.6   217.5   357.1   446.0   496.5   534.6   578.9   635.4   745.4  1182.0  3481.3 10543.4  31167.8    31080
read      404.2   295.5   148.8   201.2   216.8   345.6   419.9   465.9   503.1   550.7   621.9   756.2  1366.4  3742.8  7763.3  76728.8    76878
read      437.2   516.0   148.8   205.0   223.0   364.4   440.5   490.4   531.7   586.0   667.4   828.7  1506.9  7004.1 18854.4  84350.6    84584
read      469.6   900.8   160.7   206.7   223.4   383.6   448.8   487.6   521.1   569.9   640.1   778.8  1655.2 13654.4 34891.9  12540.2    12492
read      409.2   456.0   148.8   200.1   215.1   349.5   426.8   472.3   508.9   556.7   622.9   737.5  1291.4  4198.8 16919.4  57046.8    57106
read      479.6   548.8   148.8   219.0   243.2   402.4   489.3   545.7   591.0   649.7   733.3   883.0  1471.3  8146.8 24103.8  96347.6    96245
read      533.8  1641.1   160.7   217.5   240.4   351.4   392.2   416.2   433.6   458.9   497.6   598.2  5699.3 30586.7 39900.9   6821.2     6791
read      422.2   415.0   148.8   207.2   225.7   363.8   436.3   482.7   520.4   569.9   639.0   776.8  1256.0  4560.0 16162.7  90496.8    90728
read      399.8   573.7   160.7   230.1   256.9   340.6   372.4   393.0   407.7   430.8   465.4   548.8  1722.9  8016.7 24698.2   5171.8     5151
read      418.7   414.3   148.8   204.4   221.4   355.5   429.8   475.6   512.9   562.3   634.5   784.5  1449.4  3647.8 16194.9  82748.8    82969
read      416.8   533.7   148.8   200.0   214.9   348.0   429.5   479.2   517.5   564.6   628.1   754.5  1343.5  6772.8 20387.8  42711.4    42635
read      442.5   374.6   148.8   212.8   234.8   382.9   459.5   508.5   549.2   602.0   677.3   823.7  1336.9  4043.6 11622.3  99405.4    99337
read      459.1   487.7   148.8   215.1   237.3   391.2   471.2   526.7   570.8   628.9   711.6   850.9  1295.0  5910.0 19920.1  95232.6    95192
read      402.3   372.5   148.8   201.0   216.0   343.4   418.0   463.4   500.2   546.6   613.1   737.5  1244.4  4349.3 13977.5  69440.0    69200
read      418.2   478.9   148.8   201.5   216.6   351.3   431.7   480.7   520.1   571.5   640.4   774.4  1378.6  5640.8 16200.2  49277.8    49459
read      412.9   431.9   148.8   204.9   220.6   357.0   446.1   496.1   531.3   571.6   625.6   734.8  1150.2  3925.3 14358.2  29067.4    29055
read      425.5   466.2   148.8   204.1   220.2   351.8   431.4   481.0   521.2   574.3   651.8   811.3  1549.7  4827.8 15800.7  64337.6    64324
read      436.4   906.6   160.7   230.0   256.6   348.6   384.5   405.0   425.9   452.1   493.0   590.7  1909.1 12475.8 36782.6   5747.8     5705
read      426.3   478.9   148.8   204.7   222.3   358.2   431.3   478.6   518.0   569.7   642.4   797.4  1473.0  5685.7 16017.9  84559.2    84816
read      435.4   650.3   148.8   201.7   215.9   359.2   448.9   493.6   525.5   563.7   620.1   749.3  1338.1  8760.0 30828.5  23707.6    23714
read      427.1   699.0   148.8   202.5   218.2   352.4   428.3   473.7   509.2   554.4   619.5   735.4  1497.5 10016.6 31193.3  73832.0    74116
read      395.8   457.4   148.8   201.7   215.1   358.5   435.7   471.7   496.7   525.2   561.4   623.9   933.3  5502.0 18984.4  19982.0    19948
read      395.4   376.8   148.8   199.1   213.8   344.4   422.2   468.7   505.2   549.5   608.3   694.1  1099.7  3636.2 12417.6  44166.2    44213
read      404.3   618.6   148.8   203.4   217.4   360.5   435.6   471.0   496.4   525.0   561.0   623.9   932.2  7623.8 31428.0  19470.2    19454
read      411.3   795.8   160.7   221.8   244.1   351.4   386.8   404.9   421.2   438.0   466.1   524.7  1680.1 10156.4 36662.2   7254.4     7190
read      411.6   416.4   148.8   201.9   216.6   352.4   432.0   480.0   517.1   563.9   627.5   739.4  1329.5  4521.7 15611.3  47467.0    47657
read      406.1   402.2   148.8   200.4   215.2   351.3   431.3   478.9   516.0   562.4   620.9   720.1  1214.9  4612.6 15938.0  44410.8    44399
read      388.2   585.7   160.7   222.9   246.4   343.0   375.3   393.4   404.9   422.9   445.2   496.3  1238.3  8483.0 17496.9   6460.8     6481
read      388.9   581.3   160.7   224.1   249.1   335.9   366.2   383.9   397.1   414.7   439.4   503.3  1691.3  8568.2 28015.7   5764.4     5807
read      377.1   353.2   148.8   198.0   212.6   333.4   399.6   439.3   469.5   508.2   561.4   646.5   993.2  3433.3 15419.2  82955.2    83137
read      395.2   483.7   160.7   217.5   235.8   364.7   406.3   428.6   444.5   463.4   490.0   538.1   868.5  6558.8 24133.7   9524.4     9580
read      398.6   407.6   148.8   199.7   214.4   345.4   428.7   478.9   516.8   560.3   612.8   698.7   962.3  4709.7 13907.3  37294.4    37385
read      389.3   316.7   148.8   198.6   213.4   340.5   427.5   477.3   512.9   552.4   600.0   680.3   934.1  3134.7 10570.0  33681.4    33706
read      388.4   238.2   148.8   199.0   213.7   341.8   426.9   476.6   513.3   554.2   603.4   682.9   979.8  2850.1  7896.9  35231.8    35204
read      405.9   408.8   148.8   200.3   215.2   349.7   430.9   480.4   518.1   565.3   626.5   730.1  1169.8  4342.1 12798.6  50451.4    50438
read      394.0   296.1   148.8   199.3   213.9   346.7   425.9   473.7   510.7   557.1   615.3   711.4  1029.6  2405.8 12634.6  48694.6    48878
read      393.1   272.6   148.8   198.9   213.5   345.5   427.6   477.3   514.8   560.0   615.5   709.1  1036.6  1946.4  9919.8  42632.4    42682
read      401.4   374.3   148.8   202.7   217.7   353.7   443.1   490.6   523.3   559.7   603.6   681.5   976.6  3906.7 17625.9  27461.8    27416
read      398.1   352.1   148.8   201.3   216.1   348.4   423.8   469.0   504.8   548.8   609.0   713.6  1108.6  3223.1 14349.2  64375.2    64424
read      386.6   356.1   148.8   199.4   213.7   340.9   414.8   459.4   493.6   536.4   591.9   682.5   941.0  2616.0 15365.1  64555.6    64364
read      397.3   779.2   173.5   228.2   253.0   338.2   367.7   384.8   397.1   413.0   434.3   488.4  1607.0 12191.2 29431.6   5514.8     5481
read      393.6   439.4   148.8   200.0   214.2   344.9   435.4   479.7   509.6   543.7   584.5   645.9   870.5  6450.5 12911.6  26248.8    26227
read      392.4   298.7   148.8   201.0   215.0   349.4   436.1   480.5   511.3   547.8   592.6   668.5   953.5  3257.5 10001.4  26662.6    26586
read      389.9   347.4   148.8   202.7   218.5   345.1   413.5   455.5   488.1   529.4   584.9   680.5  1018.9  3375.1 11419.4  86275.4    86286
read      404.2   466.3   148.8   203.3   218.5   354.1   445.2   488.8   518.2   550.4   592.2   668.5   971.1  6011.5 18392.5  24497.0    24452
read      393.5   275.3   148.8   201.5   215.9   349.7   440.5   487.2   519.0   554.2   595.7   666.0   950.0  3377.9  9280.9  26836.6    26832
read      393.7   323.2   148.8   199.4   213.4   346.9   436.6   484.5   518.4   557.2   603.6   675.5   963.7  4315.2 10936.7  29664.4    29795
read      393.8   373.0   148.8   200.0   214.2   344.3   424.9   472.6   509.8   555.8   613.7   692.4   998.9  2100.3 13828.1  46320.4    46224
read      395.4   429.7   148.8   203.8   219.2   343.8   413.8   456.6   489.6   531.3   588.1   684.2  1058.3  4281.0 15868.3  84673.2    84587
read      388.7   363.0   148.8   201.6   215.5   340.5   415.9   460.4   494.3   536.8   592.1   681.5   979.0  3356.7 13233.8  63382.8    63389
read      382.3   269.3   148.8   198.8   213.3   338.5   418.6   466.5   501.8   542.1   590.1   663.7   908.6  2554.0  9812.5  46959.4    46953
read      360.0   185.5   148.8   200.8   215.7   329.5   391.3   428.1   456.0   490.1   535.7   609.1   789.3  1763.8  5802.8  90490.0    90536
read      381.1   261.2   160.7   211.8   228.9   374.9   420.6   443.0   458.6   475.4   499.7   537.6   655.6  3934.4  9909.0  12529.2    12508
read      369.3   223.7   148.8   197.5   212.1   333.2   413.3   459.1   489.8   523.1   562.3   620.2   768.9  1834.8  8535.1  38351.2    38491
read      357.9   175.5   137.8   202.6   217.9   331.5   390.4   424.7   450.4   481.6   525.3   597.0   769.3  1290.6  5276.7  97680.6    97806
read      372.0   294.2   148.8   210.7   227.6   364.9   406.4   427.1   440.9   458.1   478.0   510.0   628.3  4242.4 12226.9  11760.8    11813
read      367.8   252.7   148.8   197.6   211.9   332.6   409.3   453.6   483.3   515.4   553.4   613.3   782.3  2087.5  9811.8  39485.8    39665
read      365.6   189.9   148.8   198.3   212.9   334.8   405.7   447.8   477.8   513.2   555.7   621.6   788.5  1172.2  7455.6  53445.6    53571
read      366.8   214.2   148.8   197.8   212.5   334.3   403.3   443.6   472.2   507.3   550.9   624.0   808.5  1723.0  8852.6  63342.6    63215
read      361.9   202.7   148.8   197.1   211.8   331.0   397.9   435.6   463.5   497.8   543.0   619.3   800.1  1661.7  8095.5  79013.8    78767
read      374.3   494.7   160.7   215.5   235.3   353.1   386.9   404.0   418.5   433.2   455.8   493.4   640.5  5220.4 24990.1   8666.4     8615
read      360.8   185.8   148.8   197.7   212.1   329.4   396.6   435.5   464.2   499.3   544.3   617.2   802.6  1512.5  6063.5  67661.8    67903
read      376.9   257.3   148.8   205.4   221.0   370.5   426.6   452.5   469.0   489.8   513.0   554.3   684.5  3660.0 12093.4  16315.2    16398
read      362.8   173.8   148.8   198.0   212.6   333.5   402.1   443.2   472.2   507.0   548.6   613.1   772.8  1279.0  7127.2  53465.4    53434
read      370.4   231.0   148.8   197.2   211.9   335.7   411.9   456.4   486.5   519.8   559.1   620.8   798.3  1948.7  7987.7  38051.0    38068
read      373.0   325.3   160.7   218.0   236.6   359.0   394.9   413.9   427.3   442.9   464.6   500.8   633.9  5228.8 13405.4   9157.0     9130
read      363.7   183.1   148.8   199.2   213.6   331.2   399.5   439.6   469.1   505.5   551.2   623.0   799.5  1449.5  7206.2  69094.0    69227

Total QPS = 49296.6 (44366912 / 900.0s)

Total connections = 64
Misses = 0 (0.0%)
Skipped TXs = 0 (0.0%)

RX 10958626770 bytes :   11.6 MB/s
TX          0 bytes :    0.0 MB/s
Warning! Detected max cpu usage > 95%
CPU Usage Stats (avg/min/max): 99.97%,48.99%,100.00%
