Random waveform, supplied seed
Total number of intervals = 520 (7434, 67201, 85927, 63953, 31595, 87879, 7287, 62295, 6561, 22532, 60653, 59076, 60154, 22964, 8172, 27652, 37594, 24367, 33771, 84944, 85666, 51918, 34406, 28664, 38289, 20658, 13840, 93419, 98284, 71313, 42089, 46458, 30755, 42889, 93552, 65694, 29574, 51355, 67361, 16287, 81508, 87619, 99068, 51267, 11822, 97494, 97350, 55460, 85984, 82043, 52873, 13911, 49984, 9274, 27187, 18735, 86505, 93039, 75999, 32324, 84255, 81759, 37291, 53818, 30297, 31569, 38927, 10652, 98119, 48176, 34929, 69735, 20753, 84642, 42333, 61587, 77998, 97625, 23781, 66723, 31016, 47394, 95335, 5252, 65908, 16889, 42912, 99898, 26385, 22616, 50605, 90283, 26273, 48521, 34058, 75648, 19482, 15054, 75754, 5187, 17656, 96343, 36665, 85269, 31525, 61798, 12253, 25710, 79937, 7271, 85861, 91467, 72217, 31080, 76878, 84584, 12492, 57106, 96245, 6791, 90728, 5151, 82969, 42635, 99337, 95192, 69200, 49459, 29055, 64324, 5705, 84816, 23714, 74116, 19948, 44213, 19454, 7190, 47657, 44399, 6481, 5807, 83137, 9580, 37385, 33706, 35204, 50438, 48878, 42682, 27416, 64424, 64364, 5481, 26227, 26586, 86286, 24452, 26832, 29795, 46224, 84587, 63389, 46953, 90536, 12508, 38491, 97806, 11813, 39665, 53571, 63215, 78767, 8615, 67903, 16398, 53434, 38068, 9130, 69227, 37496, 83925, 51037, 33690, 51474, 73708, 98618, 81977, 91567, 48236, 91726, 52458, 70467, 71151, 65016, 42057, 78821, 60720, 39911, 10628, 73736, 7334, 91868, 76670, 10405, 26019, 55530, 29615, 66057, 55281, 21177, 88239, 70227, 23421, 97104, 6235, 58045, 23729, 40897, 53312, 87262, 81836, 92274, 47252, 75747, 80994, 98224, 7737, 37514, 10640, 90490, 92514, 89245, 73823, 46565, 21419, 66915, 31667, 72255, 99535, 9226, 67844, 71413, 97328, 55113, 53743, 15253, 90605, 25767, 93458, 95080, 88399, 95681, 33003, 98809, 64610, 51183, 20194, 7602, 46677, 5577, 23035, 57516, 62851, 38431, 25729, 19443, 19461, 42341, 5691, 40223, 29941, 41162, 43863, 20318, 93421, 48578, 40595, 17677, 78948, 9703, 9686, 7968, 15830, 8192, 79410, 76582, 54634, 72177, 15101, 8167, 44130, 53047, 97171, 81360, 77277, 38294, 11165, 74155, 12255, 52404, 17057, 6005, 85707, 79742, 58322, 26212, 69487, 29507, 51412, 67374, 55125, 53048, 12192, 36138, 60799, 36368, 39729, 95693, 40999, 65037, 12633, 50117, 62765, 12379, 49369, 39111, 52692, 24539, 61591, 47864, 16479, 75268, 8714, 13002, 77147, 43518, 27206, 55859, 37448, 45026, 99974, 64632, 49061, 80418, 16471, 35694, 13935, 79838, 48842, 17708, 31401, 62091, 87121, 81929, 42013, 90709, 67578, 58116, 68886, 93119, 95079, 77456, 15723, 9867, 8176, 89745, 11058, 81413, 21659, 27181, 17420, 23028, 33694, 32735, 57645, 45216, 57659, 85443, 14390, 31520, 67089, 16537, 18930, 46784, 93102, 89799, 66551, 93104, 43768, 54006, 64618, 86482, 77459, 61365, 52346, 87286, 17384, 98165, 63330, 5866, 37693, 75360, 34753, 59823, 68266, 39383, 65072, 33192, 51847, 62362, 84073, 64213, 27059, 54703, 98366, 29565, 75000, 62235, 47788, 68928, 36478, 76067, 47020, 81656, 16396, 21661, 50156, 54102, 65670, 17584, 30347, 21534, 10216, 80544, 45508, 21591, 15435, 14502, 16369, 42077, 38334, 17694, 75056, 53845, 13319, 77808, 44423, 25669, 66463, 35396, 33885, 11712, 51485, 59378, 94757, 71707, 6184, 52631, 31188, 92326, 78268, 78655, 29798, 96196, 39289, 13806, 86543, 67095, 15164, 21544, 80587, 90870, 18274, 33727, 11433, 17009, 61531, 77691, 75329, 79936, 74872, 7464, 12219, 19906, 18108, 6498, 5794, 54376, 12545, 86110, 9730, 82140, 78511, 68231, 11420, 89777, 75189, 96119, 69998, 79345, 21991, 99920, 15067, 96201, 28442, 23738, 9437, 97039, 39843, 11616, 56350, 24650, 33825, 54193, 76287, 30507, 43736, 81903, 80570)
Average QPS expected = 50130
Timestamp start: 1715808680463
Timestamp end: 1715809461630

#type       avg     std     min      p5     p10     p50     p67     p75     p80     p85     p90     p95     p99    p999   p9999      QPS   target
read      356.1   509.8    86.8   139.0   165.9   304.0   346.6   372.2   392.5   416.8   453.3   543.1  1661.2  7966.9 15590.1   7524.0     7434
read      365.8   291.4    74.4   128.8   148.4   327.6   410.7   459.7   498.0   543.2   601.2   694.5  1036.5  3284.5  9393.4  66643.3    67201
read      375.7   394.2    74.4   132.9   154.6   328.3   410.5   461.8   501.8   552.1   619.9   726.8  1043.5  4104.5 12028.4  85700.7    85927
read      358.3   324.2    74.4   125.1   143.4   309.9   392.7   441.3   480.9   528.1   587.1   682.9  1161.4  5229.5  8274.7  63891.3    63953
read      344.5   211.0    74.4   122.4   140.0   309.1   394.8   450.0   489.7   531.8   581.6   656.3   936.1  2405.6  4800.9  31514.7    31595
read      361.8   477.5    74.4   128.5   148.4   310.6   390.7   439.4   478.4   527.9   590.6   689.8  1007.3  5693.5 18870.7  87680.0    87879
read      321.9   380.0    86.8   139.4   163.2   298.5   341.3   364.7   381.4   401.2   432.8   491.5   931.9  4104.8 11879.5   7265.3     7287
read      410.9   468.4    68.9   127.6   148.0   325.9   412.6   467.7   513.4   571.2   651.7   931.7  2034.7  4194.4 17241.1  61804.0    62295
read      369.6  1130.9    86.8   134.1   160.4   279.3   318.9   342.5   360.7   383.0   416.4   477.3  1900.3 28383.5 31348.3   6508.0     6561
read      401.6   739.7    74.4   119.3   136.1   305.8   398.2   454.3   498.1   550.5   634.1   792.6  1941.0  9502.9 31420.7  22494.0    22532
read      497.0   880.9    74.4   127.9   148.8   322.2   417.2   485.5   543.7   635.1   899.4  1648.3  2731.4  8582.6 35966.1  60761.3    60653
read      371.4   508.1    74.4   124.9   143.9   310.9   392.3   443.0   483.0   531.0   590.9   701.8  1475.3  6032.0 30750.5  59265.3    59076
read      365.2   295.6    74.4   127.2   146.6   318.9   402.9   454.5   494.7   541.9   600.0   701.7  1209.1  3497.5  9246.4  60360.0    60154
read      357.8   334.4    68.9   120.7   137.9   309.8   400.2   452.1   491.2   536.6   598.2   735.6  1071.2  2314.3 15444.9  22825.3    22964
read      360.1   759.4    80.4   129.4   150.7   292.9   336.8   362.8   382.6   406.9   443.9   508.8  2821.9  8528.6 28751.5   8150.0     8172
read      397.7   539.3    74.4   120.2   138.4   311.8   414.9   483.5   531.0   589.7   687.1   865.9  1411.7  7665.7 28269.9  27570.7    27652
read      345.8   255.1    74.4   124.0   142.1   316.9   395.7   441.9   480.5   523.6   575.9   646.1   841.7  1484.0 12018.7  37508.0    37594
read      363.5   351.1    74.4   120.4   137.4   305.9   394.1   446.5   485.4   533.5   608.8   786.4  1210.6  4583.0 12649.2  24480.7    24367
read      361.9   539.1    74.4   123.3   140.8   309.6   389.7   440.1   478.7   524.1   577.1   668.8  1144.0  6789.5 33373.1  33475.3    33771
read      355.9   292.7    74.4   128.2   149.0   315.8   394.5   442.9   482.9   531.5   592.9   687.2   969.7  2882.7  9389.9  84910.0    84944
read      363.8   258.5    74.4   129.1   150.1   318.4   398.8   449.1   488.8   538.7   604.1   708.7  1232.4  2713.2  6495.5  85779.3    85666
read      361.1   273.9    74.4   127.9   146.9   326.1   408.1   457.5   495.6   541.1   597.0   683.5  1042.1  1973.8 11600.9  52058.0    51918
read      353.4   439.9    74.4   121.7   139.5   304.5   379.5   428.1   468.3   514.7   569.6   662.2  1173.3  4848.6 12772.0  34335.3    34406
read      336.8   304.6    74.4   121.6   138.9   301.2   379.6   429.7   467.1   507.3   551.4   617.0   833.0  3824.9  8575.8  28784.0    28664
read      334.4   204.5    74.4   123.4   141.6   308.0   381.6   427.8   464.9   509.7   560.6   631.1   803.9  1586.6  4483.9  38359.3    38289
read      415.1   954.4    74.4   125.3   143.0   321.3   405.4   449.3   481.5   518.3   567.0   672.6  2119.6 13827.3 32443.7  20668.7    20658
read      422.3   728.1    80.4   123.9   144.3   352.7   440.7   497.6   533.6   574.2   626.5   718.6  1696.8  7885.5 30033.4  13821.3    13840
read      499.9   495.9    74.4   150.6   184.9   394.5   484.1   552.7   618.2   714.3   856.4  1383.5  2123.4  3787.1 14797.6  93056.0    93419
read      361.5   330.7    74.4   133.3   156.0   319.4   396.6   443.7   482.2   530.1   592.9   694.2   965.7  2684.4 12732.1  98400.7    98284
read      349.0   295.7    74.4   124.3   143.1   307.2   386.2   432.3   470.9   517.4   575.7   672.7  1213.0  2093.8 11312.4  71000.7    71313
read      347.8   291.4    74.4   121.8   139.8   310.2   387.6   435.9   472.3   519.5   574.3   659.3  1020.7  3892.9  8051.3  42073.3    42089
read      351.6   249.1    68.9   124.7   143.7   316.7   398.7   447.8   486.4   534.3   590.8   682.7   961.5  1582.0  9355.2  46555.3    46458
read      357.3   288.6    74.4   124.4   142.5   318.7   401.4   453.9   494.3   538.6   588.7   669.2   997.8  3439.5  9752.1  31063.3    30755
read      368.4   523.1    74.4   122.6   140.8   311.3   387.1   434.1   473.0   522.7   581.2   679.2  1452.0  8075.0 30313.4  42824.0    42889
read      364.2   365.6    74.4   128.4   149.5   308.6   386.2   436.6   477.7   528.5   590.8   696.7  1398.0  4161.5 12118.6  93331.3    93552
read      381.2   574.8    74.4   126.1   145.3   317.2   398.0   445.5   484.2   533.4   596.5   716.7  1598.1  7356.2 28006.8  65934.7    65694
read      352.9   466.2    74.4   119.1   136.0   298.4   382.3   434.2   475.0   520.0   571.3   661.2  1092.6  7161.5 14939.2  29672.7    29574
read      346.0   291.1    68.9   122.4   140.2   305.6   383.7   431.1   468.4   515.3   573.0   662.3  1082.6  3423.9  7099.8  51275.3    51355
read      374.8   500.5    68.9   125.6   145.2   315.6   397.5   446.8   485.9   535.2   598.1   713.9  1484.8  6486.7 22669.1  67306.7    67361
read      383.5   856.8    74.4   119.4   136.4   309.0   383.5   426.0   458.6   501.9   561.8   674.8  1458.4 10658.9 37250.6  16426.0    16287
read      704.1  1182.5    74.4   170.9   224.6   407.8   550.7   691.9   820.7  1390.0  1589.0  1867.7  3180.9 17096.0 32352.0  81437.3    81508
read      357.9   310.2    74.4   127.8   149.3   315.4   394.0   441.7   481.0   530.4   592.0   694.3  1025.2  3073.7 12901.2  87887.3    87619
read      367.7   237.7    68.9   134.0   158.1   328.9   409.2   458.7   499.7   550.6   617.8   722.3   994.8  1895.5  9284.4  99280.0    99068
read      348.7   261.0    68.9   124.3   143.0   317.0   395.8   442.3   480.4   525.1   578.6   659.6   931.8  1838.0  8732.1  51432.7    51267
read      356.4   806.1    74.4   125.1   143.6   303.7   356.6   386.9   410.0   436.5   479.4   559.3  1137.6  9307.6 32054.9  11862.0    11822
read      396.0   462.2    74.4   136.3   161.0   339.6   424.1   472.6   511.7   564.3   635.6   773.1  1255.2  8098.7 12637.7  97209.3    97494
read      367.7   273.3    74.4   133.1   156.3   325.4   406.8   457.2   496.2   544.2   607.3   708.8  1043.6  2526.4  8844.0  97454.7    97350
read      354.1   307.1    74.4   124.2   142.8   316.7   396.3   442.0   477.8   522.8   578.5   667.0  1032.5  3386.5  9956.6  55288.7    55460
read      343.2   197.7    74.4   126.7   147.2   309.7   386.8   434.5   471.3   520.8   582.8   674.8   910.6  1449.3  4083.5  85938.0    85984
read      359.2   243.0    74.4   129.7   150.7   323.7   404.3   452.7   491.0   538.9   602.4   698.8   939.9  2168.7 10335.0  82000.7    82043
read      368.9   322.9    74.4   128.7   148.1   331.5   412.6   459.6   497.4   544.8   600.7   689.4  1154.0  3593.6 10285.2  52809.3    52873
read      367.5   444.7    74.4   123.0   141.3   316.1   386.2   426.7   459.3   502.1   560.1   677.9  1542.6  5343.9 20350.3  13972.0    13911
read      386.3   399.8    68.9   123.1   141.8   311.5   393.8   450.0   498.0   555.4   636.4   891.0  1669.4  4257.7  9596.5  49716.0    49984
read      306.2   227.9    80.4   123.6   145.2   291.0   336.5   364.3   387.1   416.5   455.8   518.5   729.7  1489.7 12246.1   9334.0     9274
read      388.7   402.6    74.4   117.7   134.8   303.9   394.8   460.0   511.6   584.7   720.4   931.8  1473.1  5734.6  9986.0  27032.0    27187
read      391.7   746.3    74.4   118.9   135.4   307.0   385.2   434.7   477.8   536.8   628.0   756.2  1704.8  7976.4 29535.0  18533.3    18735
read      519.4   532.8    74.4   141.4   172.7   377.6   463.7   544.5   625.4   738.5   989.1  1616.6  2169.6  3234.1 14700.2  86538.7    86505
read      365.1   304.2    74.4   130.9   153.6   325.8   405.8   456.4   495.8   544.0   607.8   712.7   997.7  1952.1 10838.3  92395.3    93039
read      365.7   257.7    74.4   127.6   148.0   326.1   408.0   459.1   498.7   546.5   610.0   716.7  1079.4  2312.7  9351.6  76024.7    75999
read      334.8   358.7    74.4   119.1   136.2   301.8   370.0   414.2   448.1   489.7   539.0   607.3   885.1  5263.2 11178.9  32538.0    32324
read      352.1   258.8    74.4   126.5   147.1   314.8   391.9   438.5   476.2   524.9   587.5   685.0  1004.2  2538.4  9809.3  84490.0    84255
read      360.9   270.9    74.4   127.7   148.0   319.2   402.0   452.4   491.9   539.5   601.3   699.8  1075.2  2759.1  9823.3  81754.0    81759
read      337.6   196.3    68.9   121.7   139.6   306.6   381.1   430.9   470.1   515.7   567.2   641.6   939.7  1746.9  5569.2  37306.0    37291
read      352.9   305.2    74.4   125.0   143.5   317.5   397.4   445.6   483.7   530.4   585.5   670.6  1018.5  2028.4 13072.5  53934.0    53818
read      336.1   236.2    74.4   119.8   136.8   303.5   388.7   440.8   477.9   520.4   566.0   628.7   809.1  1581.7  8084.3  30306.7    30297
read      344.6   267.3    74.4   122.1   139.4   310.5   395.4   447.9   487.8   530.8   579.1   644.7   893.4  1934.6 10072.6  31418.0    31569
read      365.8   554.5    68.9   122.7   141.1   311.4   394.1   446.3   486.8   533.6   587.1   670.1  1022.5  8346.4 28683.7  38999.3    38927
read      357.7   616.6    80.4   127.1   147.9   312.4   367.1   398.2   422.6   452.4   495.4   573.4  1453.3  7608.1 31245.2  10618.0    10652
read      420.8   373.4    74.4   142.5   169.2   357.9   440.3   493.3   537.0   597.1   689.7   858.7  1740.3  3307.9 10880.6  98031.3    98119
read      351.3   257.0    74.4   124.5   143.0   320.6   401.6   451.9   492.3   537.9   593.9   671.9   860.6  1565.3  9457.5  48034.0    48176
read      352.1   282.9    74.4   122.5   140.4   315.6   400.0   453.1   493.3   537.6   586.8   660.9   983.0  3759.7 10885.0  34863.3    34929
read      369.6   298.6    68.9   126.7   146.5   320.9   404.5   459.0   500.7   551.1   618.0   727.2  1343.0  2769.0  8721.9  69467.3    69735
read      363.1   351.0    74.4   120.2   138.0   315.8   403.4   454.1   493.5   540.3   608.0   734.8  1141.9  2964.7 13220.7  20765.3    20753
read      371.9   348.4    74.4   128.7   149.4   313.5   395.7   446.0   486.3   537.9   606.6   727.3  1511.6  4286.5  9332.6  84576.7    84642
read      375.4   494.3    74.4   124.6   143.1   326.9   408.7   459.6   500.5   548.0   606.0   694.1  1215.5  6773.9 25179.4  42228.7    42333
read      357.8   298.0    74.4   125.4   144.8   321.9   403.5   453.5   491.2   535.1   588.2   675.2   938.2  4149.6 10729.7  61709.3    61587
read      373.4   350.3    74.4   128.7   149.1   320.7   404.3   455.4   496.6   546.1   614.5   726.3  1514.2  3001.2 11338.0  78007.3    77998
read      371.0   234.9    68.9   136.9   160.1   332.2   413.5   462.6   500.3   546.9   613.3   723.5  1078.8  2039.4  7808.5  97636.0    97625
read      367.9   535.9    74.4   119.8   137.2   308.6   397.1   450.5   489.2   530.5   585.0   701.3  1299.8  5242.1 28522.5  23796.0    23781
read      364.5   375.7    74.4   126.4   145.5   319.0   402.9   454.3   494.2   542.5   601.4   693.4  1105.0  3679.4 11684.5  66198.7    66723
read      336.6   219.8    74.4   121.4   138.4   307.6   383.6   431.0   467.0   509.0   560.5   635.3   880.9  1830.2  7729.7  31194.7    31016
read      346.8   382.3    63.8   121.0   139.1   308.1   385.2   432.5   469.7   514.8   568.4   651.4  1031.7  3899.3  9297.7  47424.0    47394
read      375.3   368.7    74.4   133.9   157.7   328.6   408.6   459.0   497.6   546.5   616.0   726.4  1073.2  3651.8 12247.7  95236.7    95335
read      308.2   496.1    80.4   138.6   165.2   269.8   306.4   326.3   341.5   362.5   393.4   459.0   902.9  7970.5 15950.5   5305.3     5252
read      371.8   324.1    68.9   127.0   146.3   320.6   404.8   456.4   495.6   542.9   605.2   716.3  1546.8  2878.5 12261.0  65274.7    65908
read      437.8  1091.5    74.4   123.6   142.2   328.0   407.7   453.1   487.5   530.2   587.3   690.9  3279.4 16608.1 32113.9  16884.7    16889
read      389.5   336.7    74.4   124.9   143.6   323.7   410.8   470.3   519.3   577.6   653.7   883.6  1475.9  3565.0  9798.5  42624.7    42912
read      369.3   444.8    68.9   132.4   155.1   316.0   393.8   444.0   483.5   531.8   594.2   693.3  1086.1  7600.4 12804.2 100014.7    99898
read      346.7   265.5    74.4   122.3   140.3   311.1   398.0   451.5   489.5   528.8   574.7   647.4   970.9  1648.7  7851.6  26360.0    26385
read      421.2   691.4    74.4   122.0   140.7   326.0   435.4   508.1   564.3   643.9   752.8   905.2  1477.6  6435.3 32278.4  22720.7    22616
read      336.8   218.2    68.9   121.5   139.7   307.6   384.5   429.7   465.0   507.6   561.7   636.7   880.7  1860.6  9072.1  50661.3    50605
read      369.7   296.1    74.4   132.3   154.4   324.4   403.6   452.4   491.7   542.7   612.0   723.0  1185.6  3004.2  8391.6  90474.7    90283
read      340.7   243.6    74.4   120.8   138.3   306.6   393.9   445.7   482.4   522.6   565.5   629.9   875.3  2030.0  8806.4  26209.3    26273
read      347.3   218.2    74.4   123.3   142.5   318.0   398.4   446.5   485.0   532.3   586.6   663.8   869.5  1745.4  5887.9  48090.7    48521
read      333.5   225.3    68.9   120.7   137.7   301.7   381.1   431.5   469.2   512.9   564.3   631.3   826.0  2113.4  5477.0  33766.0    34058
read      356.1   342.8    74.4   126.4   145.6   312.1   393.9   444.6   482.9   528.8   587.3   678.4  1030.6  3138.7 13600.7  75581.3    75648
read      333.2   372.4    74.4   120.0   137.1   299.1   374.2   413.0   439.2   468.0   503.5   555.1  1048.3  4756.9 12701.5  19306.0    19482
read      411.5   807.2    80.4   129.9   148.6   335.0   405.9   440.9   468.8   503.6   548.4   664.1  2836.5  8548.2 31621.3  14991.3    15054
read      367.9   260.7    74.4   129.9   150.2   327.4   412.8   465.1   505.6   554.3   619.3   723.1  1039.0  2680.6  6312.8  75400.0    75754
read      431.2  1502.8    80.4   153.6   181.8   288.8   324.5   346.8   364.5   386.8   422.4   519.5  3924.2 30880.2 41684.4   5216.0     5187
read      386.9   320.5    74.4   122.6   142.4   341.8   436.5   493.8   536.9   591.9   659.3   761.0  1080.7  3992.5 12606.8  17639.3    17656
read      496.6   966.1    74.4   148.0   180.6   385.1   467.7   522.9   576.6   656.1   775.7  1009.1  1940.1 17112.8 34608.4  95986.7    96343
read      352.8   230.6    74.4   123.9   142.6   321.6   400.2   453.5   494.7   540.1   592.2   671.7   940.5  1608.4  7915.3  36570.0    36665
read      364.8   292.2    74.4   130.1   151.9   324.2   403.0   452.7   492.4   543.8   609.9   708.6   991.9  3599.6  9513.4  85267.3    85269
read      364.1   538.4    74.4   122.0   139.6   310.9   389.5   439.4   479.5   525.2   577.5   658.0  1133.9  8399.8 30271.7  31599.3    31525
read      369.0   303.0    74.4   124.3   143.0   316.3   399.3   450.8   490.8   539.5   603.8   725.9  1544.5  3121.2  9789.3  61824.7    61798
read      372.3   778.2    80.4   124.9   144.3   312.5   371.9   405.2   431.1   466.0   514.0   591.7  1480.0  8126.9 39104.9  12298.7    12253
read      552.4  1759.6    74.4   122.6   142.3   324.6   431.6   500.6   552.5   627.0   754.3  1015.2  4809.4 28709.2 48142.2  25434.0    25710
read      356.4   266.6    74.4   125.2   145.1   311.3   393.8   444.9   484.4   532.1   592.9   693.1  1296.0  2464.2  7539.3  79932.0    79937
read      405.9  1340.7    74.4   135.5   159.3   288.2   327.5   352.1   370.9   396.5   431.1   514.5  3172.8 22935.0 40860.2   7398.0     7271
read      354.4   435.4    74.4   125.4   145.6   308.5   386.2   434.2   473.1   522.0   582.7   678.9   943.9  5096.7 11931.6  85177.3    85861
read      376.2   399.3    74.4   131.5   153.8   328.1   407.8   456.8   496.3   546.5   617.3   729.1  1093.9  4057.3 12986.1  91519.3    91467
read      365.6   389.3    74.4   127.1   147.1   324.4   409.2   460.9   500.3   545.7   606.0   692.1   940.5  3682.3 12312.9  72604.0    72217
read      344.1   425.3    74.4   119.4   136.6   303.7   385.5   437.5   475.5   518.4   565.6   633.2   806.7  7772.6  9994.5  31205.3    31080
read      340.9   230.6    74.4   124.3   143.2   305.9   387.3   435.2   472.4   518.1   575.7   663.2   916.0  1635.7  5887.3  76690.7    76878
read      350.9   237.6    74.4   127.3   148.1   315.4   394.9   443.9   482.0   529.8   590.0   685.0   973.0  1708.4  7921.2  84820.0    84584
read      351.6   385.4    74.4   124.8   144.9   321.4   385.5   421.6   449.1   483.4   530.9   601.9   997.6  7193.0 15205.2  12558.0    12492
read      469.8  1192.3    74.4   125.7   146.2   326.1   413.9   470.1   517.4   578.3   676.7  1249.7  2256.4 18206.8 38141.9  56837.3    57106
read      366.8   286.6    68.9   133.5   156.3   324.6   405.5   455.6   494.3   542.2   605.8   713.6  1056.2  2838.1  8331.6  96060.0    96245
read      309.1   386.9    80.4   136.4   162.2   279.7   318.1   340.4   356.9   375.7   403.7   463.7   921.8  5927.4 12880.1   6915.3     6791
read      445.3   476.8    74.4   134.5   159.7   350.0   436.0   493.2   541.5   613.6   734.2  1152.3  2024.1  3745.6 13844.5  89364.7    90728
read      367.3  1195.5    80.4   144.1   170.2   271.3   308.1   329.7   346.0   366.3   394.0   456.8  1602.4 21115.3 38624.3   5155.3     5151
read      362.5   329.6    74.4   128.2   148.2   318.4   400.6   450.4   488.9   537.2   600.8   712.2  1094.8  2257.1 15727.7  82336.0    82969
read      336.3   213.8    74.4   120.4   138.5   307.3   381.1   428.9   466.6   512.0   565.8   641.8   854.9  1597.3  7342.2  42602.7    42635
read      358.5   255.5    74.4   131.6   154.3   315.0   392.5   439.7   477.5   526.6   592.5   702.7  1154.7  2478.5  8369.1  99604.0    99337
read      381.7   374.3    74.4   136.8   160.4   334.6   415.2   465.6   505.7   556.7   625.0   738.7  1061.1  4504.6  8761.3  95111.3    95192
read      343.2   249.0    74.4   124.2   142.9   306.9   387.9   437.5   476.5   523.3   579.6   661.8   899.3  2145.2  5893.2  69353.3    69200
read      353.9   296.6    74.4   125.1   144.6   319.8   401.7   450.9   489.1   534.5   589.9   673.4   940.7  1795.7 12219.4  49706.0    49459
read      357.4   640.7    74.4   120.9   138.5   302.2   388.4   441.6   482.2   524.7   572.1   639.5   996.0  5975.2 36157.4  29541.3    29055
read      348.7   230.0    74.4   124.9   143.9   315.7   397.0   445.4   483.4   530.2   587.2   673.3   914.1  2014.7  6576.3  64424.0    64324
read      323.7   470.8    80.4   144.3   172.1   287.5   324.0   344.4   361.2   380.5   404.7   465.3  1058.7  8266.1 15209.0   5870.0     5705
read      432.9   395.2    74.4   133.9   158.4   348.2   435.2   493.1   540.9   602.1   695.6  1003.1  1979.8  3314.2  9970.1  84047.3    84816
read      376.5   773.7    74.4   118.0   135.1   302.3   389.1   438.3   476.4   518.4   575.4   685.9  1302.1 10756.5 37132.3  23814.7    23714
read      420.3   444.4    68.9   128.7   150.5   331.4   419.7   478.7   528.5   587.5   678.3  1067.2  1933.9  3832.6  9436.5  73874.0    74116
read      459.6  1366.7    74.4   120.1   137.6   315.8   400.6   447.6   481.3   524.9   590.8   738.4  1988.1 20361.5 35133.8  19964.0    19948
read      368.6   322.1    74.4   121.3   140.0   309.7   393.0   444.2   487.5   538.8   603.7   749.6  1492.0  3388.6  8091.3  44230.0    44213
read      360.0   266.0    74.4   121.5   140.0   322.2   409.1   459.3   497.6   544.0   611.9   720.9  1046.2  1840.1  8861.7  19322.7    19454
read      336.5   530.9    80.4   139.3   167.6   298.8   341.8   367.2   387.0   411.0   444.4   520.1  1210.2  5469.8 20452.9   7232.0     7190
read      405.7   727.7    74.4   123.5   142.4   311.1   392.1   445.9   491.0   543.8   611.6   797.5  2183.7 12209.0 30550.9  47303.3    47657
read      348.1   267.9    68.9   125.9   144.0   312.4   392.9   444.0   485.4   532.2   584.2   658.3   919.5  2066.5 12967.6  44662.0    44399
read      697.7  3185.0    80.4   145.6   171.8   300.3   341.3   366.9   386.4   410.4   454.2   598.2 14334.1 37200.3 58749.0   6508.0     6481
read      358.2   545.7    86.8   151.8   180.1   297.7   336.7   359.7   376.6   399.9   433.6   533.7  1916.6  7370.2 22384.2   5730.0     5807
read      423.4   415.6    68.9   133.7   156.6   334.7   421.3   479.8   528.6   589.5   681.2  1021.8  1972.2  3982.6  9197.2  82809.3    83137
read      359.2   404.5    74.4   134.8   157.6   320.1   371.8   401.9   426.0   457.1   499.4   578.1  1445.6  4967.6 13478.9   9700.0     9580
read      340.1   222.9    68.9   122.1   139.8   304.9   385.8   437.5   479.3   524.3   576.1   646.2   950.4  1801.4  7172.7  37367.3    37385
read      339.9   281.8    74.4   120.8   138.7   301.9   385.5   438.9   478.7   521.3   569.2   636.7   965.3  2028.8 12422.1  33760.7    33706
read      334.9   269.1    74.4   121.8   139.5   301.7   380.5   427.9   464.5   507.3   555.4   627.9   882.9  1597.5 10610.1  35056.7    35204
read      351.0   254.0    74.4   126.0   144.9   320.9   400.0   445.3   481.6   526.0   579.9   661.3   933.5  1870.5 10810.3  50428.7    50438
read      347.9   277.2    74.4   122.5   141.4   315.7   395.8   442.1   480.4   527.0   583.4   663.2   927.4  1623.9 12383.8  48908.7    48878
read      351.7   299.8    80.4   123.1   141.5   317.1   396.6   446.7   485.9   532.6   587.0   674.6   975.3  2669.2  5949.5  42982.0    42682
read      330.2   386.6    74.4   118.4   135.2   296.2   378.5   426.5   460.3   497.3   540.7   602.9   817.8  1552.0 26192.2  27307.3    27416
read      369.4   432.7    68.9   126.3   145.6   321.7   404.8   456.0   496.1   543.1   601.0   691.2  1078.1  8217.9 12134.2  64226.0    64424
read      371.4   329.6    74.4   127.2   146.8   330.1   416.8   466.5   504.7   550.7   613.1   711.0  1154.3  2872.7  8358.9  64416.7    64364
read      345.5  1068.8    86.8   146.1   174.2   283.5   320.9   344.0   360.7   379.4   405.9   471.1  1398.2  9961.4 40335.0   5589.3     5481
read      436.0  1016.6    68.9   118.9   137.6   315.7   418.9   482.8   528.5   584.6   684.4   866.0  1623.6 13624.4 32239.4  25942.7    26227
read      345.9   381.2    68.9   116.9   133.3   300.7   388.8   442.1   481.3   522.7   570.6   658.0  1077.6  3167.0 11082.4  26597.3    26586
read      345.3   248.0    68.9   124.5   144.6   304.0   382.4   432.1   471.0   518.7   579.9   673.5   982.0  2831.4  7993.1  86253.3    86286
read      347.2   375.8    74.4   116.8   133.6   301.4   393.5   444.5   480.7   520.0   565.9   646.0  1004.1  4587.4 12277.0  24451.3    24452
read      348.6   380.5    74.4   118.1   134.9   303.2   388.2   436.8   473.7   514.3   562.0   648.5  1053.4  4008.8 13606.1  26638.7    26832
read      344.2   261.0    68.9   120.4   137.7   307.5   393.1   449.0   489.2   531.0   578.4   645.9   917.1  2146.1 11520.7  29966.0    29795
read      359.6   326.6    74.4   124.5   142.9   319.4   402.5   454.3   494.2   540.9   595.9   681.5  1151.8  2742.6  8186.2  46184.7    46224
read      365.2   250.9    74.4   131.3   152.4   326.5   407.5   458.6   498.5   546.0   610.6   717.2  1055.0  2175.2  8166.0  84740.0    84587
read      368.9   415.5    74.4   124.9   144.1   315.0   398.7   449.8   490.4   539.2   600.6   707.0  1401.4  4903.3  9916.8  63611.3    63389
read      345.4   244.0    74.4   123.3   142.0   312.4   392.0   439.0   477.5   524.9   578.9   654.8   859.4  2897.1  8712.4  47180.0    46953
read      428.4   556.7    74.4   139.1   163.9   346.0   432.4   488.3   535.0   593.8   678.6   845.3  1959.8  6809.1 21127.1  90766.7    90536
read      361.0   690.8    80.4   128.7   149.2   321.9   379.7   410.0   431.8   460.9   496.8   550.4  1012.3  8781.6 31605.5  12711.3    12508
read      384.0   350.4    74.4   125.5   144.2   327.8   417.9   476.9   523.2   574.5   638.7   769.1  1432.9  3446.9  8925.9  38714.0    38491
read      378.2   264.6    74.4   138.8   162.7   334.7   415.8   466.7   508.4   559.7   628.6   740.3  1095.9  2439.0  8860.3  97344.0    97806
read      355.6   589.5    80.4   131.3   151.4   327.0   384.1   413.6   435.2   464.8   504.4   577.9   848.1  6809.7 36293.7  11690.7    11813
read      370.9   317.7    74.4   123.3   141.3   314.7   400.3   455.4   500.6   549.5   609.0   733.1  1388.6  4825.3  7743.4  39589.3    39665
read      361.6   305.6    74.4   126.7   145.7   327.1   412.1   462.7   502.1   548.1   605.8   685.5   955.4  2198.9  7937.4  53358.7    53571
read      378.8   500.3    74.4   127.8   146.5   324.2   409.9   462.1   503.4   551.6   613.6   714.1  1173.8  7868.6 24856.6  63395.3    63215
read      371.5   344.9    68.9   129.6   150.2   322.3   405.9   459.4   501.0   550.2   615.6   723.6  1150.7  3977.2 11099.2  79218.0    78767
read      433.3  1589.8    80.4   136.7   160.6   308.6   356.0   383.3   402.6   427.9   465.3   541.2  2686.2 30621.9 49136.8   8632.0     8615
read      427.1   591.6    74.4   132.1   153.8   348.0   435.2   492.5   537.6   593.7   674.0   853.2  1812.1 11244.9 17467.2  67499.3    67903
read      387.4   615.9    80.4   122.5   142.8   329.9   411.0   454.7   486.8   524.4   575.8   672.1  1279.4  8940.6 25346.5  16626.0    16398
read      366.8   318.1    74.4   125.5   144.4   321.7   403.6   454.0   494.4   542.6   602.3   709.4  1341.1  2542.6 11814.3  53202.7    53434
read      352.2   312.3    74.4   124.0   141.7   311.8   394.6   448.0   491.3   537.1   589.3   671.7  1053.9  2027.6 16631.9  38147.3    38068
read      346.3   646.9    80.4   137.9   161.1   316.6   363.9   390.8   409.8   431.1   463.4   528.4   933.7  7573.0 32207.9   9292.7     9130
read      356.6   327.7    68.9   126.4   145.3   315.1   397.3   446.5   484.3   530.8   590.0   677.0  1031.8  3945.7 10427.7  69074.0    69227
read      342.2   238.3    74.4   123.1   140.6   311.1   389.6   439.4   480.3   527.8   580.0   653.4   863.4  1455.1  9203.3  37673.3    37496
read      365.0   256.2    74.4   130.7   151.3   322.1   403.7   453.9   493.5   542.4   607.0   710.6  1134.7  2605.8  8019.5  83921.3    83925
read      364.4   257.6    68.9   128.4   147.4   330.1   415.2   465.8   505.9   550.9   609.6   690.1  1001.6  1873.7  9024.0  51117.3    51037
read      356.1   239.6    74.4   125.5   143.6   321.7   407.5   464.5   504.7   548.9   601.4   676.1   931.6  1776.8  8463.7  33353.3    33690
read      369.2   222.2    74.4   129.5   149.4   332.5   420.8   475.7   515.6   562.6   620.9   707.0  1086.8  1838.9  3892.8  51625.3    51474
read      369.1   275.5    74.4   130.2   150.6   326.5   412.3   464.1   505.8   556.8   622.3   726.4  1096.1  2535.6  8293.1  73696.0    73708
read      392.5   287.2    74.4   142.6   169.0   348.4   431.6   484.0   524.1   574.8   644.5   758.2  1094.4  3256.3  9532.5  98632.0    98618
read      385.1   441.0    74.4   135.6   157.5   337.1   422.9   474.9   514.8   564.1   630.2   733.4  1027.8  5488.9 14929.4  82060.0    81977
read      365.0   232.3    68.9   134.1   156.2   327.4   408.3   459.0   499.0   548.0   614.3   716.3   980.5  1646.5  8075.8  91572.0    91567
read      351.7   246.4    74.4   123.9   143.2   316.7   397.0   446.4   485.9   533.7   588.5   670.3   993.0  2017.5  8031.6  48327.3    48236
read      391.6   478.6    74.4   137.2   161.5   341.1   422.8   471.1   509.9   562.3   631.9   747.4  1125.7  6294.6 16196.7  91797.3    91726
read      369.8   278.8    74.4   129.6   148.7   334.0   419.1   470.8   510.0   555.4   612.8   696.7  1003.6  3788.6  8325.3  52378.7    52458
read      377.9   262.6    74.4   132.5   153.3   337.1   426.2   480.1   521.5   571.7   636.9   737.5  1100.4  1946.2  9576.7  70412.7    70467
read      370.1   263.9    74.4   129.4   149.8   322.6   408.1   460.4   500.7   549.0   615.6   723.0  1438.2  2447.9  6784.1  71669.3    71151
read      360.0   250.0    68.9   127.3   147.3   318.2   405.1   457.6   497.7   545.4   604.3   693.2  1065.2  2299.7  6338.7  65115.3    65016
read      356.1   302.9    74.4   125.5   144.0   321.3   403.5   456.6   497.8   543.5   597.9   678.6   968.2  1785.5 12469.0  42232.7    42057
read      378.1   315.2    74.4   131.3   152.9   334.1   420.7   471.5   511.3   559.6   626.4   736.3  1094.4  3039.2 11191.1  79113.3    78821
read      356.8   284.8    68.9   126.9   145.6   320.8   404.4   454.3   492.3   537.1   592.9   678.4   990.0  2049.8 12558.4  60804.0    60720
read      373.0   561.4    74.4   124.7   143.1   321.1   401.4   452.4   493.1   539.6   592.7   678.6  1146.3  8555.6 27889.6  39952.0    39911
read      380.2   728.2    80.4   129.6   152.1   324.3   385.5   420.5   446.6   480.3   525.5   599.9  1385.5  8111.2 31230.3  10741.3    10628
read      420.5   423.5    68.9   130.5   152.2   338.2   426.1   483.6   529.9   587.2   671.7   932.2  1949.4  4906.0 12437.2  73348.7    73736
read      352.5   751.2    80.4   140.5   166.7   306.3   349.6   374.3   394.2   417.2   449.4   507.3  1202.8 11988.0 27793.5   7252.7     7334
read      428.9   435.1    74.4   137.3   162.5   345.6   428.2   485.9   536.3   601.1   693.7   909.0  1971.6  4398.9  8756.2  91208.7    91868
read      345.7   240.6    74.4   125.1   144.2   309.1   391.1   441.2   479.1   525.9   581.8   667.1   914.1  2121.3  7598.3  76568.0    76670
read      467.9  1527.1    80.4   132.7   155.9   319.2   375.9   407.7   431.8   463.2   504.1   584.9  5150.1 30388.7 36384.2  10348.7    10405
read      424.0   769.2    74.4   123.9   142.9   329.8   444.4   516.3   564.3   622.7   711.1   871.0  1365.9 12794.1 31189.5  25854.0    26019
read      382.3   330.1    74.4   127.4   146.8   325.5   411.4   465.8   509.2   560.7   628.3   774.4  1603.3  2488.2  9032.9  55400.0    55530
read      341.5   238.5    74.4   121.4   138.9   307.3   397.7   451.8   491.3   531.9   577.5   644.3   879.7  1380.0  8087.6  29517.3    29615
read      355.5   304.5    74.4   127.2   145.9   315.9   399.6   451.7   490.9   537.8   594.2   678.6  1024.7  1984.8  9756.2  66414.7    66057
read      362.4   404.4    74.4   127.3   145.6   323.4   405.1   454.6   492.8   539.2   593.6   681.2   953.1  3339.0 10996.8  55360.0    55281
read      376.2   525.8    80.4   122.2   140.7   322.3   418.7   472.3   509.5   555.0   618.1   742.4  1201.6  2913.2 30978.6  21384.7    21177
read      388.4   431.8    74.4   133.5   156.6   333.6   415.8   468.2   508.8   560.8   629.2   743.9  1480.3  4393.6 15737.4  88069.3    88239
read      365.6   370.6    74.4   127.8   147.3   322.1   404.8   456.9   496.0   544.2   606.3   701.7  1047.5  4026.6 13081.4  70128.7    70227
read      349.4   293.8    74.4   122.1   140.0   313.2   404.4   457.6   494.1   532.5   578.4   647.5   919.7  2561.9  9868.6  23374.0    23421
read      468.4   452.0    74.4   144.4   173.7   366.5   447.1   511.4   573.5   658.1   781.6  1390.1  2084.1  3441.4 12671.0  96745.3    97104
read      370.4  1083.5    86.8   147.5   175.9   301.9   341.6   364.2   381.0   402.1   436.2   499.9  1253.0 17112.4 35308.0   6235.3     6235
read      383.9   402.2    74.4   127.9   147.3   329.2   417.7   470.2   511.7   560.1   623.2   733.4  1536.0  3791.2 12326.7  57438.7    58045
read      360.0   343.9    68.9   119.8   137.3   313.0   406.4   460.0   499.7   542.9   595.1   706.3  1052.1  3904.7 12669.8  23618.7    23729
read      393.0   373.5    74.4   124.6   144.0   322.5   414.0   471.1   518.8   576.4   658.4   905.4  1599.8  2823.3 13891.6  40742.0    40897
read      365.8   309.6    74.4   128.4   147.3   326.4   413.4   467.1   509.1   556.6   614.8   706.9  1060.2  2257.1 11048.6  53533.3    53312
read      400.5   335.1    74.4   138.4   162.1   346.4   431.0   485.5   529.0   583.0   663.0   798.3  1532.8  2758.3  8133.4  87306.7    87262
read      359.4   238.8    68.9   129.0   150.0   321.7   401.2   452.2   491.7   541.1   606.1   702.3  1009.3  2394.8  8057.9  81796.7    81836
read      385.6   268.3    74.4   137.6   161.5   341.5   425.2   476.9   517.7   570.4   640.9   754.9  1162.9  2671.0  7844.8  91915.3    92274
read      363.4   314.7    74.4   125.8   145.1   325.7   409.6   462.3   503.9   551.7   609.0   691.3   970.5  1842.1 13725.0  47228.0    47252
read      367.7   256.7    74.4   131.6   152.4   326.4   412.1   464.7   505.0   554.0   618.2   718.3  1056.2  2181.7  6264.9  76067.3    75747
read      356.8   292.0    74.4   129.0   149.1   317.0   398.8   449.1   489.3   538.4   598.0   690.7   978.1  1983.3 10181.2  81260.7    80994
read      378.4   334.4    74.4   137.7   161.8   335.4   416.0   466.3   506.4   555.9   623.9   733.4  1013.5  3512.4 10460.0  98254.0    98224
read      346.1   570.8    86.8   136.8   164.2   306.5   351.3   374.0   392.2   413.6   444.0   507.6  1321.6  9178.0 20052.0   7794.7     7737
read      358.8   289.6    74.4   121.6   139.7   309.9   397.0   455.5   500.9   550.8   609.1   703.6  1228.4  1971.8 12386.9  37722.7    37514
read      340.2   397.1    80.4   132.5   153.5   312.8   365.3   393.7   414.8   440.4   479.0   546.7   943.4  5344.5 15887.0  10600.0    10640
read      365.1   360.6    68.9   129.7   150.6   318.2   397.4   446.5   485.7   535.5   601.1   714.3  1096.0  2957.0 13089.2  89978.0    90490
read      374.9   358.1    68.9   135.0   158.0   327.6   408.3   456.7   495.5   546.1   614.4   726.7  1115.3  2968.6 12610.5  92610.0    92514
read      358.4   273.7    74.4   130.5   152.3   318.6   398.1   446.8   485.5   533.9   597.4   701.0   990.0  2460.6  7434.1  89107.3    89245
read      349.5   274.7    68.9   125.1   144.4   312.1   392.2   442.3   481.6   528.6   585.2   670.4   951.5  3219.2  7820.6  74089.3    73823
read      359.2   331.5    68.9   125.0   143.6   319.4   400.9   452.9   492.2   538.7   594.1   679.5  1006.4  3805.3 13459.3  46320.0    46565
read      371.0   348.3    74.4   122.4   139.7   320.7   414.2   469.5   509.3   554.9   623.1   767.2  1149.9  3179.9 12698.2  21516.7    21419
read      400.3   386.8    74.4   128.2   148.5   323.0   410.6   465.3   510.6   565.2   638.0   871.3  1909.2  3208.8  9994.5  66806.0    66915
read      336.3   216.3    74.4   121.4   138.6   303.6   377.5   427.1   466.2   510.3   562.3   634.6   978.2  2336.4  7321.7  31790.7    31667
read      384.3   595.5    74.4   127.3   147.1   321.1   402.3   453.9   495.3   547.8   618.4   731.5  1405.4  7467.6 30688.8  72376.0    72255
read      416.7   467.0    74.4   146.9   175.0   361.9   442.8   494.8   536.7   592.7   677.8   806.8  1236.4  5685.6 15143.3  99566.7    99535
read      338.0   462.4    80.4   133.1   155.4   304.0   349.4   375.1   394.9   418.7   452.6   513.3  1046.5  7558.8 15828.7   9108.7     9226
read      408.1   369.4    74.4   131.4   152.6   336.7   426.1   484.5   529.9   587.4   669.6   859.8  1754.9  4087.5  9402.8  67740.0    67844
read      386.9   576.5    74.4   131.2   152.0   336.2   420.9   470.7   509.2   556.9   621.6   729.7  1085.7  8977.0 28615.2  71262.7    71413
read      376.6   244.1    74.4   138.8   162.6   339.3   421.0   469.4   508.2   555.9   621.4   731.6  1001.7  1881.2  9070.0  97424.0    97328
read      364.9   268.8    74.4   129.1   148.3   331.5   418.0   468.0   508.3   554.7   612.2   694.4   947.3  1959.4  9451.0  54946.7    55113
read      358.6   251.2    74.4   126.7   145.7   324.7   408.6   461.4   501.1   549.0   606.7   685.4   939.6  1961.8 10645.8  53614.0    53743
read      372.0   397.2    80.4   126.4   145.2   336.6   414.0   458.7   496.1   539.9   595.5   683.9  1121.8  3290.4 18587.5  15183.3    15253
read      466.6   446.7    68.9   144.2   174.5   382.4   465.9   523.7   576.7   656.3   783.8  1061.6  1983.5  3145.4 15328.3  90420.7    90605
read      356.9   298.1    74.4   121.4   138.9   312.2   406.0   461.6   501.0   541.2   590.5   681.3  1018.1  3841.8  9776.8  25873.3    25767
read      436.3   408.9    74.4   138.8   164.8   348.7   428.4   488.1   542.1   616.2   713.5  1012.9  1951.6  3653.7 10517.4  93553.3    93458
read      357.9   250.5    74.4   133.5   155.3   316.6   395.6   444.3   484.0   533.8   597.4   697.0   996.1  2196.5  8118.4  94936.7    95080
read      405.3   457.3    74.4   139.2   163.7   344.7   427.4   481.0   525.5   581.4   659.9   796.2  1520.2  4453.4 16150.8  88648.7    88399
read      438.1   557.7    74.4   145.0   174.0   367.9   457.3   513.1   557.2   616.9   704.8   864.4  1537.2  6665.3 27594.6  95203.3    95681
read      422.9   815.3    74.4   127.3   145.6   322.8   418.4   479.7   525.4   574.6   637.2   786.8  2200.6 10960.7 31997.3  33124.0    33003
read      372.4   464.9    74.4   133.1   155.8   319.7   397.4   446.9   487.6   537.4   603.5   714.7  1122.1  4933.1 13831.2  98428.0    98809
read      389.2   584.9    74.4   128.4   147.8   329.3   412.9   464.6   505.3   553.4   620.4   739.5  1557.4  5769.3 30294.0  64685.3    64610
read      387.7   378.2    74.4   131.0   151.7   342.6   431.4   484.2   524.5   573.3   635.4   733.3  1230.9  5131.2 11652.5  51281.3    51183
read      363.9   384.4    74.4   123.6   142.5   321.9   407.4   454.6   489.2   528.2   577.2   676.3  1078.3  5097.7 16192.0  20432.7    20194
read      578.5  2145.8    86.8   146.3   175.7   325.5   377.7   408.0   433.2   466.9   520.3   687.9  7409.0 31712.3 37134.4   7609.3     7602
read      452.5  1153.9    68.9   124.6   143.9   320.2   407.7   468.1   517.8   575.8   656.3  1002.5  1886.5 16946.7 51627.3  46566.7    46677
read      864.0  3546.6    93.8   152.8   179.9   299.2   337.5   361.9   381.5   413.6   472.3   929.8 22504.8 36401.5 53974.9   5702.7     5577
read      572.1  1859.3    80.4   123.6   142.4   335.0   436.3   501.1   545.8   598.8   690.1   905.0  8538.9 30402.1 41629.5  22649.3    23035
read      559.1  1553.7    68.9   133.2   156.3   354.5   451.7   525.9   585.7   662.3   847.7  1588.5  2596.1 20417.8 48474.1  57610.0    57516
read      361.2   317.4    74.4   126.6   145.3   318.4   401.4   451.9   492.2   539.9   597.5   685.2  1092.6  3493.3  7149.3  62575.3    62851
read      338.5   216.8    74.4   121.2   138.4   302.1   383.0   437.3   480.0   525.9   577.6   646.1   946.3  1746.8  6496.9  38614.0    38431
read      442.4  1393.4    74.4   121.6   139.4   307.7   398.7   450.5   488.7   531.3   583.7   702.7  1735.0 21490.1 39657.2  25772.7    25729
read      612.1  2109.3    74.4   122.2   141.0   338.3   435.8   495.0   535.9   584.8   664.4   847.0 12192.7 30085.2 37638.0  19404.7    19443
read      378.5   417.3    80.4   122.8   141.6   332.4   424.1   475.0   514.0   556.8   615.3   716.0  1152.8  4274.6 16944.5  19518.0    19461
read      378.6   320.9    74.4   126.3   145.7   326.8   414.9   473.0   520.5   574.0   638.7   774.3  1309.9  2145.2 12592.1  42256.0    42341
read      323.4   563.1    86.8   149.4   176.0   287.1   323.8   344.1   359.3   375.8   402.4   452.5   865.5  7822.6 20232.4   5783.3     5691
read      367.5   545.2    74.4   123.5   141.9   315.7   398.9   452.0   494.8   539.9   593.1   671.6  1139.6  7937.7 28997.4  40013.3    40223
read      351.1   376.4    74.4   121.5   139.4   305.1   395.4   452.0   492.0   533.2   579.3   643.1   880.6  7552.4 16429.0  30079.3    29941
read      361.4   477.3    74.4   124.0   142.6   317.8   404.2   460.1   501.7   545.8   598.1   674.1   935.1  3937.0 15586.9  40892.7    41162
read      358.6   341.3    74.4   122.9   141.1   312.1   395.7   451.3   495.3   545.0   601.8   687.1  1094.2  4914.4  8940.2  43824.0    43863
read      376.1   331.7    74.4   124.8   143.5   333.3   427.3   480.4   516.5   558.8   620.7   741.9  1183.5  3896.9 13529.1  20216.7    20318
read      431.3   424.8    68.9   140.1   166.5   349.5   432.4   491.1   539.5   604.8   705.1   970.1  1853.5  3482.6  8789.5  93383.3    93421
read      346.7   221.7    74.4   123.4   141.4   314.5   397.1   446.0   487.5   534.9   587.4   664.5   881.3  1560.0  7877.5  48680.0    48578
read      348.4   329.3    74.4   121.9   140.2   310.5   393.7   444.9   485.7   532.7   584.8   657.1   866.4  1741.8 15339.3  40597.3    40595
read      367.8   326.2    74.4   123.5   142.0   328.4   414.7   462.3   496.6   535.9   590.2   693.9  1150.8  4048.9 10502.9  17968.7    17677
read      468.9   554.1    74.4   135.4   159.5   337.0   429.6   501.4   561.3   638.1   801.2  1515.4  2096.7  5734.9 15928.8  78998.7    78948
read      383.7   950.1    80.4   133.6   156.6   316.7   368.5   397.6   419.3   446.2   487.5   557.0  1582.8  9765.2 32022.8   9712.7     9703
read      365.9   702.4    80.4   131.6   155.2   314.7   367.8   395.3   416.6   444.5   487.4   557.2  2274.9  6200.3 31823.4   9696.7     9686
read      425.0  1229.7    80.4   135.6   163.7   314.1   365.3   393.8   414.7   441.2   492.9   605.5  2924.4 28713.4 37101.3   7923.3     7968
read      343.1   293.7    74.4   125.7   143.9   322.1   390.7   426.3   452.4   482.4   518.6   573.2   919.7  4300.4  9914.2  15587.3    15830
read      326.7   347.7    80.4   141.4   166.6   310.8   353.4   375.6   393.0   412.4   436.0   485.8   629.9  5804.4 12322.6   8268.0     8192
read      367.6   282.2    74.4   131.3   152.4   329.3   412.8   463.9   503.1   552.3   617.6   719.4   990.2  2013.4 10610.8  78794.0    79410
read      366.5   366.4    74.4   126.9   146.7   319.1   399.9   450.2   490.3   539.5   604.0   707.9  1260.1  4006.0  7361.4  76298.0    76582
read      359.4   304.0    74.4   125.3   144.1   321.0   403.0   451.6   490.5   538.4   593.7   683.7  1098.0  2345.7  7801.4  54941.3    54634
read      343.9   250.7    74.4   125.6   144.1   308.4   389.7   438.7   477.8   525.7   582.1   667.7   904.8  1840.3  9195.9  72309.3    72177
read      330.0   307.3    74.4   123.4   141.7   313.9   380.7   413.9   436.1   464.4   499.9   549.1   681.9  3428.9 11695.0  15320.7    15101
read      313.4   411.8    80.4   135.7   158.7   299.3   340.7   363.3   379.4   399.2   426.5   471.0   615.0  2169.1 18643.6   8250.7     8167
read      358.7   572.0    74.4   121.5   139.6   307.8   383.0   431.8   470.8   515.8   567.3   639.8   887.8 11094.0 24805.5  43532.0    44130
read      351.3   327.0    74.4   124.3   142.7   316.7   396.2   444.7   482.8   528.8   584.4   672.5   992.1  1806.4 12910.9  53469.3    53047
read      367.4   386.0    68.9   132.6   155.1   322.0   399.6   448.0   485.9   533.9   599.7   707.8  1012.0  5418.9 12860.2  97211.3    97171
read      355.5   414.8    74.4   125.7   144.9   310.4   390.4   439.1   477.8   528.9   590.4   686.3   994.9  2808.1 10959.6  81440.0    81360
read      336.8   229.1    68.9   124.3   143.2   302.5   383.3   431.7   468.8   513.5   570.7   656.0   867.7  1583.1  7949.1  77176.7    77277
read      343.6   239.5    74.4   122.6   140.8   312.0   392.7   444.4   485.8   531.5   583.2   655.3   841.0  1579.9  9967.4  38346.7    38294
read      333.8   468.6    86.8   130.0   150.2   309.5   360.3   387.2   406.1   428.7   458.4   510.3   718.9  6360.1 15997.1  11199.3    11165
read      348.0   287.3    74.4   126.3   145.3   311.7   392.1   439.6   478.0   524.1   582.9   670.9   899.9  2471.8  7363.8  73922.7    74155
read      329.6   422.4    74.4   127.3   147.2   308.5   362.0   390.1   409.4   432.9   465.7   519.5   706.9  5329.4 15927.3  12356.7    12255
read      344.7   239.9    74.4   124.1   142.6   313.3   393.8   441.3   479.9   527.0   581.7   656.0   875.0  1829.9  7771.2  52554.0    52404
read      339.1   304.9    74.4   123.6   142.4   321.6   394.2   430.6   456.6   486.7   522.6   573.2   726.1  4065.5 12412.3  16842.0    17057
read      345.5   783.4    80.4   145.0   170.3   287.6   325.3   347.4   366.3   389.2   421.6   490.0  1357.3  9765.7 35428.3   5950.0     6005
read      367.3   303.9    74.4   132.5   154.1   323.9   403.5   456.1   497.2   545.7   612.6   720.0  1083.4  2750.7  5744.7  85048.0    85707
read      374.3   285.6    74.4   131.5   153.1   332.1   415.8   466.5   507.3   557.2   625.7   731.4  1103.6  3223.0  9523.0  79741.3    79742
read      345.6   283.1    74.4   123.7   142.1   308.7   389.8   436.2   474.1   521.4   579.3   663.0   954.3  2171.1  5922.2  58466.7    58322
read      348.3   350.8    74.4   121.8   139.1   311.0   399.0   452.4   489.8   526.2   567.2   632.1   873.1  4505.7 11974.0  26459.3    26212
read      374.9   342.1    74.4   130.4   150.3   333.4   420.3   472.3   513.5   561.3   623.0   722.9  1096.8  3014.7  7650.2  69554.7    69487
read      341.8   250.1    74.4   121.9   139.7   307.7   390.6   445.0   483.9   523.6   568.8   635.2   830.7  3738.8  9007.5  29705.3    29507
read      357.1   319.8    74.4   126.3   145.2   324.3   405.8   457.5   497.5   544.3   599.7   677.7   872.2  1792.5 10159.9  51567.3    51412
read      357.1   414.1    74.4   125.9   144.3   313.2   396.3   446.7   485.0   530.3   585.7   668.1   913.1  5094.9 13207.2  67692.7    67374
read      348.9   292.7    68.9   124.7   143.5   313.5   393.7   440.9   478.8   527.1   584.2   666.2   937.4  2039.6 13296.6  55086.0    55125
read      345.4   229.9    74.4   123.9   142.4   311.8   392.6   439.8   478.4   524.1   579.5   664.6   962.6  1744.2  7541.3  53164.7    53048
read      340.1   366.5    80.4   131.4   151.8   321.7   377.7   406.6   427.4   452.6   486.0   541.6   720.5  4355.8 15175.3  12113.3    12192
read      353.0   311.7    68.9   122.6   140.8   311.2   401.2   460.1   503.2   546.4   594.7   669.0   900.9  3197.7  9958.4  35919.3    36138
read      387.0   492.1    74.4   130.9   150.9   335.3   423.3   476.7   518.7   567.7   625.9   718.1  1173.6  7453.7 16817.7  61058.0    60799
read      349.5   244.6    68.9   123.5   141.5   317.7   398.3   451.3   493.8   537.2   586.7   662.2   906.8  1743.1 10723.2  36178.7    36368
read      339.3   282.3    74.4   122.0   139.8   304.5   383.2   432.2   471.1   516.3   565.4   638.4   867.3  2531.3 12326.6  39514.0    39729
read      360.9   321.1    68.9   131.3   152.9   317.1   394.8   442.9   481.4   529.7   592.8   696.6  1178.4  2574.2  8275.2  95820.0    95693
read      354.3   287.3    74.4   122.9   141.5   315.6   396.7   449.2   489.9   536.2   590.0   670.8  1098.5  3026.5  9468.9  40701.3    40999
read      352.2   311.1    68.9   124.0   143.2   312.5   395.4   444.0   483.1   529.9   587.4   675.1   958.7  3436.5  8713.9  64690.7    65037
read      328.2   248.3    80.4   127.9   148.2   316.7   374.4   403.6   426.4   451.9   483.2   533.3   684.7  4019.1  8007.4  12494.7    12633
read      354.6   253.4    74.4   125.0   143.9   319.4   404.9   457.5   496.9   543.0   600.8   679.2   937.2  1922.1  7840.1  49974.0    50117
read      367.3   469.6    74.4   127.5   145.8   324.3   409.5   459.8   498.9   546.1   603.9   693.3  1047.5  2720.6 17060.3  62620.0    62765
read      331.0   268.1    74.4   129.5   150.1   321.4   379.0   407.3   427.5   452.9   487.1   538.9   702.7  3712.6 12503.6  12411.3    12379
read      359.6   510.6    74.4   123.5   142.3   315.8   397.5   446.8   485.3   532.4   588.2   670.8   922.7  3891.9 17277.8  49035.3    49369
read      359.1   541.8    74.4   120.8   138.6   305.0   386.4   438.8   481.4   528.3   583.5   663.9  1093.1  8908.2 32586.2  39206.0    39111
read      345.3   229.3    74.4   123.8   142.5   311.6   390.6   440.1   478.6   524.5   580.9   660.9   924.7  1968.9  7566.3  52668.0    52692
read      328.8   265.8    74.4   119.9   137.5   302.1   387.0   434.6   468.2   503.1   542.4   600.0   723.4  1753.3 14453.3  24296.0    24539
read      341.2   214.9    68.9   123.4   141.9   308.7   389.0   436.2   472.7   520.2   577.9   660.0   918.3  1721.1  6848.5  61670.0    61591
read      367.9   424.9    74.4   123.1   141.8   317.5   398.7   449.7   492.0   542.8   600.4   689.2  1397.1  5038.6 15552.9  47936.0    47864
read      332.0   204.4    74.4   123.8   142.2   317.3   392.0   427.6   453.9   484.2   519.9   574.1   766.8  1866.0  7695.8  16472.7    16479
read      360.3   417.3    74.4   126.2   145.3   313.6   395.0   446.1   486.8   535.5   590.5   682.6  1004.0  5590.2 16821.7  75368.0    75268
read      317.9   433.5    74.4   133.5   156.7   297.9   341.9   365.4   381.8   400.6   429.0   477.8   630.6  4954.0 16156.0   8562.0     8714
read      324.4   235.8    80.4   128.2   147.9   311.3   366.9   394.4   414.0   437.1   473.2   531.2   793.5  2878.6 11112.2  12747.3    13002
read      388.9   482.1    74.4   127.6   148.4   321.7   405.6   460.0   503.0   554.4   624.0   750.4  1700.4  5695.4 11913.9  76526.7    77147
read      334.0   325.0    68.9   118.6   136.0   296.4   372.7   424.6   464.9   513.4   567.3   636.4   822.3  2846.6 12248.6  43245.3    43518
read      346.2   594.1    68.9   116.9   134.2   297.3   382.0   431.5   465.8   503.1   543.9   598.8   836.1  8556.0 30897.4  27010.7    27206
read      333.0   232.7    74.4   120.1   138.3   301.5   378.6   426.6   462.9   506.4   559.9   634.9   849.6  2057.7  9905.1  55828.7    55859
read      332.6   240.8    68.9   118.3   135.3   297.9   374.3   426.7   467.3   515.0   567.9   638.9   874.0  1923.5  8594.0  37352.7    37448
read      336.7   264.7    74.4   120.2   137.9   299.3   376.8   428.5   468.6   516.4   573.0   650.1   921.1  1735.7  9811.2  44968.0    45026
read      357.4   240.6    74.4   132.4   155.0   317.5   395.6   444.8   483.3   531.7   592.3   693.3  1015.1  1774.6  7966.4 100036.7    99974
read      336.4   225.5    74.4   122.1   141.0   304.3   383.1   429.7   464.7   506.9   560.1   638.8   909.1  1726.3 10588.2  64872.7    64632
read      330.4   206.6    74.4   119.7   137.2   299.8   375.4   424.2   463.3   508.9   563.8   635.3   822.1  1706.6  4870.8  49064.7    49061
read      337.8   257.8    74.4   124.5   143.3   301.6   380.0   428.7   466.2   511.7   569.9   649.0   859.3  1924.6 12191.9  80177.3    80418
read      324.6   367.0    74.4   123.9   142.3   307.7   372.8   406.6   429.9   458.2   492.9   539.3   657.3  4291.9 17371.4  16412.7    16471
read      340.9   361.6    68.9   121.7   138.8   294.2   380.1   434.9   479.1   524.1   569.0   631.2   868.8  4304.7 14938.1  35608.7    35694
read      328.9   233.1    74.4   128.5   146.4   319.8   383.8   415.4   435.4   460.4   492.0   540.5   684.2  2034.7  9718.1  14085.3    13935
read      339.5   269.5    68.9   126.3   145.3   302.9   381.1   429.0   467.3   513.6   572.0   659.1   873.3  1982.9  7948.2  79666.7    79838
read      344.1   396.7    68.9   124.3   142.3   302.8   379.3   425.9   463.8   509.8   565.1   641.2   865.2  7321.3 14414.7  48873.3    48842
read      331.4   337.0    68.9   123.2   141.3   312.7   388.6   425.1   450.4   479.0   515.7   568.1   712.4  2438.7 16428.9  17562.0    17708
read      339.7   457.5    74.4   119.6   136.8   294.6   378.0   431.5   470.1   510.7   557.5   623.1   829.8  4978.7 26745.4  31027.3    31401
read      343.2   246.5    68.9   124.1   142.4   305.8   385.3   433.0   470.7   518.9   576.2   663.1  1010.3  1961.4  9451.6  61988.7    62091
read      365.9   255.0    68.9   132.2   153.7   322.1   401.1   452.7   493.6   544.5   612.6   712.9  1181.4  2545.5  7672.0  87329.3    87121
read      339.3   292.4    68.9   125.3   144.6   299.7   377.5   425.0   462.8   509.8   567.0   651.9   897.1  2415.3  9422.0  82032.7    81929
read      345.5   410.7    74.4   120.6   138.7   305.1   385.0   433.5   474.1   519.9   574.9   651.9   953.6  2197.3 12175.0  42154.0    42013
read      349.4   350.0    74.4   127.2   147.3   307.9   386.2   434.9   473.7   522.6   582.0   671.0   894.2  3483.4 12031.2  90320.0    90709
read      349.7   323.4    68.9   124.8   144.1   309.8   390.1   436.9   474.4   521.5   578.2   662.5   964.9  3949.3 10034.4  67675.3    67578
read      341.2   221.4    74.4   124.1   143.0   309.3   388.2   435.1   474.5   520.8   574.3   648.4   897.5  1864.1  8070.0  57918.7    58116
read      345.0   423.3    74.4   123.2   141.7   301.2   380.3   427.4   465.1   510.9   565.7   641.6   902.5  4903.2 12871.3  68987.3    68886
read      364.6   376.9    68.9   131.5   152.8   319.0   397.8   446.8   486.3   535.2   597.9   703.7  1095.0  4098.7 10320.9  92781.3    93119
read      365.0   250.6    74.4   132.8   155.0   322.3   402.6   453.9   494.9   544.8   612.0   711.9  1068.8  2328.5  5953.9  94624.0    95079
read      338.2   222.7    68.9   123.7   142.8   302.7   380.7   429.7   468.8   517.9   575.5   655.6   896.5  1852.8  7172.6  77371.3    77456
read      318.3   271.8    74.4   121.2   138.9   307.4   373.9   406.8   429.3   456.1   489.1   538.1   668.5  1520.6 15461.9  15608.7    15723
read      330.2   385.3    80.4   133.9   154.4   310.3   358.1   383.1   400.3   422.3   452.4   505.5   705.3  7327.9 11815.4   9910.7     9867
read      312.8   284.6    86.8   138.7   162.8   301.8   341.0   362.6   377.8   398.7   424.3   465.7   600.6  3566.4 12680.7   8305.3     8176
read      343.9   359.2    68.9   126.6   146.8   302.6   377.0   424.7   462.4   510.2   571.3   656.7   920.3  3960.2  9339.3  89419.3    89745
read      316.0   204.0    74.4   131.3   152.6   311.5   360.5   386.0   403.7   427.0   455.2   499.6   634.6  1856.0 12119.7  11095.3    11058
read      336.2   237.3    74.4   124.2   143.1   301.3   376.7   423.6   461.6   508.9   568.7   653.4   901.8  1703.8  9575.8  81611.3    81413
read      330.2   244.3    74.4   118.9   135.7   304.2   389.9   433.0   464.1   498.4   538.4   593.0   771.0  1758.4  9313.2  21709.3    21659
read      350.4   483.7    74.4   119.1   136.3   296.3   388.8   443.0   479.5   519.5   564.7   634.8   956.1  8550.4 15439.3  27121.3    27181
read      339.6   338.1    80.4   123.1   141.1   316.3   390.5   427.7   453.6   483.2   520.3   579.0   791.1  4104.3 16517.7  17464.7    17420
read      331.9   207.4    74.4   120.1   137.8   306.0   394.2   440.9   473.3   508.3   547.4   607.9   803.4  1568.2  7695.2  23150.7    23028
read      337.9   269.1    74.4   119.7   136.9   299.1   385.2   439.0   480.8   526.2   574.0   637.3   812.3  4128.0  7873.4  33904.7    33694
read      326.4   275.3    68.9   118.5   134.7   289.4   373.5   425.6   464.5   508.4   551.8   614.2   756.3  1875.1 11174.2  32573.3    32735
read      336.1   249.6    74.4   122.3   140.1   303.4   382.7   431.4   468.4   514.2   569.5   649.0   865.8  1546.5  8919.2  57555.3    57645
read      327.9   188.4    68.9   120.3   138.1   298.0   374.0   423.9   461.9   508.6   559.4   630.1   803.0  1387.2  4681.2  45148.7    45216
read      349.8   314.0    68.9   125.4   143.8   313.5   394.3   444.4   484.0   529.7   583.7   664.7   912.3  3093.5 13046.2  57476.7    57659
read      358.1   296.2    74.4   127.1   147.5   308.1   391.4   442.3   483.0   532.5   593.4   695.9  1294.2  2709.6  7780.0  85246.0    85443
read      335.2   507.4    74.4   124.7   143.1   312.4   374.6   404.6   427.5   454.9   489.1   541.7   779.4  3937.8 30775.5  14516.7    14390
read      324.4   236.5    68.9   118.6   135.4   289.0   373.2   425.5   464.1   505.6   550.6   610.9   758.7  1563.2  9584.0  31744.0    31520
read      351.5   491.7    74.4   124.6   143.3   306.1   386.5   433.9   471.9   519.5   576.6   658.6   946.7  4866.1 16214.8  66973.3    67089
read      327.8   274.9    74.4   122.1   139.4   308.5   380.0   415.5   439.3   468.7   506.4   562.4   741.1  3835.9 12202.7  16605.3    16537
read      328.3   272.6    74.4   119.5   136.6   308.4   386.7   428.3   456.6   487.6   523.9   574.3   721.5  1736.9  9938.2  18860.0    18930
read      333.1   244.8    74.4   120.6   138.2   297.8   375.1   426.6   466.8   513.8   569.0   639.5   867.7  1562.0  8774.1  46998.0    46784
read      344.2   258.0    74.4   127.0   147.1   303.4   378.3   425.9   463.5   511.8   574.2   670.0  1036.6  2133.7  9335.3  92664.7    93102
read      341.8   313.9    74.4   126.5   146.3   298.8   376.6   426.1   464.8   512.2   572.3   659.7   939.7  2428.0  8103.9  89784.0    89799
read      332.2   211.9    74.4   122.4   140.4   301.3   378.3   425.6   461.8   504.8   558.5   633.4   857.5  1787.5  7552.1  66316.0    66551
read      345.5   319.9    74.4   127.9   148.2   304.3   378.9   427.2   465.2   513.3   574.8   662.6   899.1  3643.2  9628.2  92904.7    93104
read      331.6   222.3    74.4   120.1   138.2   300.5   376.0   424.4   460.7   505.7   559.7   633.0   857.0  1618.9  8419.5  43796.0    43768
read      331.7   218.7    74.4   121.1   139.1   301.3   377.0   422.9   458.2   503.2   557.0   631.5   829.8  1876.3  6711.6  54158.0    54006
read      350.8   468.1    74.4   123.0   141.8   305.6   383.6   430.2   466.1   511.2   566.4   642.5   912.3  6425.2 15241.0  64720.0    64618
read      340.4   289.6    74.4   126.5   146.2   301.8   379.1   426.8   464.3   510.6   572.7   657.4   897.5  2203.1  8631.5  86501.3    86482
read      339.7   226.1    74.4   124.4   143.4   305.2   385.4   433.0   469.5   514.5   572.6   658.1   926.7  1560.1  7749.1  77252.0    77459
read      332.4   202.9    74.4   121.7   139.8   300.5   379.7   426.9   464.4   510.0   566.9   642.1   838.1  1604.0  4961.6  61358.7    61365
read      334.0   200.0    68.9   122.0   140.0   301.8   380.4   429.0   466.8   513.0   568.4   644.8   862.8  1729.9  4252.2  52607.3    52346
read      340.4   218.6    68.9   126.4   146.1   302.7   379.7   428.7   468.0   514.9   575.8   662.2   920.2  1972.7  5399.5  86818.7    87286
read      348.5   530.2    74.4   121.5   139.8   310.5   381.5   419.3   444.8   473.2   512.0   567.8   935.1  6181.2 28668.2  17295.3    17384
read      342.1   243.9    68.9   128.0   149.0   303.0   377.8   425.2   463.5   509.5   567.9   656.1   938.8  2549.6  7929.4  97972.0    98165
read      336.3   240.1    74.4   122.3   140.4   303.0   381.6   427.7   462.8   506.1   562.0   640.0   910.7  1746.2  9141.4  63348.7    63330
read      316.0   453.3    86.8   143.8   171.4   281.8   315.9   336.2   351.8   371.0   396.4   452.1  1123.9  7614.6 16434.2   5826.7     5866
read      334.3   338.0    74.4   119.8   137.4   293.0   371.8   423.7   463.3   508.3   559.6   633.4   913.2  2227.5 11001.7  37405.3    37693
read      338.1   298.8    74.4   122.7   141.2   299.1   377.8   425.5   463.2   507.4   561.3   639.0   932.1  2583.4  9918.9  75464.0    75360
read      325.5   219.7    74.4   118.8   135.6   296.2   370.9   419.1   456.3   499.5   547.2   613.8   798.1  1588.5  6943.1  34684.0    34753
read      329.9   230.6    74.4   122.6   140.4   299.8   377.5   423.9   459.0   503.7   556.7   627.5   800.5  1447.6 10064.6  59948.0    59823
read      343.9   214.0    68.9   126.2   145.1   310.8   393.5   442.1   479.6   524.9   580.5   660.0   890.4  1653.6  5940.0  67946.7    68266
read      340.5   229.5    74.4   121.7   139.6   305.7   388.2   438.8   480.7   525.4   576.7   645.1   917.5  1913.8  9506.6  39540.7    39383
read      330.3   199.6    74.4   121.9   140.2   300.3   377.8   422.7   458.7   502.9   554.5   630.4   843.2  1707.0  6256.3  64720.0    65072
read      325.7   366.7    74.4   118.6   136.0   289.0   365.7   415.1   453.1   496.8   543.7   607.4   785.7  2747.5 10671.1  33203.3    33192
read      331.4   224.9    74.4   121.1   138.8   299.4   374.9   422.7   460.9   506.4   558.9   635.7   870.8  1550.8  6582.2  51772.0    51847
read      336.2   233.8    68.9   122.6   140.9   301.7   380.5   429.2   466.9   512.3   566.5   644.8   910.3  1658.6  6298.2  62270.0    62362
read      345.0   257.3    68.9   125.3   145.0   302.1   380.8   432.0   472.2   521.8   580.8   673.6  1029.3  2190.6  9354.0  83968.7    84073
read      347.4   331.0    74.4   123.9   142.7   306.6   385.9   434.9   471.3   517.5   574.6   658.9   950.8  3800.9  8579.1  64325.3    64213
read      321.2   289.8    74.4   118.1   134.6   289.0   372.5   418.8   452.1   490.0   532.5   590.6   753.8  1638.4 11059.5  26890.0    27059
read      350.4   367.5    68.9   123.3   142.1   311.5   391.4   438.3   476.1   523.5   579.6   658.6   927.9  2932.0  9483.7  54731.3    54703
read      359.6   277.9    74.4   134.0   155.8   319.4   399.3   448.1   486.2   532.3   592.3   690.3  1016.9  2162.9 10177.7  98620.0    98366
read      337.7   236.6    74.4   120.6   137.9   302.9   385.8   438.0   474.9   516.7   562.2   630.0   889.5  2418.1  6916.3  29851.3    29565
read      330.2   220.4    74.4   122.6   141.1   296.8   375.7   423.5   460.0   503.3   555.4   627.0   821.1  1618.9  9576.0  74932.7    75000
read      330.8   202.9    68.9   122.2   140.7   301.4   378.4   423.5   458.8   502.6   555.6   631.4   854.2  1432.3  7661.9  62497.3    62235
read      337.0   306.9    68.9   120.4   137.8   298.3   374.6   422.6   460.8   507.1   560.7   633.3   869.9  4332.4  9657.1  47588.0    47788
read      345.0   257.2    74.4   125.3   143.6   306.6   388.0   436.6   474.1   519.0   576.8   664.9  1036.5  2228.7  7811.7  68393.3    68928
read      323.9   192.8    68.9   119.4   135.9   290.2   370.6   424.0   462.6   504.5   551.3   619.1   804.2  1653.5  5880.4  36405.3    36478
read      349.8   297.0    74.4   126.3   145.3   313.9   394.5   443.7   482.6   530.7   587.5   672.1   912.9  2105.0  9701.9  76342.0    76067
read      346.8   242.0    68.9   123.3   142.3   312.2   393.3   441.8   482.1   529.8   585.9   664.3   980.3  1739.8  5969.4  47060.7    47020
read      343.1   291.4    74.4   123.9   143.1   304.1   382.6   431.2   469.0   515.0   572.9   661.7   930.9  2907.7  8710.5  81634.7    81656
read      319.5   264.1    74.4   120.3   138.3   305.1   373.6   408.3   432.1   459.3   492.5   539.0   654.9  2705.3 10884.5  16400.7    16396
read      327.0   253.1    74.4   118.8   136.9   302.7   384.6   427.8   457.6   491.3   530.5   583.6   738.5  1880.1  8109.0  21668.7    21661
read      332.4   230.1    68.9   120.2   138.3   299.7   374.8   421.8   459.7   505.3   558.8   633.7   848.1  2821.3  7627.4  50310.0    50156
read      340.0   203.8    68.9   121.2   139.0   307.7   387.2   434.7   474.2   522.8   578.3   656.4   903.3  1826.0  3352.9  54212.7    54102
read      338.7   232.7    74.4   121.9   140.4   306.8   384.9   432.3   468.3   511.9   566.2   644.1   900.2  1834.4  9735.2  65450.7    65670
read      337.6   428.3    80.4   120.7   139.1   307.6   379.4   415.2   441.2   471.6   506.6   567.2   802.9  5886.0 16999.2  17598.0    17584
read      335.6   301.5    68.9   116.9   134.0   291.2   379.7   431.3   469.8   511.0   555.1   628.6   953.5  4305.1 10444.8  30214.7    30347
read      334.9   377.8    74.4   119.0   135.4   303.7   382.6   424.4   454.4   489.1   530.5   593.7   829.4  5364.4 12864.8  21421.3    21534
read      310.0   259.5    74.4   128.0   147.6   296.8   342.1   368.0   387.1   408.8   436.0   487.8   758.7  3834.1 12170.8  10383.3    10216
read      342.5   242.4    74.4   123.2   142.5   304.0   382.6   429.8   467.9   514.6   576.0   667.0   994.6  2341.6  6715.7  80198.7    80544
read      341.0   531.6    74.4   119.4   137.5   303.2   375.6   420.8   456.1   499.1   551.8   627.2   838.5  6706.8 38029.0  45444.7    45508
read      341.3   475.4    68.9   118.5   135.9   302.1   387.7   431.8   463.2   498.7   537.1   590.5   807.7  6605.7 15971.1  21654.7    21591
read      326.9   303.4    80.4   121.2   139.3   309.6   373.9   407.9   431.5   459.2   493.7   543.1   717.8  5370.7  8716.3  15607.3    15435
read      332.3   313.3    74.4   125.1   145.0   316.4   381.4   414.7   436.8   464.0   499.5   551.1   733.9  3537.9 10923.0  14554.0    14502
read      335.8   319.7    74.4   122.6   140.8   314.0   383.8   420.0   444.8   473.0   511.8   567.1   795.2  3887.6 12491.0  16293.3    16369
read      328.7   225.3    74.4   119.5   136.6   296.8   371.4   421.6   461.8   508.8   561.4   633.6   821.6  1459.6  8083.1  41858.0    42077
read      331.8   223.9    68.9   119.4   136.6   297.0   375.9   428.5   467.6   513.9   564.0   637.1   858.2  1968.1  7623.8  38064.7    38334
read      315.6   241.1    74.4   118.4   136.1   297.5   371.1   407.3   431.4   460.3   497.0   555.7   745.7  1780.8  7729.4  17864.0    17694
read      342.5   212.1    74.4   123.5   142.9   307.3   385.4   431.8   468.8   516.5   575.9   664.7  1003.7  2127.9  4445.7  74502.7    75056
read      335.8   210.1    74.4   121.6   140.4   307.2   383.7   430.2   466.4   510.5   564.1   637.6   836.0  1676.8  7103.0  54031.3    53845
read      327.8   305.2    80.4   127.4   146.3   315.1   373.1   404.1   425.3   450.5   484.1   535.5   672.2  4136.3 12915.1  13338.0    13319
read      342.6   259.3    68.9   123.7   142.7   304.3   383.2   432.9   471.3   516.9   575.6   660.0   926.4  2838.8  9534.1  77150.0    77808
read      346.5   416.8    74.4   121.7   140.0   300.9   379.8   430.6   470.5   519.5   573.7   646.8   881.0  6241.1 13396.6  44490.7    44423
read      343.6   263.7    74.4   121.9   139.3   309.8   401.5   454.0   490.0   527.1   569.5   630.8   815.9  2125.0  9350.6  25418.0    25669
read      353.7   214.2    74.4   126.4   145.4   317.5   401.4   451.4   491.3   538.5   594.8   681.4  1011.0  1999.4  5132.2  66460.0    66463
read      339.9   240.8    74.4   121.2   138.7   305.8   387.5   438.5   482.8   528.7   578.7   648.6   862.1  1492.9  8731.2  35147.3    35396
read      339.8   450.5    68.9   118.9   135.7   294.9   372.9   424.4   463.6   507.0   553.5   618.9   846.9  7807.6 15916.4  33700.0    33885
read      334.0   406.6    80.4   128.9   147.8   307.9   361.6   389.9   409.0   432.2   466.2   523.4  1209.5  7241.1 10058.0  11800.7    11712
read      322.5   186.7    68.9   121.8   139.9   296.6   368.4   411.3   445.0   487.5   537.9   606.8   784.5  1438.3  4675.2  51201.3    51485
read      323.1   167.6    68.9   122.0   140.8   298.6   371.9   417.7   452.8   494.0   543.1   611.9   748.6  1111.7  4405.4  59387.3    59378
read      325.7   192.2    68.9   126.2   146.4   296.9   367.4   410.5   445.4   490.7   546.7   628.0   784.4  1292.8  5612.5  94500.7    94757
read      324.5   244.2    68.9   121.9   141.1   295.9   369.6   414.0   448.6   490.7   543.5   615.5   745.8  1824.3 10150.2  71176.7    71707
read      299.3   367.3    86.8   142.0   165.8   269.3   305.0   323.1   339.1   358.4   385.7   446.9   688.6  6950.3 10308.6   6214.7     6184
read      321.0   224.0    68.9   121.5   140.0   298.7   368.8   410.8   443.2   482.8   530.6   592.5   731.4  1011.1 10058.6  52256.0    52631
read      315.2   214.4    68.9   118.5   135.3   288.0   363.9   410.0   443.2   479.6   522.7   579.5   692.1  1841.7  9252.2  31242.7    31188
read      336.8   242.3    74.4   128.2   148.9   305.0   377.8   424.0   459.8   504.8   565.1   652.3   822.9  1729.2  9189.9  92424.0    92326
read      322.8   208.8    63.8   121.8   141.2   296.6   370.1   414.7   448.9   489.3   540.4   610.4   760.2  1016.0  8822.1  78192.0    78268
read      318.6   180.7    68.9   121.3   139.6   292.2   366.7   410.3   443.9   486.0   538.8   610.3   752.9  1014.1  5255.5  78449.3    78655
read      314.0   254.9    74.4   119.8   136.8   284.9   357.5   402.5   436.6   477.3   522.9   581.4   698.7  1774.7 11813.0  29964.0    29798
read      327.1   224.2    74.4   127.1   147.1   297.9   370.2   414.5   448.7   491.0   544.7   626.1   785.9  1003.7 11324.6  96217.3    96196
read      315.6   239.0    68.9   120.3   138.2   290.5   357.9   399.6   432.1   473.3   521.5   584.3   714.6  1774.2  8046.8  39462.0    39289
read      313.4   327.7    74.4   124.0   142.8   302.9   358.8   387.2   407.0   431.0   462.4   511.7   633.3  2825.4  9843.9  13849.3    13806
read      328.8   250.2    68.9   124.5   144.1   296.7   370.0   415.2   451.2   496.8   552.7   632.5   790.0  1446.2  9384.5  86198.7    86543
read      320.7   195.5    68.9   122.6   141.0   299.0   369.6   411.4   443.3   482.3   531.2   598.5   739.8  1018.9  5333.1  66701.3    67095
read      316.1   259.6    74.4   126.3   144.4   306.9   366.5   399.0   420.6   444.4   474.4   522.3   623.5  1990.4 12371.3  15178.0    15164
read      321.7   214.0    74.4   121.1   139.1   299.7   384.0   424.3   451.1   480.2   513.7   559.4   673.6  2455.1  5508.8  21489.3    21544
read      335.5   255.1    68.9   124.6   144.2   303.6   380.4   427.3   463.6   507.7   561.8   639.2   805.5  2269.1  9453.2  80764.7    80587
read      334.9   225.0    68.9   127.5   147.7   304.4   380.0   426.0   461.1   504.4   561.3   640.5   805.2  1412.7  8403.5  90627.3    90870
read      319.4   285.0    74.4   121.1   138.5   306.2   376.9   411.8   436.1   464.5   500.3   549.0   654.7  1965.5 12348.8  18520.7    18274
read      318.3   186.8    68.9   117.8   135.0   286.5   367.4   418.8   456.7   499.4   544.1   605.4   737.4  1494.2  4873.8  33438.7    33727
read      327.4   314.2    74.4   131.7   151.6   317.1   369.6   396.1   415.1   436.1   467.2   517.3   668.0  4144.2 14246.9  11554.0    11433
read      312.5   223.4    74.4   122.5   140.7   303.1   368.9   401.3   423.8   449.0   480.0   527.1   623.1  2306.6  6699.3  16928.7    17009
read      324.3   204.9    68.9   122.5   141.4   300.0   372.4   416.8   449.5   489.4   538.2   607.9   757.1  1164.9  7952.9  61572.7    61531
read      335.9   206.5    68.9   125.2   144.8   308.7   383.0   427.9   462.3   504.7   560.1   637.1   818.5  1394.4  7195.1  77780.0    77691
read      324.0   198.9    68.9   122.5   141.2   299.1   370.1   413.6   447.9   489.2   540.5   613.2   763.4  1680.8  7508.0  75356.0    75329
read      328.8   274.7    74.4   122.7   141.7   299.1   372.1   416.4   452.1   495.3   547.9   625.7   785.1  1813.0 10007.1  79808.7    79936
read      326.9   215.0    68.9   123.0   141.9   301.0   375.8   419.8   453.3   493.4   543.0   615.0   774.6  1397.1  7793.4  74405.3    74872
read      281.1   280.7    86.8   133.0   156.4   268.7   303.7   323.0   337.0   353.7   377.5   420.3   552.9  1917.6 12784.7   7580.0     7464
read      298.1   188.2    74.4   126.9   144.4   295.8   341.0   365.6   383.4   403.6   432.6   474.0   561.7  1851.2  7868.2  11983.3    12219
read      308.0   224.8    68.9   119.5   136.4   295.3   363.2   397.9   423.4   452.7   488.6   538.4   639.7  1690.4 11998.2  19727.3    19906
read      307.7   219.4    74.4   120.2   136.9   295.5   361.3   395.6   419.8   447.2   480.8   528.6   634.2  1846.7  7787.6  18328.0    18108
read      308.2   492.9    80.4   141.0   167.3   281.4   318.2   339.2   354.4   371.9   399.7   446.3   643.5  4762.0 27891.9   6644.0     6498
read      311.8   433.0    80.4   144.4   170.7   281.0   317.7   338.9   354.9   374.2   405.9   469.4   787.4  6507.1 16997.7   5881.3     5794
read      330.2   210.7    74.4   122.3   140.9   301.6   375.0   417.7   450.7   492.8   545.0   618.6   892.2  1779.7  5976.1  53526.7    54376
read      305.7   284.1    74.4   126.3   144.3   294.3   343.2   370.4   389.3   410.2   437.1   488.7   628.2  3975.3 12008.9  12638.7    12545
read      322.7   185.6    68.9   123.0   142.6   295.1   366.6   410.9   446.7   491.5   547.3   623.9   761.0   997.3  4466.4  85480.7    86110
read      304.7   286.8    80.4   129.3   148.9   291.1   332.1   355.7   372.6   393.2   421.2   471.6   649.1  3523.0 12470.6   9769.3     9730
read      326.1   189.4    68.9   123.3   142.1   297.3   371.0   417.4   453.4   498.8   556.0   633.4   789.1  1089.2  4552.9  81544.0    82140
read      326.2   196.5    68.9   122.9   142.0   296.4   370.8   416.4   451.0   493.9   547.1   626.6   811.9  1564.7  6275.9  78494.7    78511
read      326.1   203.7    68.9   122.5   141.8   303.0   376.1   420.4   453.9   493.5   542.1   612.6   753.0  1030.7  5947.6  68240.7    68231
read      304.8   322.5    80.4   127.6   145.8   294.3   339.9   365.5   383.9   403.6   431.4   470.7   575.6  3439.3 15233.8  11466.0    11420
read      322.1   213.4    68.9   123.6   143.5   293.4   367.0   410.9   444.7   487.0   540.9   619.2   767.8   963.3 11123.2  89574.0    89777
read      321.0   189.8    68.9   121.6   140.7   296.3   369.5   412.1   443.4   482.3   533.2   603.8   758.2  1327.2  6244.8  75068.0    75189
read      327.0   302.9    68.9   126.7   147.3   296.7   368.1   411.6   445.4   487.5   543.8   628.7   786.2  1063.5  9802.0  95836.0    96119
read      325.9   198.5    68.9   122.5   141.7   299.9   372.8   416.5   450.5   491.6   540.7   609.3   772.1  1753.6  6231.7  69585.3    69998
read      326.4   221.8    74.4   123.2   142.8   297.6   370.0   415.1   450.7   493.4   546.7   622.9   771.0  1551.9  8984.7  79292.7    79345
read      309.2   291.5    74.4   119.2   136.2   288.8   358.5   394.6   420.3   450.6   487.9   538.9   638.6  2024.5 14417.2  22148.0    21991
read      322.5   179.6    68.9   127.7   147.4   294.6   367.1   410.0   442.4   483.3   536.6   617.0   769.0  1024.4  4002.9  99750.7    99920
read      315.8   335.8    74.4   124.4   142.4   303.3   364.0   394.9   415.9   438.7   468.3   519.1   619.8  3526.8 19344.9  15161.3    15067
read      323.3   184.6    68.9   126.5   146.7   293.9   367.2   412.8   447.9   489.3   542.0   623.0   769.4   985.6  4500.2  96102.7    96201
read      317.8   261.8    74.4   117.8   134.9   286.2   371.3   419.7   453.1   488.8   528.4   584.1   711.0  1872.9 11390.3  28560.7    28442
read      323.7   233.3    74.4   120.3   137.5   296.8   383.2   428.9   460.8   496.8   534.6   583.0   712.3  1938.3  6688.0  23740.7    23738
read      327.7   374.7    80.4   138.1   161.4   313.3   359.4   384.1   401.4   425.3   457.0   510.5   641.2  3946.8 23185.7   9379.3     9437
read      336.8   207.3    74.4   130.6   151.6   305.3   380.5   425.9   461.2   505.7   564.9   650.7   814.6  1302.8  5907.7  96708.7    97039
read      319.7   222.4    63.8   120.1   138.0   291.0   367.0   413.6   448.8   493.3   540.3   601.6   719.6  1358.3  9504.1  39814.0    39843
read      313.7   382.6    74.4   127.2   146.6   299.8   347.2   374.0   393.1   414.8   442.3   493.6   616.2  4645.2 15953.4  11924.0    11616
read      329.3   229.9    68.9   122.2   141.0   300.4   375.6   422.8   459.4   502.7   555.2   622.9   743.0  2397.2  9418.2  56187.3    56350
read      325.7   258.4    74.4   119.3   136.3   295.6   384.1   428.2   459.7   494.3   532.7   584.6   690.4  3817.4  9086.3  24914.7    24650
read      323.0   203.3    68.9   119.6   137.2   289.3   372.2   425.2   464.0   508.2   549.6   610.4   740.8  1765.9  7644.4  34018.7    33825
read      327.1   187.5    74.4   123.4   141.6   301.1   375.3   422.1   458.0   501.7   551.1   620.7   747.1  1228.5  4712.1  54035.3    54193
read      324.8   208.9    68.9   122.7   141.3   296.7   371.9   417.1   451.6   494.0   546.0   622.5   762.1  1046.3  7959.7  76586.7    76287
read      320.8   208.7    68.9   119.3   137.3   290.0   375.6   426.8   463.5   503.6   543.9   594.4   696.1  1382.7 10315.3  30802.0    30507
read      326.4   214.7    74.4   121.0   139.5   296.5   371.2   419.1   457.6   504.0   554.9   622.5   761.0  1535.8  8547.9  44042.0    43736
read      327.5   205.9    68.9   124.2   143.7   297.8   373.9   419.7   455.8   499.0   552.5   627.6   767.0  1210.9  8261.0  82106.7    81903
read      326.2   241.4    68.9   123.3   142.3   295.8   372.4   418.3   453.4   496.7   548.0   623.8   766.1  1158.3  8613.4  80579.3    80570

Total QPS = 50088.3 (39068860 / 780.0s)

Total connections = 64
Misses = 0 (0.0%)
Skipped TXs = 0 (0.0%)

RX 9650008420 bytes :   11.8 MB/s
TX          0 bytes :    0.0 MB/s
Warning! Detected max cpu usage > 95%
CPU Usage Stats (avg/min/max): 100.00%,48.73%,100.00%
