Random waveform, supplied seed
Total number of intervals = 520 (7434, 67201, 85927, 63953, 31595, 87879, 7287, 62295, 6561, 22532, 60653, 59076, 60154, 22964, 8172, 27652, 37594, 24367, 33771, 84944, 85666, 51918, 34406, 28664, 38289, 20658, 13840, 93419, 98284, 71313, 42089, 46458, 30755, 42889, 93552, 65694, 29574, 51355, 67361, 16287, 81508, 87619, 99068, 51267, 11822, 97494, 97350, 55460, 85984, 82043, 52873, 13911, 49984, 9274, 27187, 18735, 86505, 93039, 75999, 32324, 84255, 81759, 37291, 53818, 30297, 31569, 38927, 10652, 98119, 48176, 34929, 69735, 20753, 84642, 42333, 61587, 77998, 97625, 23781, 66723, 31016, 47394, 95335, 5252, 65908, 16889, 42912, 99898, 26385, 22616, 50605, 90283, 26273, 48521, 34058, 75648, 19482, 15054, 75754, 5187, 17656, 96343, 36665, 85269, 31525, 61798, 12253, 25710, 79937, 7271, 85861, 91467, 72217, 31080, 76878, 84584, 12492, 57106, 96245, 6791, 90728, 5151, 82969, 42635, 99337, 95192, 69200, 49459, 29055, 64324, 5705, 84816, 23714, 74116, 19948, 44213, 19454, 7190, 47657, 44399, 6481, 5807, 83137, 9580, 37385, 33706, 35204, 50438, 48878, 42682, 27416, 64424, 64364, 5481, 26227, 26586, 86286, 24452, 26832, 29795, 46224, 84587, 63389, 46953, 90536, 12508, 38491, 97806, 11813, 39665, 53571, 63215, 78767, 8615, 67903, 16398, 53434, 38068, 9130, 69227, 37496, 83925, 51037, 33690, 51474, 73708, 98618, 81977, 91567, 48236, 91726, 52458, 70467, 71151, 65016, 42057, 78821, 60720, 39911, 10628, 73736, 7334, 91868, 76670, 10405, 26019, 55530, 29615, 66057, 55281, 21177, 88239, 70227, 23421, 97104, 6235, 58045, 23729, 40897, 53312, 87262, 81836, 92274, 47252, 75747, 80994, 98224, 7737, 37514, 10640, 90490, 92514, 89245, 73823, 46565, 21419, 66915, 31667, 72255, 99535, 9226, 67844, 71413, 97328, 55113, 53743, 15253, 90605, 25767, 93458, 95080, 88399, 95681, 33003, 98809, 64610, 51183, 20194, 7602, 46677, 5577, 23035, 57516, 62851, 38431, 25729, 19443, 19461, 42341, 5691, 40223, 29941, 41162, 43863, 20318, 93421, 48578, 40595, 17677, 78948, 9703, 9686, 7968, 15830, 8192, 79410, 76582, 54634, 72177, 15101, 8167, 44130, 53047, 97171, 81360, 77277, 38294, 11165, 74155, 12255, 52404, 17057, 6005, 85707, 79742, 58322, 26212, 69487, 29507, 51412, 67374, 55125, 53048, 12192, 36138, 60799, 36368, 39729, 95693, 40999, 65037, 12633, 50117, 62765, 12379, 49369, 39111, 52692, 24539, 61591, 47864, 16479, 75268, 8714, 13002, 77147, 43518, 27206, 55859, 37448, 45026, 99974, 64632, 49061, 80418, 16471, 35694, 13935, 79838, 48842, 17708, 31401, 62091, 87121, 81929, 42013, 90709, 67578, 58116, 68886, 93119, 95079, 77456, 15723, 9867, 8176, 89745, 11058, 81413, 21659, 27181, 17420, 23028, 33694, 32735, 57645, 45216, 57659, 85443, 14390, 31520, 67089, 16537, 18930, 46784, 93102, 89799, 66551, 93104, 43768, 54006, 64618, 86482, 77459, 61365, 52346, 87286, 17384, 98165, 63330, 5866, 37693, 75360, 34753, 59823, 68266, 39383, 65072, 33192, 51847, 62362, 84073, 64213, 27059, 54703, 98366, 29565, 75000, 62235, 47788, 68928, 36478, 76067, 47020, 81656, 16396, 21661, 50156, 54102, 65670, 17584, 30347, 21534, 10216, 80544, 45508, 21591, 15435, 14502, 16369, 42077, 38334, 17694, 75056, 53845, 13319, 77808, 44423, 25669, 66463, 35396, 33885, 11712, 51485, 59378, 94757, 71707, 6184, 52631, 31188, 92326, 78268, 78655, 29798, 96196, 39289, 13806, 86543, 67095, 15164, 21544, 80587, 90870, 18274, 33727, 11433, 17009, 61531, 77691, 75329, 79936, 74872, 7464, 12219, 19906, 18108, 6498, 5794, 54376, 12545, 86110, 9730, 82140, 78511, 68231, 11420, 89777, 75189, 96119, 69998, 79345, 21991, 99920, 15067, 96201, 28442, 23738, 9437, 97039, 39843, 11616, 56350, 24650, 33825, 54193, 76287, 30507, 43736, 81903, 80570)
Average QPS expected = 50130
Timestamp start: 1715809490923
Timestamp end: 1715810271960

#type       avg     std     min      p5     p10     p50     p67     p75     p80     p85     p90     p95     p99    p999   p9999      QPS   target
read      412.4  1074.6    80.4   133.9   161.3   294.4   342.8   372.0   396.6   431.5   489.7   756.0  3158.9 17502.8 32080.4   7368.7     7434
read      377.3   320.2    74.4   126.5   145.8   318.8   400.7   455.5   498.5   550.0   625.7   807.6  1482.3  2770.4  8133.1  66801.3    67201
read      342.8   302.6    68.9   125.4   145.3   299.9   373.9   420.9   459.4   509.7   573.9   672.5   963.2  3226.3  8990.0  85761.3    85927
read      332.7   210.3    74.4   124.4   143.0   300.3   375.1   421.4   457.4   500.6   556.7   642.7   887.8  1599.3  8280.1  63781.3    63953
read      341.9   365.4    74.4   120.0   136.6   291.0   371.8   423.2   461.9   505.7   556.3   639.6  1275.6  3644.7 13189.2  31569.3    31595
read      331.1   193.8    74.4   124.2   143.4   295.5   371.1   418.7   457.6   505.3   567.5   656.5   862.6  1351.7  5527.9  87412.7    87879
read      394.5  1364.2    80.4   130.5   154.4   289.6   336.4   363.2   383.0   406.7   439.0   510.9  2529.7 30599.3 37494.9   7330.0     7287
read      380.4   417.5    68.9   123.3   143.0   304.7   384.9   435.8   477.9   532.7   607.6   798.4  1842.4  3901.4 11776.8  62138.0    62295
read      473.1  1320.7    86.8   148.0   178.8   319.7   367.0   395.4   418.7   451.7   512.2   741.7  4433.1 20113.6 36998.9   6671.3     6561
read      423.1   729.5    74.4   119.9   137.9   320.4   428.1   489.6   534.6   591.2   685.9   847.6  2266.2  9029.0 30892.2  22580.0    22532
read      350.6   422.4    68.9   122.6   140.8   299.3   379.0   427.7   465.7   514.9   576.5   670.9  1180.8  4245.1 13930.0  60492.7    60653
read      356.4   358.6    74.4   124.6   143.1   302.7   383.1   434.1   476.5   527.4   590.0   705.0  1369.7  3636.2 10027.8  59027.3    59076
read      365.2   326.6    74.4   127.2   145.9   305.5   386.4   435.3   475.4   526.2   591.4   724.8  1602.7  4090.5  9947.9  60056.0    60154
read      369.6   388.8    74.4   124.3   143.0   324.2   421.2   475.9   513.1   555.2   611.2   725.0  1130.5  2291.9 24174.8  22922.0    22964
read      370.6   477.3    80.4   144.6   173.2   327.9   377.9   404.5   425.5   451.9   491.0   568.5  1546.0  9414.4 16002.1   8150.0     8172
read      410.2   661.1    74.4   122.8   140.4   318.3   435.4   507.5   556.0   619.9   720.5   894.9  1382.5  6815.1 31495.1  27572.7    27652
read      346.4   262.6    74.4   126.2   144.1   305.1   388.9   444.3   487.4   535.4   591.6   672.1   982.4  2046.9  7179.9  37588.7    37594
read      372.2   333.9    74.4   125.6   143.3   323.4   424.6   484.9   524.5   568.8   627.5   736.3  1086.7  3611.6 10088.2  24340.7    24367
read      352.5   444.8    74.4   121.8   138.4   299.6   388.3   444.8   488.4   534.7   586.7   671.8  1120.9  3706.2 27332.5  33790.0    33771
read      354.9   303.8    74.4   129.6   149.7   307.8   384.3   435.2   476.5   528.1   590.3   687.6  1132.4  2979.8  9019.3  84496.0    84944
read      344.0   265.2    74.4   128.2   147.9   298.8   377.0   426.6   464.8   512.4   575.3   672.2   994.8  3886.3  9221.0  86248.7    85666
read      334.6   215.3    74.4   125.1   142.7   301.8   378.8   425.3   462.7   509.3   565.6   641.0   881.9  1731.2  8831.2  51782.7    51918
read      347.5   433.7    68.9   120.0   136.5   287.0   366.1   420.1   460.9   506.8   561.4   642.0  1376.3  4308.9  9823.6  34204.7    34406
read      320.9   239.4    68.9   118.2   135.2   285.9   367.6   417.7   453.4   491.5   534.7   594.0   753.1  3816.9  8358.8  28755.3    28664
read      322.5   227.5    68.9   120.2   136.6   286.8   366.5   417.6   455.2   499.1   550.1   619.7   769.8  2015.9  8551.7  38219.3    38289
read      385.2   817.8    74.4   121.3   138.0   310.3   394.7   440.3   471.0   506.4   550.3   634.6  2006.6  7977.2 32087.4  20586.7    20658
read      455.2   996.0    80.4   125.8   146.3   351.4   437.2   491.0   528.4   569.0   622.0   728.3  3696.6  8194.3 32265.3  13830.7    13840
read      345.5   275.8    74.4   128.9   149.0   303.4   378.6   426.8   465.5   514.3   576.1   672.1   969.6  3115.4  9657.7  93154.7    93419
read      331.4   214.2    68.9   126.5   146.6   294.3   366.6   414.1   452.3   499.8   558.7   650.1   888.3  1535.8  7665.4  98100.0    98284
read      343.0   275.0    74.4   123.4   141.3   295.0   373.9   422.8   461.3   507.2   566.3   661.8  1250.1  3495.8  7804.0  71116.7    71313
read      337.0   314.0    74.4   121.3   139.0   297.9   377.4   429.4   469.9   516.6   570.4   648.5   863.2  3102.4 14137.4  42167.3    42089
read      341.8   473.1    74.4   119.9   136.8   297.1   373.3   422.4   460.8   506.5   561.1   640.1   873.1  7546.8 30432.5  46305.3    46458
read      325.9   293.9    74.4   118.1   134.3   288.6   370.1   421.1   458.1   500.5   545.7   614.1   839.3  2814.6 12319.6  30821.3    30755
read      350.0   362.2    74.4   121.4   138.8   297.4   376.7   429.4   471.2   521.6   584.0   690.6  1199.2  3735.5 11004.7  42831.3    42889
read      356.4   422.8    74.4   127.2   147.6   299.6   373.8   422.1   461.4   511.5   577.3   678.3  1265.4  7137.5 12107.1  93811.3    93552
read      361.3   567.3    68.9   123.2   141.7   297.0   376.7   426.0   465.7   514.9   578.5   683.1  1395.9  6512.3 30417.4  65802.0    65694
read      339.9   307.2    74.4   119.0   135.7   296.0   386.6   441.8   483.2   526.3   574.5   644.0  1013.0  2298.1  9335.4  29664.7    29574
read      349.3   399.5    74.4   120.4   137.6   292.3   372.4   424.9   467.7   521.5   586.0   690.0  1276.8  4520.7 14877.4  51149.3    51355
read      352.6   413.7    74.4   122.1   140.3   297.3   377.1   427.7   467.9   516.4   575.8   674.3  1362.2  5665.8 13579.0  67163.3    67361
read      381.6   905.2    68.9   122.0   140.8   320.6   394.6   436.3   470.0   509.3   561.4   662.0  1053.7  6971.4 38519.9  16154.0    16287
read      546.1   832.9    74.4   141.3   170.0   367.3   465.6   554.6   630.4   734.2  1090.9  1669.5  2670.8 12224.3 31156.5  81458.7    81508
read      348.4   273.3    74.4   128.2   148.3   309.2   386.6   436.0   477.3   527.4   588.9   688.4   933.4  1690.1 11860.2  87410.7    87619
read      352.0   345.7    74.4   131.5   152.2   307.0   381.2   430.3   470.6   520.9   583.3   679.5  1001.2  3106.2 11999.5  98872.7    99068
read      342.4   441.5    74.4   120.8   138.6   296.3   376.1   427.2   467.7   516.9   576.2   658.6   897.9  1790.4 16241.9  51052.7    51267
read      347.6   349.7    80.4   129.3   150.1   318.7   377.0   411.0   434.0   465.8   504.8   572.6  1050.6  5303.6  9793.5  12099.3    11822
read      342.2   364.7    68.9   128.0   147.9   298.6   373.4   421.3   458.9   505.2   566.6   658.2   893.8  3919.4 10172.4  97390.7    97494
read      367.0   342.4    74.4   133.0   154.9   318.1   397.0   447.2   487.0   537.4   603.3   722.1  1198.2  3530.9  8714.2  97226.7    97350
read      351.4   268.2    68.9   125.7   144.2   312.3   396.1   446.7   486.7   534.4   593.1   687.7   955.3  1971.1 10122.1  55630.7    55460
read      336.8   194.8    68.9   125.9   145.4   299.7   375.0   426.2   465.5   514.8   577.5   667.3   899.1  1691.9  4196.1  85689.3    85984
read      329.6   200.6    68.9   123.5   142.2   292.8   370.5   420.9   460.4   508.5   564.0   643.8   858.7  1694.6  7583.2  81993.3    82043
read      352.5   244.3    74.4   124.2   142.9   307.3   389.0   439.5   481.3   531.9   592.6   690.9  1331.4  2155.4  5703.6  52586.0    52873
read      446.1  1057.2    80.4   127.1   148.6   335.2   408.5   452.7   485.5   525.5   577.6   681.7  4171.1 10252.8 31994.0  14002.7    13911
read      415.3   516.4    74.4   122.8   141.8   302.3   392.9   460.6   519.0   595.8   742.3  1209.4  1824.9  5730.1 24416.9  49773.3    49984
read      354.6   566.0    74.4   133.5   157.1   316.1   369.6   401.8   427.5   458.4   497.7   566.0  1406.9  4044.4 29329.6   9388.7     9274
read      357.2   350.4    74.4   118.4   134.9   302.6   396.8   455.9   495.6   539.7   595.5   720.2  1161.2  3870.6 11634.3  27332.0    27187
read      367.1   520.5    74.4   119.9   137.9   316.2   400.0   445.9   481.3   523.4   580.1   675.1  1145.2  6599.1 21468.8  18754.7    18735
read      360.0   366.3    68.9   129.4   149.5   311.1   388.2   439.5   484.3   537.7   604.7   709.0  1096.7  2611.8 11963.1  86414.7    86505
read      335.8   231.5    68.9   127.3   146.6   295.7   371.5   420.6   459.9   508.9   570.6   660.4   901.6  1848.3  7854.0  92614.7    93039
read      359.8   251.2    74.4   129.1   148.5   318.6   400.1   450.5   492.7   544.5   612.1   710.2  1021.3  2151.4  8059.2  75984.7    75999
read      336.9   229.3    80.4   120.6   138.4   300.8   385.7   438.6   481.2   526.7   579.3   647.6   849.3  1576.8  7711.9  32230.0    32324
read      355.3   311.2    74.4   126.7   146.0   300.6   379.9   431.0   472.8   524.6   588.4   695.2  1461.6  2949.9  9773.9  84205.3    84255
read      348.8   240.4    74.4   127.3   146.9   309.6   389.5   438.6   479.4   531.0   595.1   690.9   931.4  1880.9  8296.4  81838.0    81759
read      348.1   228.4    74.4   123.8   142.1   310.5   397.2   452.7   495.9   543.5   596.4   672.1   871.3  1998.9  5893.7  37342.7    37291
read      351.0   250.0    74.4   124.9   143.2   312.4   394.0   445.2   487.7   535.8   593.8   683.2   983.7  2158.0  7368.1  53494.7    53818
read      343.6   300.4    74.4   121.7   138.6   303.0   390.1   443.5   482.6   525.1   573.0   647.0   945.1  3884.5  6867.8  29951.3    30297
read      358.6   567.7    74.4   121.9   139.4   305.8   390.5   444.1   486.1   531.5   583.1   657.5   912.3  8189.3 35264.5  31692.0    31569
read      344.3   343.3    74.4   120.1   137.2   295.6   383.0   439.0   482.6   532.3   585.2   661.9   909.1  5089.9 10045.2  38804.0    38927
read      372.8   533.3    80.4   134.1   159.8   331.2   389.2   423.9   449.7   479.6   519.8   586.5  1283.4  5997.8 28341.1  10602.7    10652
read      488.1   412.6    74.4   150.9   184.4   382.2   467.1   538.9   607.9   706.3   846.8  1446.6  1963.2  2930.0 10455.9  98350.7    98119
read      344.3   203.5    74.4   123.6   142.0   309.5   392.4   443.7   485.7   535.2   593.3   671.9   869.4  1764.4  5028.2  48436.7    48176
read      338.9   198.4    74.4   123.1   140.8   302.7   387.5   443.5   486.3   532.7   583.5   656.4   842.6  1479.9  4192.1  35068.7    34929
read      365.2   312.6    74.4   127.3   146.0   314.8   399.7   452.8   495.2   546.5   610.9   717.1  1134.3  3704.3 10339.8  69806.7    69735
read      350.2   240.3    74.4   119.7   138.2   317.8   405.8   454.6   489.7   526.7   573.4   655.1  1010.0  3062.4  6428.1  20920.0    20753
read      360.7   438.2    68.9   126.6   146.0   302.0   380.6   431.2   472.3   526.8   592.2   701.7  1329.3  6110.2 12684.2  84842.0    84642
read      367.5   434.7    74.4   123.9   141.9   312.2   396.5   450.5   492.9   540.9   597.9   692.5  1253.5  6616.8 10801.2  42177.3    42333
read      346.0   231.8    68.9   125.8   144.4   310.2   394.6   445.2   484.9   531.7   588.1   672.2   888.6  1751.0  7948.7  61406.0    61587
read      351.7   288.4    68.9   127.5   146.8   308.5   389.2   439.8   480.2   530.3   591.0   688.4   973.5  2729.6  8907.4  77780.0    77998
read      358.8   291.3    74.4   132.4   154.1   312.8   389.7   439.1   480.8   533.2   599.3   703.5  1064.8  3006.7  9936.8  97767.3    97625
read      366.0   636.2    74.4   118.3   135.6   301.4   394.6   444.8   482.1   523.8   575.9   672.0  1215.7  6777.4 31277.9  23911.3    23781
read      351.6   243.3    68.9   125.3   143.9   312.9   396.4   447.7   487.8   534.8   592.9   686.9   978.6  2001.7  8137.2  66751.3    66723
read      333.8   227.0    74.4   119.4   136.4   298.3   382.0   434.4   474.6   517.3   563.9   629.9   910.7  2122.0  8340.5  31272.0    31016
read      340.4   266.4    74.4   121.7   139.7   302.9   384.9   437.9   479.4   526.3   582.4   661.6   892.6  1880.1  7529.3  47084.0    47394
read      355.2   321.7    74.4   131.3   152.4   309.7   388.0   438.3   479.8   530.5   595.1   700.4   989.8  2562.6 10530.5  95489.3    95335
read      329.7   529.8    93.8   152.2   178.5   285.7   320.0   340.3   355.2   372.3   401.5   465.2  1361.2 10047.2 19268.5   5389.3     5252
read      365.7   299.6    74.4   124.2   142.8   302.9   386.6   440.5   485.6   540.5   609.8   762.8  1561.2  2639.3  9641.1  65748.7    65908
read      385.2   808.0    74.4   121.9   140.2   317.8   393.3   433.4   466.4   503.8   549.8   646.6  1466.7  8864.5 36920.1  16874.7    16889
read      361.0   449.4    68.9   119.1   137.1   293.5   377.3   434.9   482.2   537.4   604.9   748.8  1383.9  4062.6 18660.9  43003.3    42912
read      370.9   257.0    74.4   136.3   159.7   325.1   404.2   456.7   497.8   549.0   620.0   732.9  1124.2  2701.6  8300.2 100070.7    99898
read      353.6   725.7    74.4   117.5   134.2   299.3   393.8   445.7   481.7   517.8   555.0   609.7   744.7  9563.4 35184.6  26528.0    26385
read      386.8   283.6    80.4   123.0   141.4   334.7   442.2   504.6   548.5   598.6   675.4   812.0  1183.6  3539.6  9012.6  22451.3    22616
read      352.2   288.5    68.9   124.0   142.6   312.3   395.4   445.7   486.7   534.1   590.6   673.4   951.7  2750.8  7660.9  50576.7    50605
read      364.4   318.9    68.9   133.0   154.5   319.7   398.0   450.5   493.4   546.7   616.3   726.0  1041.7  2172.9  8107.4  90181.3    90283
read      362.8   533.7    74.4   120.4   137.4   302.1   392.5   443.3   481.0   522.1   569.2   644.9  1342.3  5116.9 29039.6  26188.7    26273
read      402.3   723.4    68.9   125.3   143.8   313.5   400.2   456.4   501.6   552.8   619.4   753.8  1895.9  9108.5 31622.8  48253.3    48521
read      358.2   414.4    74.4   121.5   138.6   304.1   394.8   452.4   497.7   542.7   592.1   674.9  1212.0  4853.3 10237.1  34030.7    34058
read      338.6   275.9    68.9   123.4   141.8   296.8   375.6   426.0   465.1   512.1   571.3   656.0   908.6  3342.8  9975.6  75248.7    75648
read      373.8   416.9    74.4   120.8   138.7   323.7   413.7   462.5   498.4   539.9   597.9   711.9  1367.3  4367.2 16746.0  19356.7    19482
read      382.6   470.8    80.4   122.2   140.8   323.8   398.3   439.4   470.5   508.8   564.8   667.1  2036.5  5747.8 11719.2  15138.7    15054
read      463.2   530.9    68.9   130.5   153.7   337.2   427.0   501.0   559.7   635.4   791.2  1524.5  2030.3  3946.2 14188.6  75707.3    75754
read      329.2   542.4    86.8   151.8   176.5   284.5   316.9   337.0   352.5   372.0   402.8   471.8  1309.5 11992.1 13546.5   5195.3     5187
read      557.7  1822.0    74.4   120.8   140.0   331.8   420.8   476.8   520.4   576.6   656.4   816.8  7381.7 31928.4 42099.8  17484.0    17656
read      392.0   399.6    74.4   136.6   159.8   326.9   404.9   459.5   503.7   560.0   638.9   776.8  1674.2  4340.5  9361.9  96190.7    96343
read      347.0   484.1    74.4   118.2   134.7   293.1   376.9   433.4   477.6   527.7   583.3   673.0  1138.7  4226.0 10658.8  36701.3    36665
read      366.8   334.5    68.9   127.0   147.1   305.0   384.1   435.9   479.0   531.6   600.8   731.3  1613.0  3560.1  7803.6  85221.3    85269
read      354.2   525.6    74.4   117.8   134.4   289.8   376.3   430.9   470.8   514.2   564.7   639.7  1201.9  7798.0 14903.2  31596.7    31525
read      351.1   289.6    74.4   125.4   143.6   311.1   395.4   445.9   486.5   534.2   591.4   676.0   920.8  3413.8 12608.5  61898.0    61798
read      348.0   359.6    80.4   129.1   150.4   322.5   382.2   415.2   438.9   471.5   510.6   582.6   928.1  5445.0 17680.1  12306.7    12253
read      388.4   533.0    74.4   118.1   135.7   310.4   416.0   480.1   523.5   574.8   649.3   805.7  1249.5  7651.9 20066.8  25651.3    25710
read      412.0   422.0    68.9   126.2   147.0   316.4   401.7   463.2   512.8   574.4   667.4  1236.1  1926.4  2923.9 15066.0  79988.7    79937
read      390.1  1121.4    86.8   144.9   172.0   300.9   342.5   368.0   386.5   406.9   438.9   499.2  1526.9 17142.9 31864.5   7302.7     7271
read      396.0   347.1    68.9   129.2   150.3   317.8   401.0   459.0   506.7   566.5   650.5   855.7  1860.8  2744.4  8537.9  85167.3    85861
read      394.9   518.9    74.4   133.6   155.9   330.3   413.0   464.7   509.8   568.9   646.0   785.6  1430.1  8312.2 16429.2  91704.7    91467
read      351.9   272.6    74.4   124.9   143.4   305.4   387.8   437.2   478.3   527.3   588.7   682.8  1090.8  3321.6  8152.4  72518.7    72217
read      327.5   344.4    74.4   116.3   132.7   286.2   372.5   425.9   467.3   510.2   553.7   616.5   806.5  2848.1 15464.5  31161.3    31080
read      328.1   203.6    68.9   121.8   139.7   291.3   369.0   418.8   457.4   503.3   559.1   639.6   881.6  1773.1  5873.3  76620.0    76878
read      356.8   244.1    68.9   129.0   149.3   311.7   393.3   444.3   486.2   539.6   608.2   715.2  1095.7  2155.6  7037.3  84542.0    84584
read      345.8   429.0    80.4   126.1   145.9   318.2   381.5   416.8   443.7   477.7   521.0   592.5   909.7  4247.8 30274.9  12448.7    12492
read      345.7   269.6    74.4   120.9   138.7   297.2   376.4   426.2   467.1   518.7   582.0   678.1  1351.6  2925.2  7727.2  56438.7    57106
read      334.3   193.9    74.4   128.1   148.2   298.9   373.1   420.7   459.8   508.4   570.7   660.5   870.2  1441.9  4096.2  95966.0    96245
read      341.1   719.1    80.4   139.8   165.3   292.8   334.4   358.1   374.8   396.5   427.5   488.0  1469.1 11618.0 36509.4   6770.0     6791
read      420.5   456.3    74.4   131.6   154.1   323.1   401.6   465.5   519.7   585.5   675.7  1037.5  2033.3  3662.3 11820.3  89799.3    90728
read      367.7  1143.4    86.8   158.8   186.9   293.2   328.4   348.5   365.0   385.2   413.9   474.9  1893.5 12011.7 40492.3   5260.0     5151
read      429.5   495.1    74.4   131.1   153.5   330.8   416.7   479.2   534.0   603.9   698.4  1076.5  1978.8  4961.5 14577.2  82076.0    82969
read      340.7   274.5    68.9   120.3   138.0   299.8   382.1   437.2   483.2   532.1   586.8   668.5   904.2  1597.6 10102.3  42644.7    42635
read      347.9   254.5    74.4   130.0   151.4   307.8   383.6   430.7   469.2   519.1   585.3   685.8   951.8  2033.1  7547.8  99744.7    99337
read      338.6   217.7    74.4   127.5   147.9   299.6   374.1   423.2   463.0   512.9   573.7   667.9   929.1  1785.3  4382.0  95217.3    95192
read      358.0   382.7    74.4   125.1   143.8   309.4   392.5   445.1   486.3   535.1   598.2   692.7  1074.8  4111.1 10246.2  68526.0    69200
read      341.0   225.0    74.4   122.7   140.8   305.4   387.9   439.4   478.6   526.0   582.3   661.7   918.4  1613.7  4498.6  49493.3    49459
read      334.5   189.7    74.4   119.2   136.1   301.5   394.8   447.7   486.5   527.4   571.3   631.7   851.3  1393.0  3671.2  29025.3    29055
read      338.9   338.4    68.9   121.3   138.9   294.6   375.0   425.3   463.8   510.8   568.0   653.1  1049.1  2301.3 10803.2  64307.3    64324
read      332.7   556.4    86.8   149.3   174.9   285.5   321.8   344.0   361.7   382.6   411.2   476.3  1387.3 11306.7 13803.2   5648.7     5705
read      411.4   422.2    74.4   127.5   149.2   322.4   407.1   463.0   511.5   575.3   671.5  1000.5  1954.9  3627.7 13127.9  83930.0    84816
read      361.4   697.2    74.4   118.8   135.8   301.1   394.3   444.7   479.4   514.9   552.7   618.3   942.5  8771.3 31289.2  23586.0    23714
read      336.3   259.3    74.4   122.7   140.8   297.0   377.4   427.3   465.9   513.3   571.6   653.6   887.8  2733.2  9383.2  73989.3    74116
read      354.7   337.5    74.4   117.6   135.5   315.7   404.8   449.4   479.9   516.6   563.8   669.8  1112.3  5084.8 10240.5  20109.3    19948
read      384.7   584.7    74.4   120.8   138.9   305.0   392.6   453.2   506.0   566.4   638.4   850.0  1563.1  4305.8 31268.6  44038.7    44213
read      438.8  1166.4    74.4   121.3   141.2   327.9   417.3   464.1   499.0   539.9   596.7   719.5  1937.8 13703.8 38172.4  19481.3    19454
read      376.7   751.8    80.4   146.8   177.6   327.1   376.2   401.3   422.0   447.4   482.0   535.9  1420.7  7981.7 31866.7   7278.0     7190
read      366.6   341.6    74.4   120.8   138.5   298.2   383.8   441.6   490.3   546.1   618.9   778.4  1523.4  3257.1 10637.2  47508.0    47657
read      346.5   229.6    74.4   122.2   140.3   306.7   387.8   440.7   484.1   533.6   589.5   678.3  1008.1  1882.0  5925.5  44288.0    44399
read      338.6   812.8    80.4   140.5   168.5   289.1   327.5   350.4   368.3   391.9   425.7   492.3  1450.8  8289.6 39982.9   6512.7     6481
read      460.8  1625.6    80.4   151.6   181.7   298.9   336.5   359.2   375.3   397.1   431.2   507.8  4535.6 29480.4 37446.9   5804.7     5807
read      434.5   484.9    68.9   130.1   152.7   327.8   414.1   481.6   539.1   608.1   713.7  1367.5  1965.1  3936.5 16183.0  82411.3    83137
read      326.9   387.1    80.4   134.6   157.4   303.1   350.4   377.2   396.3   420.2   453.2   515.3   841.9  4060.0 17001.2   9589.3     9580
read      337.5   279.6    74.4   119.8   136.8   295.1   379.3   435.9   479.0   528.1   581.6   663.9   976.1  2204.9  6575.2  37058.7    37385
read      344.5   277.7    74.4   120.1   137.1   303.0   389.4   445.5   488.8   534.5   584.1   657.7  1006.3  2334.1  8128.1  33823.3    33706
read      335.0   273.9    68.9   118.7   134.7   289.0   374.8   431.3   474.7   521.4   570.6   639.4   969.2  3859.1  6924.7  35394.7    35204
read      335.1   224.9    68.9   120.4   137.9   296.4   374.9   427.2   467.4   517.9   573.8   652.8   923.2  2008.0  7579.6  50456.7    50438
read      344.5   230.3    74.4   121.8   140.3   306.9   390.5   442.4   484.8   534.8   591.2   672.1   901.2  1849.4  7635.1  48962.7    48878
read      342.9   216.4    68.9   120.9   139.1   306.1   390.6   445.0   488.6   536.6   591.4   674.9   896.9  1584.5  7654.6  42739.3    42682
read      340.8   230.2    74.4   122.0   139.1   307.2   399.0   453.3   492.9   533.7   579.2   637.7   804.7  1444.5  7708.3  27626.7    27416
read      345.4   452.4    74.4   121.6   139.5   299.8   379.2   428.2   466.4   513.3   569.7   657.3   910.9  7435.4 15538.4  64048.0    64424
read      332.0   204.1    68.9   121.1   139.2   298.2   375.7   423.2   460.0   507.1   564.7   643.6   907.2  1712.4  4813.3  64414.0    64364
read      394.7  1111.5    86.8   149.1   176.3   291.2   329.6   351.7   367.5   388.9   423.1   508.1  3906.3 12608.6 37356.8   5498.7     5481
read      357.7   278.5    74.4   117.3   134.4   304.6   403.4   462.2   503.1   548.7   613.1   751.0  1079.9  3701.7  7007.1  25971.3    26227
read      366.9   465.3    74.4   120.6   137.9   309.5   409.6   468.3   509.6   553.5   613.9   746.5  1178.8  3340.0 30145.6  26497.3    26586
read      347.0   261.9    68.9   126.6   145.9   304.1   382.0   431.6   471.7   522.4   584.8   678.7  1034.8  2517.8 10268.5  86037.3    86286
read      360.5   354.9    74.4   118.5   135.6   310.3   407.6   462.0   500.5   542.1   592.6   703.8  1096.2  4365.0 15197.8  24463.3    24452
read      343.6   443.8    74.4   117.8   134.3   293.5   381.1   430.8   467.5   509.1   552.7   622.2  1096.1  4053.5 27901.9  26561.3    26832
read      369.7   640.4    74.4   118.8   136.1   296.8   387.0   442.6   483.4   527.1   578.4   669.6  1458.4  8674.7 28286.0  29731.3    29795
read      348.7   245.8    74.4   123.2   142.0   310.5   395.1   446.3   486.3   533.2   587.7   668.0   933.9  2401.5  7535.1  46733.3    46224
read      346.3   200.2    74.4   128.2   148.2   309.5   388.7   437.5   478.8   529.9   594.2   690.7   927.2  1484.2  5653.6  84528.0    84587
read      348.0   271.1    74.4   125.7   144.2   308.7   391.1   441.7   481.8   528.8   584.7   671.3   937.2  2511.3  6442.2  63158.0    63389
read      359.8   331.2    74.4   124.4   142.9   316.4   401.7   456.4   498.6   547.9   607.7   703.0  1070.6  2295.9  9126.8  46953.3    46953
read      358.8   470.5    74.4   129.2   149.7   310.6   389.0   436.0   476.1   527.3   593.3   695.4   979.6  4801.5 21300.9  90299.3    90536
read      367.0   368.4    80.4   132.2   154.2   336.2   399.3   431.9   457.6   488.2   528.8   605.3  1092.4  4723.3 14079.1  12556.7    12508
read      341.6   263.9    74.4   121.1   138.2   300.9   381.1   434.1   475.7   524.1   579.1   660.3  1068.3  2625.8 10318.2  38410.7    38491
read      392.6   362.4    74.4   140.9   165.7   336.7   417.8   471.1   514.8   569.9   646.9   776.3  1323.4  4318.4 12280.5  97655.3    97806
read      373.7   518.2    74.4   134.3   155.6   334.2   397.5   429.8   456.5   489.7   530.5   600.8  1223.8  6475.0 14776.4  11838.7    11813
read      374.5   317.3    74.4   125.6   144.1   316.9   406.8   468.3   517.3   573.3   640.3   790.9  1342.5  2254.2  8823.6  39684.7    39665
read      362.7   399.9    74.4   126.1   144.6   316.6   400.7   454.2   494.9   544.7   608.2   701.0  1160.5  3144.5 11915.6  53660.7    53571
read      349.3   293.6    74.4   125.7   144.3   309.8   393.5   443.2   482.5   531.4   588.7   675.3   937.8  3363.9  7772.5  62882.0    63215
read      344.5   267.6    74.4   125.9   144.7   304.4   384.8   435.9   474.9   525.5   586.0   673.8   937.4  1989.6 12484.9  78677.3    78767
read      362.0   834.9    86.8   143.9   170.5   318.5   366.4   391.7   409.9   433.2   468.2   535.6  1018.7  9860.3 37199.9   8734.7     8615
read      336.8   235.5    68.9   123.0   141.0   300.6   381.9   430.8   468.4   514.4   570.7   654.6   898.2  1899.2  8939.1  67690.7    67903
read      539.1  2140.1    74.4   124.4   143.9   330.4   410.3   453.0   485.8   524.1   573.9   680.1  2603.3 30930.0 40472.8  16617.3    16398
read      356.3   471.6    74.4   122.6   141.2   307.9   390.0   441.3   484.1   533.7   593.9   684.3  1078.4  4460.4 28976.7  53608.0    53434
read      353.9   337.4    74.4   124.2   141.7   311.9   398.5   455.0   497.4   544.6   598.4   676.0   928.0  2246.6 14305.3  37872.0    38068
read      343.9   361.7    80.4   137.6   160.4   318.7   368.4   396.8   419.9   448.9   488.5   550.0   941.0  6607.0 12584.0   9247.3     9130
read      496.8   997.5    74.4   133.5   157.3   347.6   436.8   506.7   568.0   643.3   765.6  1456.5  2191.3 18059.2 32027.3  68878.0    69227
read      337.1   236.7    74.4   120.2   137.2   298.5   381.5   436.0   478.1   523.8   576.9   652.5   869.4  1851.6  7300.2  37943.3    37496
read      345.3   290.7    74.4   128.6   148.2   307.9   384.8   433.1   472.3   522.6   583.8   677.7   877.0  2192.1  9289.4  83869.3    83925
read      351.6   283.2    74.4   125.0   143.3   313.3   395.3   447.6   489.5   537.1   592.5   678.6   969.6  1928.2  7735.3  51198.0    51037
read      331.7   269.9    74.4   119.7   136.4   292.2   380.1   435.8   478.2   522.7   571.9   638.5   827.9  1417.7  8786.9  33470.7    33690
read      351.0   218.5    74.4   126.4   144.6   314.1   398.3   451.2   494.0   542.7   597.7   679.5   960.7  1891.8  7102.8  51843.3    51474
read      363.2   260.8    74.4   130.2   149.7   322.7   408.0   461.8   503.9   554.9   618.8   716.6  1026.8  1839.0  7981.5  73641.3    73708
read      371.2   527.3    74.4   133.3   154.7   312.7   387.8   437.4   479.5   532.8   600.3   706.6  1267.1  6323.6 29344.8  98414.7    98618
read      373.2   534.8    74.4   129.4   149.9   315.4   396.9   449.1   490.5   542.8   612.3   721.4  1223.0  5608.5 28277.7  81963.3    81977
read      368.6   364.9    74.4   133.1   154.5   318.1   395.6   446.0   487.3   540.3   607.8   716.5  1240.4  4064.4 12230.0  91445.3    91567
read      343.6   261.6    74.4   123.0   141.5   307.3   391.3   441.3   482.9   529.6   583.6   659.1   866.4  1748.3  9315.5  48440.0    48236
read      348.4   231.0    74.4   131.1   151.8   310.0   386.5   435.4   477.1   529.1   592.0   685.4   928.2  1743.8  7395.8  91697.3    91726
read      344.0   252.3    74.4   123.1   141.4   307.1   389.2   438.8   479.5   527.1   582.9   664.9   870.2  3795.8  5478.6  52592.0    52458
read      345.8   244.7    74.4   126.2   144.5   304.7   385.8   436.4   475.3   522.0   580.7   672.7  1068.6  1883.8  9713.0  70217.3    70467
read      357.9   229.7    74.4   129.0   147.9   316.8   402.2   454.6   495.5   543.9   605.5   702.2  1036.9  2373.7  5303.1  71515.3    71151
read      351.1   265.9    74.4   126.3   144.8   313.2   397.9   449.5   490.1   537.2   592.2   676.2   938.5  1866.1 10153.7  65228.7    65016
read      332.6   212.9    74.4   120.5   137.6   293.7   376.5   431.4   475.3   524.6   577.7   643.4   832.1  1711.5  7384.7  41809.3    42057
read      347.2   247.0    74.4   128.3   147.3   306.8   388.2   440.2   482.4   532.2   592.9   684.6   926.2  1900.4  9830.9  78526.7    78821
read      361.1   495.5    74.4   125.3   143.6   311.8   395.5   447.2   488.3   536.3   593.9   680.9   958.3  8010.4 18934.1  60412.7    60720
read      365.7   515.0    68.9   122.8   140.9   314.4   401.0   458.7   503.9   554.0   608.7   685.9  1087.2  3605.0 30727.1  39783.3    39911
read      400.9   989.3    80.4   130.7   152.4   318.3   374.8   407.9   432.4   468.1   514.7   589.7  1419.6 12833.4 29967.6  10632.0    10628
read      381.3   422.5    74.4   127.9   146.9   314.0   397.8   453.3   498.4   552.0   625.0   761.6  1673.4  5100.7 12918.5  73214.0    73736
read      324.5   302.9    80.4   144.9   170.6   300.2   342.6   367.8   387.4   410.2   437.1   494.4   864.9  5213.6  8127.2   7196.0     7334
read      408.2   396.1    74.4   133.6   156.4   330.5   413.8   467.9   514.4   575.9   668.2   866.5  1908.9  3746.3 10383.7  91208.0    91868
read      342.9   238.5    74.4   126.6   145.1   305.2   385.2   435.1   476.0   525.0   584.9   674.9   897.2  1731.0  9338.2  76976.0    76670
read      336.6   252.2    74.4   132.8   155.2   320.8   374.0   404.0   427.6   455.7   492.8   554.1   842.3  1866.7 11270.2  10368.0    10405
read      470.5  1610.2    74.4   120.6   138.4   315.4   415.5   474.4   516.3   561.3   624.7   805.3  1732.7 31066.8 38172.4  26148.0    26019
read      347.7   252.1    68.9   125.2   143.5   309.9   392.9   444.8   485.4   534.6   593.4   674.5   903.1  1929.0  9810.9  55524.0    55530
read      332.6   299.0    74.4   119.4   136.0   298.6   381.5   431.5   467.9   507.8   553.2   621.6   814.7  1986.8 10076.6  29762.7    29615
read      347.4   486.1    68.9   124.0   142.3   303.4   384.0   432.3   469.9   518.1   575.0   656.5   905.3  3815.4 28085.7  66064.7    66057
read      346.0   242.3    74.4   124.1   142.5   307.6   388.5   439.0   480.2   529.6   590.2   677.5   912.3  3597.8  7282.6  55143.3    55281
read      350.5   263.8    74.4   120.6   137.9   315.0   406.2   455.2   490.2   528.7   577.1   668.2   974.2  2432.0 11434.1  21235.3    21177
read      477.2  1027.8    74.4   138.7   164.5   331.8   413.3   477.9   531.5   590.3   662.6   839.5  3786.5 12544.5 35606.6  88428.7    88239
read      335.6   232.9    74.4   124.0   142.0   298.8   379.4   430.3   469.9   516.6   572.1   649.5   849.7  1707.4  8331.8  70137.3    70227
read      344.2   314.5    74.4   119.1   136.1   304.8   394.6   445.5   481.5   519.9   567.7   650.3   991.4  2427.8 16421.3  23570.7    23421
read      451.7   556.5    74.4   140.8   168.5   346.5   429.3   496.8   556.7   627.8   724.4  1153.0  2008.5  6333.3 24867.2  96584.7    97104
read      330.7   532.6    86.8   144.4   172.4   296.2   336.4   359.8   376.9   397.9   428.1   485.2   918.9 10035.0 28043.3   6191.3     6235
read      383.1   357.7    74.4   124.9   143.5   310.1   397.6   454.6   501.1   557.4   636.0   836.7  1697.8  3458.1 12985.4  57754.7    58045
read      454.0  1365.1    74.4   120.4   138.0   315.2   412.9   466.1   504.6   546.1   612.3   761.1  1687.4 22544.5 32132.6  23844.0    23729
read      387.3   483.9    74.4   124.5   143.3   311.9   402.5   466.6   517.4   571.2   640.0   806.5  1442.2  7743.5 11068.5  40957.3    40897
read      357.4   339.3    74.4   126.3   144.9   311.2   391.8   443.2   485.3   535.6   593.9   686.7  1051.5  4400.5  7457.6  53242.0    53312
read      373.3   487.5    74.4   130.5   151.6   316.7   394.4   444.0   485.7   537.3   609.1   728.0  1252.7  7081.8 24360.8  86995.3    87262
read      346.2   250.0    74.4   128.9   148.4   305.8   385.9   436.2   476.7   525.8   584.5   680.7   954.2  1827.7  8015.8  81518.0    81836
read      352.3   236.4    68.9   132.8   153.5   311.7   390.2   439.4   480.5   531.9   594.2   690.3   985.7  1808.6  7376.2  92400.0    92274
read      347.9   217.3    74.4   126.6   144.5   308.7   392.4   445.5   488.7   537.9   594.4   679.7   938.7  1870.9  5518.6  47342.7    47252
read      342.1   236.1    74.4   127.4   146.4   303.1   381.4   431.8   472.6   521.6   579.2   663.3   926.2  2080.2  7852.0  75876.0    75747
read      345.7   239.9    74.4   127.6   146.8   306.6   386.0   434.6   475.6   525.0   588.6   684.8   969.0  1664.1  8981.8  81218.7    80994
read      353.2   325.3    74.4   130.9   151.8   307.1   381.6   428.8   467.3   517.7   583.5   689.3  1066.6  2737.9  9738.7  98474.7    98224
read      325.5   300.1    80.4   145.2   171.7   307.6   350.5   374.6   391.8   411.9   442.8   498.0   761.2  3700.7 12549.2   7664.0     7737
read      382.1   376.8    74.4   125.0   142.7   304.6   396.3   463.7   515.2   573.3   657.2   891.1  1417.0  5614.1  9405.2  37518.0    37514
read      417.6  1106.7    80.4   136.7   159.5   336.5   398.8   432.9   462.1   496.0   535.8   606.9  1401.1 12505.6 37379.2  10572.7    10640
read      420.7   392.7    74.4   134.4   158.1   342.0   427.9   482.1   528.6   595.5   700.3   931.6  1860.6  3258.5 10198.3  90509.3    90490
read      350.8   362.5    68.9   128.5   148.1   303.8   379.9   430.0   469.1   519.6   583.9   683.6   969.9  4246.6 12018.9  92084.0    92514
read      346.8   257.9    74.4   129.2   149.7   306.6   385.1   435.7   476.4   525.1   587.7   682.9   937.3  1863.6 12041.2  89328.0    89245
read      367.4   452.6    68.9   128.2   147.3   311.6   393.5   446.3   488.7   539.5   602.5   701.9  1342.4  4888.3 12810.0  74070.7    73823
read      350.5   218.0    68.9   124.9   143.9   314.9   398.9   450.8   491.6   540.5   598.4   682.6   906.9  1850.9  6461.0  46671.3    46565
read      369.7   293.9    74.4   122.5   140.8   322.1   422.3   478.4   516.7   557.8   621.1   746.0  1105.3  3085.3  9062.3  21510.0    21419
read      385.4   331.7    68.9   127.9   147.8   316.5   402.3   459.1   504.6   562.6   639.3   812.5  1721.6  3252.0  8795.1  66620.7    66915
read      346.3   289.8    74.4   121.9   139.4   305.6   395.0   451.3   493.6   537.9   586.8   657.1   869.7  2904.0 14681.1  31468.0    31667
read      351.5   248.4    68.9   127.4   146.0   309.4   392.8   443.9   484.4   532.8   592.3   684.6  1008.4  2292.3  8221.0  71657.3    72255
read      369.6   394.2    68.9   135.3   157.4   318.5   397.0   447.5   488.5   540.7   607.4   720.3  1063.3  4461.5 14001.1  99378.7    99535
read      506.1  2141.6    86.8   133.4   157.5   316.7   368.4   399.2   423.9   453.5   494.2   559.9  2153.4 31888.2 50537.1   9370.7     9226
read      354.3   369.6    74.4   126.2   144.9   308.0   391.0   441.1   480.4   528.5   587.5   676.6   982.8  6732.6  9357.8  67481.3    67844
read      350.9   230.5    74.4   127.6   146.1   312.8   396.3   446.4   485.4   534.2   594.9   687.4   976.9  1927.8  6630.5  71260.0    71413
read      352.6   220.0    74.4   135.3   157.1   315.2   392.5   440.0   479.2   530.4   596.1   694.4   931.2  1472.9  6079.9  97287.3    97328
read      349.7   251.0    74.4   124.9   143.5   311.6   396.9   447.2   487.6   535.6   592.6   675.9   933.2  2058.9  7771.3  54802.0    55113
read      343.8   251.1    74.4   123.3   141.6   305.2   386.6   439.9   482.9   532.8   592.1   672.7   908.1  1817.9 10619.8  54038.0    53743
read      523.1  1769.6    80.4   126.3   145.3   332.9   404.1   444.0   474.2   511.5   559.0   666.3  5841.3 28462.0 37682.0  15112.7    15253
read      381.1   313.1    74.4   134.0   156.1   325.4   405.0   458.6   502.0   556.0   629.7   758.3  1535.2  3123.1  9369.2  90203.3    90605
read      379.5   518.2    74.4   123.3   141.2   316.4   414.5   472.3   512.0   555.4   613.5   728.1  1132.7  7825.0 15245.3  25669.3    25767
read      364.6   252.7    74.4   133.2   154.9   317.5   397.6   448.9   491.4   543.8   613.4   723.6  1160.7  2579.0  4938.4  93356.0    93458
read      349.2   380.1    74.4   131.3   151.4   304.9   377.3   425.0   464.1   514.9   580.7   672.9   919.9  4038.5 13605.2  95472.7    95080
read      357.0   256.5    74.4   130.5   150.8   308.8   387.1   440.0   483.7   536.8   602.1   704.7  1286.4  2460.8  7649.3  88334.0    88399
read      369.0   304.6    74.4   136.1   159.1   328.2   406.7   457.0   497.8   549.3   620.9   731.0   983.7  1866.8 12110.0  95794.7    95681
read      351.2   253.7    74.4   123.7   141.2   310.0   397.4   455.3   497.5   543.5   594.1   676.8   944.0  2436.2  8594.1  32694.0    33003
read      389.3   460.8    74.4   140.9   166.2   338.8   414.6   463.9   505.7   564.0   639.3   749.5  1033.7  5728.1 12892.9  98925.3    98809
read      345.9   277.4    68.9   125.6   143.8   306.8   392.3   443.5   483.0   530.2   586.4   669.6   893.6  1978.9 10842.0  64610.0    64610
read      351.2   238.4    74.4   125.8   143.9   314.2   398.0   449.7   491.4   541.5   602.1   684.3   898.9  2268.8  7731.3  51176.7    51183
read      343.4   358.3    80.4   125.2   143.6   318.6   399.3   443.3   475.0   507.9   546.2   606.4   792.8  1675.1 17558.9  20198.7    20194
read      601.3  2185.3    86.8   140.0   167.4   317.1   369.0   399.4   425.7   460.9   512.9   708.1  8399.4 35819.1 37724.5   7534.0     7602
read      372.2   319.8    74.4   123.2   141.3   307.6   396.0   456.5   505.4   560.6   632.9   804.1  1482.9  2309.5  7744.4  46430.0    46677
read      811.5  4033.7    86.8   154.1   183.2   299.8   341.3   367.9   388.3   414.3   466.5   599.5 29292.1 48590.5 65779.6   5688.0     5577
read      723.6  2575.8    74.4   123.5   142.7   332.7   437.2   500.3   544.8   598.1   692.4  1092.2 14868.9 32190.4 39483.4  22876.7    23035
read      451.6  1134.9    74.4   128.3   147.6   319.9   404.8   462.4   511.7   571.8   654.0   939.4  1960.2 18148.5 37173.0  57368.7    57516
read      360.2   284.9    68.9   128.1   146.9   320.3   404.8   458.9   498.2   545.8   606.1   694.7   992.6  3041.2  9416.9  62905.3    62851
read      353.3   246.2    74.4   124.5   142.2   315.4   399.9   457.4   500.8   550.9   606.3   678.8   910.2  1992.2  6566.6  38639.3    38431
read      357.9   713.8    74.4   121.1   138.1   302.4   400.4   454.8   491.6   531.0   576.4   642.2   955.4  4848.3 31370.3  25826.0    25729
read      775.6  2752.6    80.4   126.8   147.2   355.7   459.9   524.5   570.2   632.0   735.1  1265.4 18170.2 32152.9 39803.5  19491.3    19443
read      609.7  1364.9    74.4   131.3   156.8   391.1   540.6   630.9   696.5   774.1   882.3  1411.0  4621.8 24968.1 38014.8  19482.7    19461
read      474.7  1230.7    74.4   125.1   144.7   319.2   410.5   476.4   531.5   596.3   704.4  1305.0  1999.8 18811.6 39824.3  42519.3    42341
read      431.0  1482.7    93.8   156.2   183.8   302.4   341.1   363.0   379.1   400.3   437.0   528.5  3127.6 29645.8 42834.4   5754.0     5691
read      372.6   300.6    74.4   122.3   140.8   302.9   394.1   458.3   508.3   566.4   639.8   832.8  1478.7  2580.5  7778.3  39951.3    40223
read      386.0   754.9    74.4   120.5   138.0   305.4   402.3   465.5   507.9   550.4   604.9   684.2  1297.4 10407.6 31019.4  29989.3    29941
read      351.6   353.9    74.4   120.6   137.8   300.3   386.0   443.7   489.9   540.7   598.3   679.4  1053.8  4235.9 12893.3  40942.7    41162
read      344.3   338.8    74.4   121.8   139.6   298.1   380.1   435.6   480.5   532.0   589.8   672.8   985.7  2419.6 11386.7  43898.0    43863
read      366.9   331.4    74.4   122.2   139.6   319.7   411.1   461.3   497.9   538.9   592.3   711.0  1226.3  3745.4 10242.0  20192.7    20318
read      511.1   675.8    74.4   148.2   181.5   392.3   478.2   545.7   615.0   709.5   841.8  1241.5  2670.9  7940.4 31186.4  93318.7    93421
read      347.8   258.4    74.4   123.4   141.2   306.9   387.9   441.0   485.1   536.4   598.7   685.0   988.6  2101.6 11669.1  48848.7    48578
read      345.2   259.3    68.9   121.4   139.2   304.7   392.5   449.8   495.2   544.3   598.1   681.4   917.0  1443.6  9132.8  40172.7    40595
read      368.8   227.0    80.4   125.5   145.2   341.2   429.6   477.9   512.4   550.1   603.2   692.9   989.5  2346.6  4985.2  17664.0    17677
read      369.5   361.5    74.4   125.0   144.1   303.2   386.3   437.8   480.6   533.1   602.8   736.2  1687.9  3101.5 10143.8  78124.7    78948
read      342.7   302.9    74.4   130.7   153.4   312.8   363.7   394.5   418.1   446.4   487.1   565.0  1355.0  4018.9  8001.3   9715.3     9703
read      485.0  1913.4    80.4   132.9   158.6   330.3   389.3   422.8   449.3   483.9   534.1   643.1  3661.1 32141.7 61541.6   9619.3     9686
read      338.4   367.2    86.8   147.4   173.3   313.5   356.5   379.4   396.3   418.3   449.5   505.6   738.2  6270.0 10991.5   7996.0     7968
read      341.2   357.9    74.4   126.4   144.9   324.9   396.5   432.8   457.9   486.8   523.2   578.3   753.4  2651.6 17338.7  15721.3    15830
read      333.0   390.1    86.8   141.8   167.2   309.4   351.3   375.4   393.3   414.5   444.3   496.6   748.2  7067.1 12616.3   8347.3     8192
read      331.7   227.6    68.9   123.4   141.3   294.6   373.0   422.6   460.8   505.8   560.4   642.2   857.6  1894.0  8258.8  79319.3    79410
read      358.3   335.5    74.4   128.0   146.9   310.2   390.1   438.3   480.3   533.2   600.8   701.4  1061.5  4498.1  9678.6  76750.7    76582
read      353.9   233.1    74.4   125.0   143.6   313.2   398.5   453.7   495.6   544.3   605.8   698.8   994.8  1839.9  6648.8  54566.0    54634
read      339.3   323.4    63.8   123.3   141.1   297.5   378.0   427.6   464.5   509.1   568.5   659.1   930.0  2471.0 12200.2  71653.3    72177
read      340.0   314.3    74.4   124.5   142.1   317.0   385.6   422.9   448.6   476.9   517.3   575.7   787.4  5970.6  8060.3  15387.3    15101
read      331.8   344.5    80.4   139.1   162.5   306.6   347.3   371.1   390.8   414.6   447.2   509.1  1228.8  4845.0 13718.4   8155.3     8167
read      364.2   475.4    74.4   124.6   142.6   312.7   395.7   448.2   491.5   541.6   602.5   691.8  1024.4  7899.9 17186.6  43946.0    44130
read      344.2   408.8    74.4   121.1   138.8   301.0   378.5   428.5   468.7   517.7   573.4   656.5   900.7  3344.8 12801.7  53215.3    53047
read      386.1   601.3    74.4   133.5   156.6   324.6   401.1   451.9   492.8   544.2   613.7   720.3  1082.6  8873.0 28973.3  97218.0    97171
read      333.1   201.5    68.9   124.1   142.6   295.6   373.4   424.3   463.2   511.2   572.6   662.0   896.5  1488.2  4359.0  81567.3    81360
read      349.1   292.5    74.4   125.5   144.7   305.9   384.1   433.6   474.7   524.5   585.0   684.1  1065.7  2219.6 13029.2  77074.7    77277
read      338.5   242.8    74.4   121.7   139.3   302.4   387.0   439.7   482.1   526.3   576.8   646.7   856.4  1738.6 12264.2  38162.7    38294
read      342.6   454.3    80.4   130.6   151.7   320.4   372.7   400.7   422.2   446.5   475.1   527.4   714.2  8051.5 12701.3  11151.3    11165
read      334.6   257.4    68.9   122.6   140.8   294.8   373.4   423.2   462.3   507.7   566.1   650.9   891.5  2250.9  9479.9  73848.0    74155
read      332.2   312.5    80.4   127.9   147.7   314.2   370.9   400.3   423.1   450.5   486.5   538.1   783.0  5807.8 10320.0  12244.0    12255
read      341.6   327.4    74.4   121.5   139.7   300.1   378.4   427.6   469.2   518.0   576.9   660.8   956.1  2815.3 10045.0  52143.3    52404
read      327.6   238.5    74.4   121.2   139.0   309.4   382.9   422.4   450.7   482.2   519.5   573.8   722.8  2084.1  8418.5  17140.0    17057
read      317.4   510.3    86.8   147.4   171.8   282.9   318.5   338.8   353.9   371.9   396.4   439.7  1263.0  7246.5 18554.1   6025.3     6005
read      343.4   210.3    74.4   128.5   147.6   304.7   383.6   432.4   470.9   521.5   585.2   680.6   940.3  1731.9  6786.4  84942.7    85707
read      362.8   283.7    74.4   131.1   151.9   319.0   402.8   453.9   493.9   542.6   607.7   711.1  1004.4  3851.7  9955.6  79720.7    79742
read      350.8   237.0    74.4   125.2   143.4   313.5   396.0   447.5   488.5   538.3   600.0   688.4   937.1  2061.1  9684.5  58285.3    58322
read      360.9   596.7    74.4   119.8   136.3   304.0   397.0   450.3   488.2   528.4   575.3   641.4   976.5  8132.2 31405.3  26192.7    26212
read      351.3   246.3    74.4   128.1   146.5   311.0   394.0   444.2   484.6   533.6   594.2   686.6   989.1  2173.8  7669.4  69697.3    69487
read      329.2   238.6    74.4   121.3   138.2   297.0   375.7   424.8   462.6   505.5   555.9   631.5   801.7  1485.7  8637.9  29786.7    29507
read      326.1   224.7    74.4   121.2   138.9   294.7   368.8   415.9   454.5   501.2   555.8   633.1   811.4  1274.0  6886.2  51401.3    51412
read      335.2   225.5    74.4   122.7   140.7   294.9   375.0   425.0   463.8   510.9   571.8   657.5   929.5  2021.9  6927.7  67316.0    67374
read      359.2   567.8    68.9   123.6   141.9   300.6   382.0   433.0   473.4   524.1   584.2   676.1  1095.7  7921.5 29405.5  55148.0    55125
read      353.3   368.8    74.4   124.2   142.7   308.0   392.4   444.3   485.6   534.7   591.6   678.1   917.9  4879.6 12456.8  53064.0    53048
read      339.4   448.9    80.4   130.7   151.0   316.7   373.2   403.9   425.5   451.2   485.1   536.2   745.3  4337.2 20775.7  12195.3    12192
read      335.8   268.8    68.9   119.6   136.7   293.6   379.5   434.1   476.7   524.5   577.7   649.5   912.1  1691.2  9932.9  36143.3    36138
read      341.4   209.5    74.4   125.2   143.4   307.7   389.7   438.5   477.7   525.6   583.0   667.2   885.8  1476.9  5100.8  60992.7    60799
read      339.5   368.8    74.4   119.9   137.2   295.0   380.8   438.6   482.1   529.0   579.4   646.5   856.8  3586.2 13435.0  36650.0    36368
read      355.1   544.1    74.4   122.3   139.4   301.1   384.9   439.5   484.8   534.6   589.3   666.4   922.7  9208.7 30463.1  39924.0    39729
read      335.7   322.2    68.9   127.5   146.6   291.8   365.8   413.0   451.5   499.8   559.6   647.0   896.3  3690.6  9216.4  95960.0    95693
read      345.4   258.2    74.4   121.9   139.7   302.4   387.9   442.1   486.1   535.5   591.3   676.2  1019.0  1999.9  7923.2  40993.3    40999
read      349.5   294.6    68.9   125.2   144.0   308.5   390.1   439.3   480.4   528.8   587.9   677.6   946.4  2706.0  9802.2  65203.3    65037
read      328.6   195.0    80.4   130.1   150.8   320.7   378.1   408.3   430.3   458.4   494.4   545.1   692.3  1491.9  7759.5  12594.0    12633
read      331.2   209.0    74.4   121.5   138.7   296.8   373.8   425.3   466.1   514.8   570.7   651.5   855.0  1502.1  5357.9  49615.3    50117
read      351.7   373.6    68.9   126.9   144.9   309.8   393.3   444.3   483.6   531.6   590.6   683.7   943.1  1881.5 14641.7  62990.0    62765
read      334.7   264.9    80.4   132.4   153.6   325.9   385.9   415.3   436.3   460.7   490.4   535.8   699.7  2586.6 11545.0  12464.0    12379
read      381.7   527.2    80.4   125.4   144.4   318.1   403.9   461.0   505.8   558.2   626.1   739.4  1504.4  4930.1 30903.6  49330.7    49369
read      327.3   223.6    74.4   118.0   134.8   283.9   367.6   423.6   468.0   518.1   570.8   644.1   895.0  1722.5  5495.4  39050.0    39111
read      330.4   197.7    74.4   120.8   138.1   296.0   375.4   425.1   462.9   508.7   567.0   646.8   867.6  1588.3  4492.3  52800.7    52692
read      345.7   471.0    74.4   117.4   133.8   297.2   389.7   439.8   472.4   508.6   549.2   618.5   862.4  8077.5 11843.0  24370.0    24539
read      328.4   198.8    68.9   121.2   139.1   293.1   372.0   420.6   458.0   506.8   564.4   643.8   853.1  1701.2  4008.0  61406.0    61591
read      342.1   241.1    74.4   122.2   139.9   304.4   385.9   436.4   481.0   531.1   587.4   669.7   902.4  2245.4  9625.2  47555.3    47864
read      347.0   320.5    80.4   125.7   144.7   328.3   404.2   444.0   469.2   498.1   533.3   584.2   748.8  4079.1 12823.7  16543.3    16479
read      353.0   264.1    74.4   127.2   145.7   310.6   392.3   444.3   486.8   537.1   600.8   704.5  1004.7  2030.5  8124.2  74982.7    75268
read      333.8   651.9    86.8   134.6   158.1   299.3   342.5   368.0   386.5   407.1   437.4   492.4   734.9  7750.9 30966.4   8621.3     8714
read      322.8   255.6    74.4   127.3   147.2   314.6   372.1   400.6   421.2   444.9   477.4   527.8   670.4  2088.0 11989.1  13124.0    13002
read      325.8   267.8    68.9   121.5   139.3   288.3   366.9   415.6   453.6   499.0   552.6   633.3   828.7  1663.2 10674.6  76386.0    77147
read      327.3   215.3    74.4   119.1   136.1   289.4   370.8   424.7   467.6   517.4   573.1   644.9   815.3  1391.3  7225.0  43716.7    43518
read      332.1   229.8    68.9   118.5   135.2   297.4   391.1   445.5   483.9   522.6   562.7   622.3   789.1  1668.3  9421.4  27350.7    27206
read      350.9   278.9    74.4   122.6   140.7   301.8   385.3   438.0   481.0   531.1   590.9   689.6  1195.6  3877.2  7896.2  56118.7    55859
read      341.9   360.7    74.4   121.0   138.3   294.0   383.7   442.8   488.8   536.4   588.2   661.5   860.2  3121.9 24113.1  37116.7    37448
read      347.8   514.1    68.9   119.6   136.8   290.1   372.3   430.3   475.0   525.3   580.7   654.2   982.5  7810.6 20114.6  45022.0    45026
read      322.5   218.0    68.9   125.6   144.8   286.2   356.7   402.2   439.5   487.2   543.8   628.6   833.4  2418.1  5128.7 100067.3    99974
read      339.3   364.3    74.4   122.3   140.8   295.1   374.5   421.6   459.8   507.9   569.2   660.7   930.3  3885.5 13256.0  64552.7    64632
read      328.7   240.8    74.4   119.4   136.1   290.6   368.0   417.3   456.4   505.6   562.3   639.6   847.9  3247.8  6877.8  49252.7    49061
read      340.1   242.0    68.9   125.7   144.7   301.9   381.0   431.5   471.5   520.6   579.5   671.5   892.4  1800.5  7931.8  80640.7    80418
read      318.4   242.4    74.4   119.7   137.9   305.7   375.9   411.9   436.1   466.2   501.3   547.7   660.5  1495.8 13420.3  16745.3    16471
read      324.6   221.3    74.4   117.5   133.8   283.4   368.4   425.7   468.5   514.8   566.4   635.9   848.5  1556.9  7312.3  36007.3    35694
read      328.3   273.5    74.4   125.0   144.9   314.3   377.0   409.8   431.8   459.7   493.5   545.6   723.0  4058.6  8779.0  14028.7    13935
read      326.9   198.2    68.9   123.1   141.4   292.9   370.3   419.6   457.3   502.5   556.1   637.9   845.8  1360.3  7545.5  79592.0    79838
read      340.2   225.3    74.4   123.4   141.4   305.6   389.0   440.0   479.8   526.3   583.5   663.2   865.3  1527.7  5703.1  48408.0    48842
read      346.6   565.2    74.4   121.4   138.6   310.2   384.0   423.4   450.2   480.4   517.7   576.6   803.1  8114.2 35427.3  17856.7    17708
read      338.0   441.8    68.9   117.5   134.0   289.0   381.1   439.0   481.3   523.7   570.3   633.4   808.2  7094.6 28210.5  31383.3    31401
read      332.5   304.5    68.9   121.5   139.1   292.9   368.1   418.4   458.2   507.1   566.9   646.3   862.4  3048.6  9620.7  62200.0    62091
read      338.3   260.8    68.9   125.1   144.1   293.3   367.6   416.1   455.2   505.1   568.5   666.5  1035.0  2753.7  9047.6  87150.7    87121
read      344.9   424.0    74.4   123.9   142.6   297.5   378.2   427.6   465.6   512.6   574.4   671.5   988.6  3366.2 11041.9  81780.7    81929
read      328.7   254.0    74.4   119.6   136.9   290.6   368.9   421.8   461.6   507.8   560.8   632.5   834.7  1782.7 10057.5  41914.7    42013
read      335.0   222.0    74.4   126.9   146.5   298.2   373.6   421.8   459.2   506.0   565.8   655.0   864.6  1892.6  7958.6  90659.3    90709
read      328.4   248.5    68.9   122.1   140.3   292.4   373.3   422.7   460.0   505.1   559.9   634.4   807.7  1635.3 10581.0  68002.0    67578
read      325.3   215.9    68.9   120.0   137.6   291.8   367.9   415.9   453.6   500.9   558.3   635.8   806.5  1630.8  8922.4  57897.3    58116
read      335.0   264.3    74.4   123.3   141.6   296.7   379.0   427.4   465.3   512.8   570.0   652.7   874.0  1737.9  9462.2  68746.0    68886
read      335.4   254.4    68.9   127.9   147.3   296.3   369.7   418.3   456.7   505.3   565.9   651.4   874.9  2210.8  7462.0  92830.7    93119
read      338.0   355.7    74.4   127.2   146.9   295.9   369.6   415.9   453.5   502.3   563.6   653.1   898.7  2205.6 11324.1  95340.0    95079
read      326.0   210.6    74.4   122.8   141.0   293.8   369.2   416.3   453.8   499.5   555.0   635.5   828.1  1421.4  7822.6  77168.0    77456
read      324.0   302.9    80.4   122.3   139.9   306.3   375.1   408.0   431.2   459.9   496.6   547.8   681.5  4872.2  9906.8  15784.0    15723
read      332.8   310.5    80.4   135.4   157.5   317.8   365.8   392.1   410.8   432.6   463.5   512.3   791.9  3707.2 12444.6   9950.0     9867
read      318.4   286.1    80.4   143.2   168.9   306.6   347.6   370.2   387.8   407.8   432.6   480.7   598.1  4139.5 10984.4   8110.7     8176
read      335.6   256.8    74.4   126.1   145.6   294.8   371.4   421.1   459.8   508.2   567.8   654.7   906.0  1882.8  7731.0  89231.3    89745
read      337.5   546.7    74.4   129.3   151.5   313.6   366.9   396.4   417.1   439.7   472.2   525.6   686.5  4430.2 31204.0  10960.0    11058
read      341.4   284.4    74.4   124.5   143.4   296.5   375.2   424.8   464.3   512.4   572.1   662.0   967.8  3418.9  9774.6  80997.3    81413
read      332.0   272.8    74.4   120.8   137.9   304.7   391.1   436.6   468.3   502.4   542.3   600.5   768.0  2271.0  9909.8  21730.0    21659
read      330.1   253.4    74.4   118.0   134.0   292.5   386.2   441.7   478.5   515.8   558.1   623.1   828.8  1484.4 10207.0  27474.0    27181
read      329.7   264.4    74.4   120.6   137.9   308.4   383.2   419.7   444.7   474.8   511.6   564.7   789.4  4467.0  7775.7  17352.7    17420
read      365.5   625.5    80.4   121.2   138.5   313.4   403.8   455.9   489.0   524.1   564.2   621.3   924.1  8447.4 31420.8  23053.3    23028
read      335.9   216.6    74.4   120.2   136.6   292.8   388.7   451.5   495.2   538.1   586.8   655.2   856.6  1477.9  5123.1  33646.0    33694
read      334.0   349.1    74.4   117.7   133.4   285.7   375.9   434.3   475.2   517.9   564.5   630.7   872.6  3973.4 10692.6  32853.3    32735
read      336.8   292.4    74.4   122.2   140.0   295.8   379.1   429.0   468.1   518.1   576.3   659.6   915.9  1653.8 16370.5  57432.0    57645
read      337.4   237.9    68.9   120.8   138.7   297.9   380.6   434.7   477.6   526.6   583.2   661.4   870.3  1595.8  7901.7  45251.3    45216
read      326.0   216.8    74.4   119.9   137.4   292.9   368.4   417.5   456.4   504.7   563.1   639.4   802.1  1513.3  9801.7  57294.7    57659
read      335.6   222.2    74.4   126.4   145.4   296.4   373.7   425.1   465.2   513.6   573.3   659.0   909.6  1744.6  5020.9  85694.0    85443
read      335.0   333.6    74.4   126.7   146.5   317.5   381.0   414.5   436.8   464.8   499.4   552.6   772.0  4038.9  9810.6  14434.0    14390
read      327.4   228.0    74.4   117.6   134.1   286.8   375.2   429.1   469.3   511.9   558.5   626.5   954.9  1822.1  7921.3  31484.0    31520
read      354.7   341.7    74.4   126.6   145.0   307.1   391.1   444.1   485.8   536.8   600.1   689.8  1062.7  3879.0 10170.1  67277.3    67089
read      352.8   425.1    80.4   124.1   142.9   320.3   394.3   432.1   457.7   486.9   523.3   579.0   912.1  8168.6  9144.8  16639.3    16537
read      330.3   234.9    74.4   120.5   138.2   311.8   394.0   436.7   464.9   495.1   531.6   585.4   713.7  1486.9  9202.0  18861.3    18930
read      350.4   302.2    74.4   121.9   139.7   301.0   383.7   437.3   480.8   530.9   590.3   684.8  1219.2  5138.5 11961.0  46627.3    46784
read      328.0   222.5    68.9   123.9   143.1   291.6   365.6   411.5   448.9   495.6   552.6   640.3   883.1  1781.1  7860.1  92838.7    93102
read      336.2   204.5    74.4   125.9   145.6   297.7   373.4   423.0   462.6   512.4   575.0   666.3   928.8  1674.2  5797.4  90046.0    89799
read      344.0   376.2    74.4   123.5   142.0   298.0   378.0   426.6   465.2   512.8   573.0   659.2   966.5  2975.8 10143.7  66764.7    66551
read      351.7   267.8    74.4   131.8   152.8   310.9   389.6   440.1   480.5   532.4   596.9   689.7   934.8  1846.6  7698.1  92839.3    93104
read      337.4   204.1    74.4   121.9   139.5   300.4   386.4   441.0   483.2   531.9   587.0   664.0   837.3  1656.1  4312.4  43758.7    43768
read      333.7   188.7    74.4   121.5   140.4   299.9   380.6   431.2   472.8   521.1   576.4   651.5   812.6  1611.0  2835.7  54170.7    54006
read      335.5   212.1    74.4   123.2   141.5   298.7   379.3   429.6   467.9   515.5   573.2   653.8   902.2  1813.9  5235.0  64723.3    64618
read      347.3   224.9    68.9   129.3   149.1   307.6   387.0   437.3   478.6   527.0   587.1   680.3   969.2  1779.7  7777.1  86686.0    86482
read      350.5   355.0    74.4   126.2   144.8   304.7   383.7   433.4   473.7   524.4   584.6   675.5   932.3  4889.4 11251.4  77280.0    77459
read      341.2   204.8    74.4   124.2   142.7   306.1   387.7   437.4   478.0   526.9   583.9   673.6   871.7  1857.1  3949.6  61422.0    61365
read      343.7   270.8    68.9   121.9   139.8   298.3   378.0   430.1   473.9   526.9   586.4   675.9  1046.7  2785.0 10015.7  52498.7    52346
read      341.6   229.0    74.4   126.5   145.9   300.5   378.7   427.5   466.9   514.8   576.9   673.8   972.3  2467.8  5443.3  87382.0    87286
read      328.5   289.5    80.4   120.9   137.7   310.3   384.0   422.4   448.1   476.8   515.5   570.7   712.5  3661.6 10567.6  17443.3    17384
read      327.6   216.7    74.4   126.7   146.0   289.8   362.9   410.0   447.5   494.6   552.0   637.4   888.8  1665.6  8394.0  97680.7    98165
read      342.8   248.6    74.4   124.1   142.3   304.9   386.2   437.1   479.1   527.9   586.0   671.5   919.2  1911.2  9640.7  62998.0    63330
read      307.9   280.8    86.8   148.4   174.9   288.2   325.0   344.3   361.8   382.9   410.7   464.8   735.8  4942.3 12056.4   5988.7     5866
read      329.6   219.4    74.4   120.4   137.4   295.0   373.3   425.3   465.5   512.5   567.4   636.6   817.5  1693.4  8373.8  37057.3    37693
read      340.1   249.7    74.4   126.0   144.1   302.0   381.7   431.3   470.5   520.0   579.6   667.8   897.4  1687.9 11235.0  75129.3    75360
read      327.7   225.2    74.4   118.1   134.2   287.9   376.8   435.0   477.6   521.3   570.2   636.8   798.1  1409.2  7993.3  34732.0    34753
read      340.5   233.1    68.9   123.6   141.7   301.2   382.5   433.8   476.1   525.4   583.6   668.7   919.1  1892.4  7753.6  59455.3    59823
read      342.3   461.9    68.9   122.9   140.8   292.7   369.8   417.8   457.8   506.8   566.5   654.1   978.7  5793.9 22399.2  68369.3    68266
read      339.8   261.2    74.4   119.8   137.0   293.1   380.1   436.7   479.3   527.8   583.2   672.7  1019.2  1803.8  9517.3  39372.7    39383
read      333.1   224.7    68.9   123.1   141.3   297.1   377.6   426.1   463.6   509.2   565.5   647.7   866.3  2039.9  7987.2  65041.3    65072
read      336.3   219.5    74.4   120.5   137.6   296.2   387.6   447.7   491.5   533.8   580.7   643.4   800.3  2125.5  6295.4  33594.0    33192
read      332.4   209.0    74.4   120.9   138.6   296.2   375.0   424.5   464.2   514.3   569.7   648.5   883.8  1816.1  5391.7  52000.0    51847
read      340.3   217.7    74.4   125.6   143.4   304.5   384.6   433.9   473.6   521.3   579.6   669.5   887.0  1740.8  7377.0  61902.0    62362
read      351.2   309.8    74.4   128.0   147.8   305.5   384.7   434.3   474.2   526.1   590.3   683.9  1010.9  3843.4  7792.1  84035.3    84073
read      351.0   291.9    74.4   126.4   145.8   311.1   392.0   442.1   482.7   530.2   587.9   676.4  1006.3  1935.9  9751.0  64292.7    64213
read      331.3   305.0    74.4   118.8   135.1   292.9   386.0   438.2   474.1   512.3   553.6   618.9   779.5  2397.7 15453.6  27102.0    27059
read      335.9   239.7    74.4   122.7   140.6   300.2   380.3   428.7   467.9   515.9   573.6   653.2   868.3  1858.1  9692.0  54774.0    54703
read      338.7   287.1    68.9   127.8   147.9   296.5   369.4   417.7   457.5   505.0   566.4   658.7   937.6  2262.2 10316.6  98450.0    98366
read      357.8   552.6    74.4   121.5   138.8   302.7   394.7   448.8   488.8   530.6   577.9   643.9   878.7 10779.6 13788.4  29776.7    29565
read      342.6   202.1    74.4   126.9   145.7   308.0   388.2   438.1   476.6   526.3   587.8   674.4   884.6  1486.3  4664.6  74936.0    75000
read      336.7   214.7    74.4   124.4   142.0   303.6   382.2   429.7   466.8   512.6   569.8   654.9   866.8  1861.4  6378.9  62292.0    62235
read      334.4   244.2    74.4   120.6   138.0   291.2   370.1   424.3   468.5   521.7   580.5   660.4   998.6  1836.7  7324.0  47604.0    47788
read      363.1   441.4    68.9   128.5   147.1   310.8   392.7   444.9   487.5   537.9   597.7   691.1  1121.4  5065.8 14086.9  69218.0    68928
read      338.4   244.3    74.4   121.5   139.0   298.5   384.9   438.9   483.0   530.9   584.4   656.7   857.5  1905.8  7257.7  36632.0    36478
read      341.6   257.5    74.4   125.8   144.0   301.7   382.2   432.8   471.8   519.1   581.1   669.7   930.6  1961.7  9878.0  76624.7    76067
read      340.6   259.1    74.4   121.8   139.9   301.6   381.7   431.7   472.5   524.3   585.3   669.8   921.1  1968.2  9856.0  46970.0    47020
read      332.2   221.1    74.4   123.9   142.4   292.4   371.3   420.5   458.4   502.6   561.4   650.3   935.3  1799.4  7307.2  81541.3    81656
read      338.8   300.5    74.4   127.9   146.3   321.4   397.5   433.8   459.0   487.1   520.6   571.5   694.3  4094.3 12457.5  16527.3    16396
read      343.7   346.4    74.4   123.6   140.8   309.6   395.2   439.1   470.7   505.8   544.2   603.3   779.9  4253.5 11028.0  21472.0    21661
read      355.6   545.8    74.4   127.4   145.3   305.0   383.8   432.6   475.3   525.4   586.8   670.2   907.3  8650.9 16250.6  50142.7    50156
read      334.4   248.8    74.4   125.1   142.8   298.3   376.0   424.1   463.1   511.5   569.8   652.4   866.0  1622.7 10107.0  54094.0    54102
read      334.4   198.2    74.4   127.6   145.3   298.5   378.1   427.7   466.0   512.2   569.6   657.9   861.8  1616.1  5139.3  66164.7    65670
read      341.7   456.9    74.4   128.0   145.2   319.7   396.9   435.0   462.2   492.2   527.5   581.7   736.0  2891.2 28279.3  17638.7    17584
read      353.1   414.8    74.4   124.9   142.2   299.9   396.9   455.6   496.1   537.2   582.9   643.5   864.5  7466.5  8768.7  30416.0    30347
read      340.2   324.5    74.4   123.4   140.6   309.2   398.8   441.3   472.5   504.9   544.1   598.7   778.4  5340.7 12295.5  21614.0    21534
read      329.6   233.0    80.4   138.0   159.2   318.3   367.6   395.1   414.7   436.7   468.3   523.0   709.7  3410.2  7983.0  10120.7    10216
read      334.5   254.8    68.9   125.8   144.2   290.4   368.8   416.4   454.0   500.7   559.7   649.2  1120.9  2479.4  6458.2  80244.7    80544
read      331.4   260.4    74.4   122.9   140.4   292.8   371.5   423.5   464.9   514.9   571.7   643.5   831.4  1594.6 12028.3  45219.3    45508
read      330.3   344.4    74.4   119.4   136.5   300.7   385.9   431.0   463.6   497.4   535.3   589.4   743.5  3943.3 18086.4  21786.0    21591
read      333.5   335.8    74.4   124.0   142.3   314.2   382.2   415.2   437.5   465.9   500.4   547.5   692.4  4627.6 12812.1  15502.0    15435
read      333.3   411.0    74.4   123.6   142.2   316.3   381.6   417.2   441.8   469.4   504.3   552.5   691.7  2993.5 24767.6  14656.7    14502
read      363.5   602.8    80.4   124.7   142.8   319.3   391.9   432.2   461.2   491.7   527.3   582.6   837.8 11585.0 20943.9  16356.0    16369
read      339.0   240.7    74.4   121.9   139.4   299.1   378.8   432.6   477.9   528.6   585.5   666.2   915.2  1807.7  7934.4  42264.7    42077
read      330.0   234.8    74.4   121.0   138.1   290.0   373.8   429.7   472.1   520.8   574.0   639.2   789.5  1616.6  8998.8  38023.3    38334
read      327.9   298.2    74.4   120.1   137.4   312.3   387.6   425.3   452.6   483.0   518.7   570.7   708.8  1692.3 12262.0  17889.3    17694
read      326.2   217.7    74.4   123.1   141.0   289.4   369.5   417.6   453.9   498.2   552.2   634.5   849.2  1734.1  8091.4  74918.0    75056
read      339.6   294.5    74.4   123.8   141.4   299.4   381.5   430.6   470.2   519.4   578.2   663.6   915.3  2110.7  6958.8  53828.7    53845
read      331.6   235.1    80.4   128.2   147.4   324.4   384.0   414.8   437.5   466.2   497.3   544.8   695.9  2934.7  9132.7  13508.0    13319
read      338.2   285.5    74.4   125.2   143.9   295.9   377.5   427.5   466.2   511.9   569.5   655.0   948.5  2520.3  9723.0  77986.0    77808
read      341.9   379.0    74.4   121.9   139.5   299.2   378.4   430.5   474.5   525.6   581.9   657.9   861.7  3186.6 11670.1  44349.3    44423
read      326.9   251.4    74.4   118.7   135.0   293.8   381.2   429.5   462.5   499.1   541.9   606.7   794.6  2759.6  9346.0  25594.7    25669
read      345.7   351.9    74.4   126.7   145.2   302.8   382.7   430.7   468.9   516.1   574.0   668.0   985.8  2181.3  7489.6  66175.3    66463
read      338.1   222.9    74.4   123.3   140.9   300.4   384.6   437.6   479.6   524.9   575.4   649.0   888.4  1736.5  7814.1  35420.7    35396
read      333.6   246.0    74.4   119.6   136.4   289.7   380.6   439.8   481.9   525.5   573.5   648.7   924.1  2200.4  6440.1  33918.0    33885
read      317.2   225.9    80.4   129.2   148.6   310.5   361.2   386.9   404.0   427.6   459.5   506.1   643.3  3057.8  8413.3  11580.0    11712
read      333.0   240.2    74.4   122.0   140.0   295.5   372.7   422.6   462.1   512.0   570.2   650.9   868.7  1839.0  8608.7  51157.3    51485
read      334.1   199.0    74.4   124.6   142.6   298.7   376.9   425.1   464.3   512.2   570.5   654.6   869.7  1726.1  4772.0  59197.3    59378
read      340.8   254.1    74.4   128.8   149.1   299.9   373.1   421.3   460.3   510.3   576.3   672.6   977.8  1817.6  9346.3  94729.3    94757
read      334.6   246.0    74.4   124.8   142.2   294.2   373.0   423.2   461.6   507.2   566.0   652.4   926.1  2141.4  9701.0  72099.3    71707
read      335.5   488.9    80.4   151.5   179.2   301.6   338.8   361.4   378.2   399.7   430.8   493.9  1036.0  8699.5 19087.0   6186.0     6184
read      327.6   239.5    74.4   122.5   140.7   291.6   367.4   416.4   454.1   500.3   552.9   624.4   807.2  2328.7  9697.9  52316.0    52631
read      321.4   304.3    68.9   120.3   137.1   285.1   371.5   424.9   461.2   499.1   540.8   593.3   708.4  1581.1 12257.4  31254.7    31188
read      322.3   179.0    68.9   127.5   146.6   291.1   362.9   407.0   443.6   488.9   545.1   625.0   786.2  1279.0  4609.2  91971.3    92326
read      312.7   211.0    68.9   122.8   140.2   283.0   357.1   401.2   436.4   478.9   531.0   600.1   730.8   939.3  7428.9  78459.3    78268
read      317.4   217.2    68.9   123.7   141.6   287.1   361.6   408.7   445.3   487.3   539.2   611.3   738.7   977.0  7781.8  78520.7    78655
read      325.0   241.1    74.4   121.4   138.6   289.3   381.1   432.4   470.9   510.5   548.6   604.8   722.3  1610.8  9895.2  29807.3    29798
read      318.4   207.3    74.4   126.6   145.8   287.8   356.7   400.4   436.1   483.3   540.9   617.3   750.1  1085.9  5604.8  96064.0    96196
read      313.4   175.6    74.4   120.6   138.1   280.2   359.1   411.1   449.8   494.5   541.9   601.9   717.5  1312.9  5073.9  39142.7    39289
read      328.3   365.5    74.4   128.7   148.1   315.1   374.1   404.6   425.4   449.6   481.6   531.8   636.5  4425.4 18221.2  13840.7    13806
read      325.1   207.3    74.4   126.5   145.6   292.6   367.1   414.3   451.5   496.9   553.2   631.1   775.6  1087.9  7693.9  86362.7    86543
read      328.4   203.1    74.4   125.6   143.9   298.8   375.4   423.6   459.9   503.2   555.6   628.2   762.9  1472.2  8446.0  67050.7    67095
read      322.7   287.4    80.4   127.7   146.7   313.1   376.3   409.1   431.5   457.6   489.3   534.1   631.6  1606.5 12624.6  15362.7    15164
read      323.5   252.9    74.4   122.3   140.5   302.6   384.5   426.1   453.7   484.1   519.9   570.8   675.4  1606.2  9201.8  21630.0    21544
read      319.0   238.1    68.9   123.0   141.0   287.3   362.2   408.2   443.9   487.4   539.3   610.0   746.4  1107.0  9812.7  80386.0    80587
read      329.2   186.7    68.9   129.7   149.5   296.8   371.7   419.5   458.0   504.1   560.3   637.4   773.4   995.7  4692.1  90986.7    90870
read      328.1   249.0    68.9   124.7   143.1   313.0   388.2   424.1   449.0   477.4   509.2   559.6   692.7  2262.6  8646.7  18428.7    18274
read      318.9   222.9    74.4   120.0   136.9   283.3   370.6   425.3   462.4   502.3   546.2   600.7   705.0  1357.9 10403.5  33885.3    33727
read      316.0   313.2    74.4   133.1   152.1   307.3   355.7   381.3   399.6   421.5   449.7   497.0   636.8  2719.3 17958.1  11501.3    11433
read      313.1   194.5    74.4   123.2   141.2   304.8   368.8   402.6   425.4   451.9   485.0   532.7   631.6  1788.0  5461.4  17134.0    17009
read      321.0   175.9    68.9   123.3   141.8   292.6   366.8   413.3   449.7   492.6   545.4   618.3   752.7  1341.5  3182.8  61374.0    61531
read      320.9   201.4    68.9   124.7   142.3   290.8   367.2   413.6   448.6   491.3   542.9   614.1   748.0  1568.2  7035.6  77937.3    77691
read      319.3   188.5    74.4   123.7   142.0   291.1   367.0   412.5   447.7   489.4   540.2   610.9   742.1   982.9  4269.7  75676.0    75329
read      323.7   243.3    74.4   123.5   141.4   290.6   367.1   412.8   447.9   492.3   546.3   622.1   776.6  2197.0 10520.3  80148.0    79936
read      316.8   207.5    68.9   123.6   142.0   288.1   361.9   405.6   440.1   482.2   533.7   605.1   736.9  1088.1  8108.1  75050.0    74872
read      314.7   445.2    80.4   141.1   164.7   287.4   326.0   347.1   363.9   382.8   406.3   453.5   632.9  8112.0 12798.6   7483.3     7464
read      326.3   276.5    74.4   132.1   151.7   317.9   371.7   400.8   422.1   447.4   482.0   531.8   677.7  1604.1 14092.9  12474.0    12219
read      330.2   271.2    74.4   124.8   143.5   312.5   391.0   429.5   456.7   486.7   521.0   568.9   671.7  2517.0 13178.7  19882.7    19906
read      325.7   215.8    74.4   125.1   142.5   315.2   389.4   425.2   449.4   476.2   507.5   552.0   669.3  1581.5  8991.6  18092.0    18108
read      322.5   541.2    80.4   145.4   171.2   289.4   326.6   345.8   361.3   378.5   404.0   458.2   785.9  7534.3 20495.4   6671.3     6498
read      332.3   605.6    86.8   148.1   175.0   287.3   323.0   345.1   361.6   380.0   403.5   453.6  1060.9 11103.6 19145.0   5931.3     5794
read      323.7   199.0    68.9   123.5   141.6   294.4   371.4   417.9   454.1   498.8   549.0   620.3   757.1  1246.2  7674.2  53896.7    54376
read      330.0   440.0    74.4   131.2   151.5   309.6   362.7   389.4   407.9   431.9   464.0   513.5   659.4  7588.7 15912.1  12608.7    12545
read      321.3   214.1    68.9   123.7   142.3   288.5   362.2   408.3   444.5   489.3   543.4   619.4   767.0  1905.3  6729.5  85639.3    86110
read      315.3   284.4    74.4   137.5   159.2   304.5   349.0   373.9   391.4   411.2   436.9   485.2   621.1  3943.2 15393.1   9703.3     9730
read      320.6   188.7    68.9   123.8   142.2   289.6   364.8   411.3   448.0   492.7   545.4   619.9   766.7  1064.4  7583.8  81932.7    82140
read      321.4   243.0    74.4   123.8   142.3   289.6   366.3   411.5   445.6   487.5   539.4   611.8   757.6  1316.9 12508.1  79016.0    78511
read      325.1   217.5    74.4   124.6   142.8   294.8   372.0   419.4   455.1   497.8   549.7   623.8   751.9  1050.3  8715.2  68204.7    68231
read      320.7   294.2    74.4   134.9   155.0   313.8   362.4   389.3   408.8   431.8   462.5   512.7   626.6  2650.5 12229.4  11450.0    11420
read      328.8   213.7    74.4   129.3   148.6   296.8   370.1   417.3   453.9   499.4   557.1   637.4   795.1  1119.2  5086.0  89691.3    89777
read      331.1   190.2    68.9   127.0   145.5   301.1   380.6   429.1   466.8   510.0   563.0   635.5   779.6  1067.9  5845.3  74922.0    75189
read      322.6   197.8    74.4   128.2   147.0   290.5   363.9   407.8   443.9   489.2   544.8   627.2   780.5  1108.9  5097.8  96077.3    96119
read      321.0   195.7    74.4   124.8   143.5   291.1   367.6   414.5   450.4   493.2   546.4   616.2   740.3   984.9  5229.4  70074.0    69998
read      320.6   216.0    68.9   123.2   141.5   289.1   364.2   410.0   446.6   489.5   540.9   615.3   769.1  1489.5  8005.6  79241.3    79345
read      319.0   230.7    74.4   121.5   139.0   297.5   377.5   419.4   448.2   480.2   515.5   567.9   691.1  1664.9  9753.5  21924.0    21991
read      323.4   204.3    68.9   127.9   147.7   290.8   363.0   408.0   444.2   488.6   543.0   625.4   777.6  1308.8  7320.4  99557.3    99920
read      332.7   302.6    68.9   129.2   148.7   323.6   387.7   420.8   443.5   469.7   502.1   549.0   674.1  2116.1 12316.0  15026.7    15067
read      326.8   197.3    74.4   129.5   149.3   293.8   366.9   412.6   449.1   495.0   551.2   630.3   789.1  1588.5  6620.5  95888.7    96201
read      323.4   204.8    68.9   121.9   139.2   292.0   383.9   436.2   470.7   505.9   544.1   591.9   690.0  1484.0  7975.2  28479.3    28442
read      331.0   272.8    74.4   122.5   140.1   304.0   395.6   442.7   472.1   503.1   537.4   585.5   689.3  3088.2 11444.9  23869.3    23738
read      325.5   253.0    80.4   144.9   168.4   319.0   362.3   385.4   401.3   422.6   449.6   493.5   590.1  3092.9 11335.8   9380.7     9437
read      322.8   202.7    68.9   127.9   147.4   290.1   363.1   408.6   444.2   489.2   544.1   625.1   773.7  1156.5  7747.7  96964.7    97039
read      326.0   229.2    74.4   121.9   139.4   291.7   373.1   426.5   467.4   513.5   561.3   622.1   739.0  1408.0  8460.7  40164.0    39843
read      322.3   257.2    68.9   136.5   157.2   315.6   366.7   393.2   411.8   432.8   461.8   505.3   613.0  1849.2 12684.2  11508.7    11616
read      324.0   180.6    68.9   123.3   141.8   294.7   369.4   417.2   453.8   499.5   551.9   621.6   756.5  1658.0  3411.8  56274.0    56350
read      326.6   244.0    74.4   121.8   139.2   298.9   388.2   435.3   467.5   501.2   538.0   590.6   699.9  1544.0  9396.3  24606.7    24650
read      320.9   226.2    74.4   121.2   138.9   285.4   371.1   425.0   464.4   505.5   547.9   604.3   721.2  1430.0  8096.6  33804.0    33825
read      323.5   212.8    68.9   122.0   140.1   293.2   369.6   416.1   452.8   496.1   546.7   614.6   739.2  1602.2  8080.0  53987.3    54193
read      325.1   263.2    68.9   124.7   142.6   290.6   366.2   413.0   448.8   491.4   544.9   623.0   784.8  2145.8  9767.4  75958.0    76287
read      326.3   347.8    74.4   121.7   138.4   291.9   375.3   425.7   460.9   501.2   544.8   606.6   735.5  1553.7 24355.1  30612.7    30507
read      325.7   254.0    68.9   122.2   139.7   287.7   365.6   420.0   463.1   512.4   563.6   631.3   764.6  1561.9  9659.1  43759.3    43736
read      324.3   196.0    74.4   124.8   143.7   291.8   367.4   415.3   453.6   499.4   553.9   629.8   772.4  1177.8  6816.7  81656.7    81903
read      322.7   224.0    68.9   124.3   143.0   292.2   368.1   414.5   450.6   494.3   546.8   618.6   755.3  1066.9  7828.4  80410.0    80570

Total QPS = 50091.1 (39071068 / 780.0s)

Total connections = 64
Misses = 0 (0.0%)
Skipped TXs = 0 (0.0%)

RX 9650554043 bytes :   11.8 MB/s
TX          0 bytes :    0.0 MB/s
Warning! Detected max cpu usage > 95%
CPU Usage Stats (avg/min/max): 100.00%,49.49%,100.00%
