Random waveform, supplied seed
Total number of intervals = 520 (7434, 67201, 85927, 63953, 31595, 87879, 7287, 62295, 6561, 22532, 60653, 59076, 60154, 22964, 8172, 27652, 37594, 24367, 33771, 84944, 85666, 51918, 34406, 28664, 38289, 20658, 13840, 93419, 98284, 71313, 42089, 46458, 30755, 42889, 93552, 65694, 29574, 51355, 67361, 16287, 81508, 87619, 99068, 51267, 11822, 97494, 97350, 55460, 85984, 82043, 52873, 13911, 49984, 9274, 27187, 18735, 86505, 93039, 75999, 32324, 84255, 81759, 37291, 53818, 30297, 31569, 38927, 10652, 98119, 48176, 34929, 69735, 20753, 84642, 42333, 61587, 77998, 97625, 23781, 66723, 31016, 47394, 95335, 5252, 65908, 16889, 42912, 99898, 26385, 22616, 50605, 90283, 26273, 48521, 34058, 75648, 19482, 15054, 75754, 5187, 17656, 96343, 36665, 85269, 31525, 61798, 12253, 25710, 79937, 7271, 85861, 91467, 72217, 31080, 76878, 84584, 12492, 57106, 96245, 6791, 90728, 5151, 82969, 42635, 99337, 95192, 69200, 49459, 29055, 64324, 5705, 84816, 23714, 74116, 19948, 44213, 19454, 7190, 47657, 44399, 6481, 5807, 83137, 9580, 37385, 33706, 35204, 50438, 48878, 42682, 27416, 64424, 64364, 5481, 26227, 26586, 86286, 24452, 26832, 29795, 46224, 84587, 63389, 46953, 90536, 12508, 38491, 97806, 11813, 39665, 53571, 63215, 78767, 8615, 67903, 16398, 53434, 38068, 9130, 69227, 37496, 83925, 51037, 33690, 51474, 73708, 98618, 81977, 91567, 48236, 91726, 52458, 70467, 71151, 65016, 42057, 78821, 60720, 39911, 10628, 73736, 7334, 91868, 76670, 10405, 26019, 55530, 29615, 66057, 55281, 21177, 88239, 70227, 23421, 97104, 6235, 58045, 23729, 40897, 53312, 87262, 81836, 92274, 47252, 75747, 80994, 98224, 7737, 37514, 10640, 90490, 92514, 89245, 73823, 46565, 21419, 66915, 31667, 72255, 99535, 9226, 67844, 71413, 97328, 55113, 53743, 15253, 90605, 25767, 93458, 95080, 88399, 95681, 33003, 98809, 64610, 51183, 20194, 7602, 46677, 5577, 23035, 57516, 62851, 38431, 25729, 19443, 19461, 42341, 5691, 40223, 29941, 41162, 43863, 20318, 93421, 48578, 40595, 17677, 78948, 9703, 9686, 7968, 15830, 8192, 79410, 76582, 54634, 72177, 15101, 8167, 44130, 53047, 97171, 81360, 77277, 38294, 11165, 74155, 12255, 52404, 17057, 6005, 85707, 79742, 58322, 26212, 69487, 29507, 51412, 67374, 55125, 53048, 12192, 36138, 60799, 36368, 39729, 95693, 40999, 65037, 12633, 50117, 62765, 12379, 49369, 39111, 52692, 24539, 61591, 47864, 16479, 75268, 8714, 13002, 77147, 43518, 27206, 55859, 37448, 45026, 99974, 64632, 49061, 80418, 16471, 35694, 13935, 79838, 48842, 17708, 31401, 62091, 87121, 81929, 42013, 90709, 67578, 58116, 68886, 93119, 95079, 77456, 15723, 9867, 8176, 89745, 11058, 81413, 21659, 27181, 17420, 23028, 33694, 32735, 57645, 45216, 57659, 85443, 14390, 31520, 67089, 16537, 18930, 46784, 93102, 89799, 66551, 93104, 43768, 54006, 64618, 86482, 77459, 61365, 52346, 87286, 17384, 98165, 63330, 5866, 37693, 75360, 34753, 59823, 68266, 39383, 65072, 33192, 51847, 62362, 84073, 64213, 27059, 54703, 98366, 29565, 75000, 62235, 47788, 68928, 36478, 76067, 47020, 81656, 16396, 21661, 50156, 54102, 65670, 17584, 30347, 21534, 10216, 80544, 45508, 21591, 15435, 14502, 16369, 42077, 38334, 17694, 75056, 53845, 13319, 77808, 44423, 25669, 66463, 35396, 33885, 11712, 51485, 59378, 94757, 71707, 6184, 52631, 31188, 92326, 78268, 78655, 29798, 96196, 39289, 13806, 86543, 67095, 15164, 21544, 80587, 90870, 18274, 33727, 11433, 17009, 61531, 77691, 75329, 79936, 74872, 7464, 12219, 19906, 18108, 6498, 5794, 54376, 12545, 86110, 9730, 82140, 78511, 68231, 11420, 89777, 75189, 96119, 69998, 79345, 21991, 99920, 15067, 96201, 28442, 23738, 9437, 97039, 39843, 11616, 56350, 24650, 33825, 54193, 76287, 30507, 43736, 81903, 80570)
Average QPS expected = 50130
Timestamp start: 1715810396280
Timestamp end: 1715811177330

#type       avg     std     min      p5     p10     p50     p67     p75     p80     p85     p90     p95     p99    p999   p9999      QPS   target
read      548.9  1668.9    86.8   146.3   178.2   335.9   391.0   425.8   454.3   492.9   548.6   830.9  5053.4 28355.5 31855.7   7399.3     7434
read      460.8   771.6    74.4   138.5   161.1   351.2   442.7   499.7   544.4   602.4   681.5   872.0  2931.3  7430.6 31719.8  66721.3    67201
read      364.2   282.9    74.4   133.7   155.7   326.6   406.9   456.6   495.5   542.5   602.1   691.5   930.9  3391.8  9369.8  85866.0    85927
read      382.1   307.3    74.4   131.7   152.4   338.8   426.6   477.9   516.5   563.0   624.4   723.8  1373.5  2865.4 11440.9  63900.0    63953
read      363.4   281.1    74.4   127.6   146.3   327.2   419.2   476.8   517.0   558.0   603.1   669.2   903.7  2423.4 10714.4  31665.3    31595
read      375.0   405.1    74.4   134.7   156.8   327.5   410.3   460.2   499.1   547.4   615.1   716.4  1039.0  4580.3 16046.1  87438.0    87879
read      387.6   936.8    80.4   140.0   166.2   306.7   350.1   377.5   396.6   421.3   457.2   539.6  2319.0  9997.8 32081.9   7344.0     7287
read      430.1   514.7    74.4   134.9   157.3   351.7   448.2   505.3   549.6   606.8   686.7   881.2  2021.5  5237.3 17222.9  61787.3    62295
read      421.0  1190.4    86.8   148.7   180.3   314.5   356.5   381.5   401.0   425.6   462.6   544.7  2989.1 20190.2 37017.8   6536.7     6561
read      554.8  1355.6    74.4   124.8   146.1   363.9   509.5   598.8   661.2   732.9   828.1  1029.4  5621.4 30359.0 33932.7  22506.7    22532
read      472.0   687.9    74.4   134.9   157.7   346.8   443.3   508.2   560.8   629.0   742.9  1397.6  2333.9  7948.5 31067.5  60465.3    60653
read      369.0   327.6    74.4   128.1   147.4   323.7   407.6   459.4   499.4   546.1   605.7   699.8  1355.8  2699.2 10853.0  58702.7    59076
read      367.0   245.0    68.9   131.0   151.4   333.7   421.1   472.6   512.7   559.4   616.7   695.1   940.7  1827.7  9740.4  60165.3    60154
read      367.7   280.3    74.4   125.3   144.1   324.9   424.5   482.0   519.1   560.6   614.4   724.0  1010.0  2658.2  7993.0  23232.0    22964
read      386.3   422.8    86.8   142.4   173.9   346.6   408.8   443.3   468.9   500.2   538.0   598.8  1506.4  4624.0 20151.5   8178.7     8172
read      461.5   810.1    74.4   126.7   145.8   339.4   466.1   539.9   589.4   658.0   789.1  1009.3  1763.5 13045.1 29588.4  27498.0    27652
read      367.0   324.6    74.4   127.5   146.4   327.0   412.7   468.0   509.2   556.1   608.1   684.3  1015.4  2402.4 15180.8  37438.7    37594
read      379.3   331.1    74.4   127.0   146.0   327.6   426.4   484.7   523.5   565.9   623.3   749.7  1150.1  4319.6 13092.5  24387.3    24367
read      398.6   312.2    74.4   128.4   146.9   324.4   426.7   502.8   551.4   615.2   719.7   966.9  1352.8  2147.2  7524.1  33914.0    33771
read      414.3   500.2    74.4   141.8   166.8   358.6   447.5   501.9   543.7   595.9   668.9   787.6  1269.0  5867.8 24389.8  84981.3    84944
read      377.9   237.8    74.4   137.8   161.4   342.5   427.7   479.7   520.2   569.8   632.9   732.1   987.0  1682.3  7679.0  85444.0    85666
read      413.6   494.2    74.4   132.2   152.6   346.7   437.6   494.3   537.7   588.2   652.8   771.8  1791.6  5515.2 19590.6  51924.0    51918
read      339.7   210.4    68.9   124.4   142.6   311.4   393.3   445.0   483.0   525.7   573.9   636.1   773.2  1548.3  6778.0  34404.0    34406
read      346.8   315.7    80.4   124.6   143.0   312.7   402.8   455.9   494.4   532.9   576.4   635.0   801.6  1931.9 13876.3  28544.7    28664
read      409.2   820.0    74.4   127.7   147.3   323.4   414.9   472.6   516.2   565.6   622.4   712.9  1563.6 11826.9 35253.4  38189.3    38289
read      400.0   424.6    74.4   126.9   146.6   338.9   442.0   500.9   540.2   586.8   659.0   798.7  1425.7  6441.7 12793.0  20856.0    20658
read      450.4   928.9    74.4   129.4   150.9   371.1   474.2   537.0   574.4   615.1   666.7   758.7  1440.0  8053.6 32025.7  13794.0    13840
read      580.2   581.5    74.4   178.2   230.1   459.8   546.7   632.4   724.3   848.1   992.4  1510.9  2178.2  6908.7 16079.6  92991.3    93419
read      432.1   339.1    74.4   151.4   182.5   385.8   470.6   522.0   563.6   619.0   699.3   852.9  1230.9  3531.0 12332.1  98072.0    98284
read      376.9   313.8    74.4   132.9   153.7   330.9   419.0   473.3   513.7   561.3   622.4   723.1  1161.3  2979.6 12127.6  70985.3    71313
read      373.4   307.4    74.4   131.1   151.3   332.4   417.7   470.1   511.2   560.6   618.5   696.7  1100.4  3163.8  9931.3  41805.3    42089
read      362.0   238.4    74.4   129.8   148.8   330.4   414.1   464.8   503.6   549.6   605.6   683.2   943.4  1806.9  8157.9  46474.7    46458
read      365.3   448.7    74.4   126.3   144.1   313.8   405.9   461.2   500.9   541.1   589.3   665.3  1066.1  7628.2 15536.8  30723.3    30755
read      391.4   404.8    74.4   131.2   150.8   339.6   423.5   475.4   515.6   562.2   623.4   732.9  1486.1  4932.4 11328.0  42832.0    42889
read      410.6   477.5    74.4   142.1   167.9   351.0   435.9   488.3   530.0   582.1   656.4   792.5  1476.7  4932.9 18640.9  93054.0    93552
read      384.9   327.5    74.4   133.2   153.8   333.5   421.7   473.8   514.0   563.3   627.5   738.8  1511.0  3130.2  8596.6  65950.0    65694
read      395.4   692.9    74.4   125.6   143.5   323.2   417.6   478.0   518.9   563.0   617.7   712.0  1308.7  7766.5 31559.8  29356.7    29574
read      382.2   307.0    74.4   130.3   149.6   327.3   415.7   470.2   513.0   565.5   630.2   739.8  1592.5  3045.4  8073.7  51735.3    51355
read      372.6   312.6    74.4   131.0   151.1   326.7   412.3   462.4   502.5   551.1   613.6   714.1  1337.9  2519.3 10227.0  67350.0    67361
read      422.1  1051.9    80.4   130.8   151.1   343.1   425.5   471.1   504.7   546.2   595.0   689.3  1536.5 11567.5 42246.0  16294.7    16287
read      593.1   657.2    80.4   156.6   198.5   435.4   537.9   632.5   736.6   868.7  1261.9  1706.2  2291.1  6311.8 29251.7  81073.3    81508
read      375.3   307.6    74.4   134.5   157.1   335.3   419.7   469.3   508.3   556.7   619.7   720.5  1049.8  2372.7 11029.9  87724.0    87619
read      367.0   241.3    74.4   135.8   159.2   327.9   406.6   456.0   493.6   541.7   607.1   710.9  1066.5  1967.2  5776.5  99532.0    99068
read      363.3   429.8    74.4   127.1   146.6   323.2   404.2   453.0   490.5   535.2   588.8   668.9   964.8  5037.7 17708.3  51392.0    51267
read      369.7   436.9    80.4   128.9   148.2   333.3   396.5   433.7   464.4   501.8   549.3   631.8  1142.9  4911.0 16528.3  12011.3    11822
read      591.3   546.4    80.4   223.2   286.2   478.7   569.1   656.1   747.7   847.1   962.3  1300.6  2040.9  6456.4 19266.2  97465.3    97494
read      380.9   340.5    74.4   137.2   161.0   334.6   412.2   461.1   501.5   551.2   624.8   737.7  1302.6  2878.7 14760.3  96974.7    97350
read      361.4   395.9    68.9   127.3   146.5   324.4   407.7   457.5   495.9   539.7   590.9   673.4   918.1  4715.8  8729.1  55264.0    55460
read      373.0   249.1    74.4   136.4   158.8   334.2   420.2   471.9   512.0   560.1   622.9   725.8  1010.5  1760.3  8281.3  86055.3    85984
read      367.8   370.6    74.4   131.6   153.7   327.6   410.0   459.8   499.3   547.4   611.6   705.9   960.8  3623.2  8341.6  82522.0    82043
read      361.3   276.8    68.9   128.2   147.1   326.9   411.0   461.7   499.9   544.5   597.7   681.8  1031.1  2177.3 12217.0  52810.7    52873
read      377.0   378.9    74.4   127.4   147.1   340.6   408.8   450.8   482.8   521.1   570.0   652.8  1331.3  6279.9  7487.4  13917.3    13911
read      356.9   244.5    74.4   127.3   146.4   328.9   409.2   457.5   496.2   540.4   590.9   670.5   912.1  1757.7  7852.4  49514.0    49984
read      365.3   476.5    80.4   136.6   160.6   321.5   370.2   398.1   420.9   449.1   487.0   561.6  2039.7  4328.8 13815.0   9262.0     9274
read      412.7   597.7    74.4   123.4   142.1   325.8   431.2   499.2   546.3   609.1   724.9   927.4  1426.7  9277.1 30570.9  27026.0    27187
read      437.5   806.1    80.4   126.1   146.2   351.6   452.3   510.9   549.3   602.2   680.8   818.1  1959.9 12122.8 31546.5  18938.0    18735
read      489.5   461.5    74.4   145.2   174.4   376.6   468.9   536.5   593.9   676.2   817.6  1490.3  2138.0  4052.2 10138.8  86014.7    86505
read      376.5   273.9    68.9   135.4   159.3   335.9   419.4   468.6   505.6   551.0   618.6   729.3  1131.4  2554.5  8825.1  92672.7    93039
read      359.4   253.8    68.9   129.7   150.6   324.1   407.5   458.9   498.0   544.3   602.9   691.3   931.5  1885.0 12137.4  76272.0    75999
read      353.1   289.8    74.4   123.5   141.7   314.7   400.2   456.0   497.1   538.9   585.2   652.7   999.9  3999.0  7873.4  32543.3    32324
read      365.1   301.3    68.9   132.0   153.5   325.2   409.2   461.1   499.7   546.0   609.6   705.0   972.6  1791.5 11510.6  83542.7    84255
read      407.5   368.9    74.4   140.0   164.8   358.1   447.6   500.9   541.6   592.5   668.4   799.2  1427.7  2529.7 13099.6  81924.0    81759
read      363.2   245.1    80.4   128.4   146.9   333.8   417.5   468.7   507.8   553.1   606.7   679.8   972.5  1801.8  6514.6  37241.3    37291
read      366.7   275.1    74.4   128.3   148.0   327.5   411.4   462.8   503.4   552.1   608.2   690.4  1197.3  3143.2  9676.8  53563.3    53818
read      347.6   220.1    74.4   125.3   143.6   315.2   403.8   458.4   497.2   538.3   582.9   642.2   860.1  1566.0  8902.9  30131.3    30297
read      351.6   295.3    74.4   124.3   142.4   317.4   401.3   452.5   490.9   534.2   583.1   649.5   871.8  1876.7 12501.3  31554.0    31569
read      371.1   563.4    74.4   125.5   144.2   321.2   404.0   456.6   497.1   541.9   593.1   668.7  1013.8  9231.2 31515.6  38915.3    38927
read      350.7   340.5    80.4   134.0   155.5   327.8   384.0   413.0   435.0   464.6   504.9   579.7  1097.6  2546.4 10571.1  10748.0    10652
read      382.1   261.2    74.4   141.9   166.8   345.2   428.1   478.3   515.7   563.9   629.7   737.9  1039.8  1760.3  8563.3  97982.0    98119
read      360.5   249.6    74.4   127.7   146.3   330.3   411.4   462.5   503.2   548.5   601.5   678.1   917.1  1953.1  8109.2  47991.3    48176
read      357.5   384.1    74.4   124.5   142.4   316.1   401.3   456.3   497.7   540.2   589.5   661.2   924.1  4651.5 12687.4  34925.3    34929
read      349.5   207.4    68.9   128.3   147.3   317.5   402.5   451.7   489.9   535.4   589.7   673.8   904.4  1533.9  5251.7  69348.0    69735
read      367.6   322.3    74.4   122.6   141.9   326.3   416.6   466.4   500.7   540.5   595.7   731.7  1083.2  3959.5  9464.7  20820.0    20753
read      535.2   544.8    74.4   151.2   186.5   409.7   510.7   583.5   648.8   750.7   973.7  1567.1  2121.0  4277.0 15582.1  84752.0    84642
read      380.1   484.9    74.4   127.7   147.0   335.2   419.3   469.2   508.1   552.6   608.9   692.4  1073.2  5630.8 26236.2  42624.7    42333
read      369.5   275.8    74.4   129.6   149.6   333.9   420.7   471.0   508.5   553.0   610.4   695.2  1021.8  2452.5 10232.5  61976.0    61587
read      391.9   569.9    74.4   130.6   152.0   326.9   410.9   463.6   504.7   554.9   623.6   739.7  1542.4  7767.3 27193.6  77835.3    77998
read      426.9   543.3    74.4   143.6   171.7   361.3   445.7   497.7   538.7   591.5   674.9   831.8  1610.3  7163.3 28614.9  97816.7    97625
read      377.9   391.2    74.4   122.1   141.5   320.2   419.7   478.5   521.0   567.1   636.0   784.9  1152.2  3806.6 12619.0  23676.0    23781
read      428.5   490.7    74.4   132.8   155.0   337.2   430.1   490.5   538.4   596.2   686.7  1026.6  1997.2  4398.9 13763.9  65972.7    66723
read      344.7   235.1    74.4   123.1   141.3   312.4   398.9   452.1   492.1   534.1   578.9   644.8   811.4  1588.9  8574.8  31034.0    31016
read      351.0   265.9    74.4   125.4   144.7   321.8   401.4   449.7   486.9   533.0   585.8   663.8   870.3  1855.7 11017.1  47578.7    47394
read      379.0   320.3    74.4   136.4   159.7   336.5   416.4   465.9   506.5   557.5   625.7   738.2  1099.6  2795.9  9607.2  95010.7    95335
read      354.1   759.1    86.8   156.8   188.4   297.4   334.2   356.4   373.8   395.6   426.8   508.2  1414.3  9779.1 31576.0   5248.0     5252
read      362.6   252.7    68.9   129.9   149.7   326.7   413.6   465.7   505.0   550.3   608.5   689.3   973.0  1943.7  9529.1  65104.7    65908
read      384.9   439.2    74.4   126.5   146.7   341.1   424.2   470.7   501.6   538.9   588.5   690.3  1115.4  7928.1 12169.4  17068.7    16889
read      393.1   637.0    74.4   128.2   147.4   338.8   421.9   473.3   513.2   558.3   613.7   692.6  1199.0  8143.0 35698.6  42592.7    42912
read      412.8   303.4    74.4   150.2   180.0   370.4   456.1   506.6   547.1   598.7   676.5   808.4  1161.6  1974.9  7939.2  99771.3    99898
read      368.3   347.2    74.4   124.1   142.6   319.2   418.0   475.9   513.8   555.9   611.4   712.5  1156.1  2709.5 16806.4  26268.7    26385
read      394.8   434.0    74.4   124.2   143.7   326.7   426.8   484.1   523.8   568.2   633.7   796.6  1480.1  5187.6  6433.5  22572.7    22616
read      423.1   495.8    68.9   128.3   148.8   333.2   426.6   488.6   537.5   599.8   688.3  1073.2  1842.6  4962.3 13023.6  50552.0    50605
read      377.8   576.5    68.9   131.1   152.7   317.9   401.3   451.0   488.0   533.5   593.9   691.2  1197.5  6702.2 30540.6  90181.3    90283
read      376.2   352.5    74.4   128.4   147.2   328.0   418.0   472.2   509.9   550.2   602.2   680.8  1326.6  5236.6 11305.9  26330.7    26273
read      368.0   293.0    68.9   128.6   148.1   332.7   419.3   471.0   510.3   557.2   611.4   687.7   963.2  2737.9 10858.6  48411.3    48521
read      368.6   435.0    74.4   125.7   144.7   322.4   407.6   464.5   506.7   549.7   600.5   676.5  1079.7  5552.9 10949.4  34340.0    34058
read      379.2   266.5    68.9   133.4   154.7   340.3   427.5   479.5   520.1   568.6   630.0   732.1  1076.7  2590.1  9813.2  75442.0    75648
read      370.3   318.1    80.4   123.1   142.7   326.2   417.6   471.5   506.6   551.0   615.8   743.1  1092.6  2879.6 10291.5  19687.3    19482
read      436.5  1237.8    74.4   124.8   145.7   332.6   404.0   446.9   478.7   521.4   577.6   676.4  2643.0 12662.8 62084.8  14782.0    15054
read      458.0   430.6    74.4   138.0   162.0   361.8   454.3   519.3   573.9   641.3   748.9  1364.6  1963.8  3164.4 13268.3  75451.3    75754
read      372.6  1113.9    86.8   152.3   179.9   288.7   324.0   344.9   363.0   384.9   415.8   486.0  2150.9 26087.3 34102.3   5246.7     5187
read      511.6  1289.5    74.4   125.7   146.2   353.8   462.0   527.3   576.6   636.1   709.1   854.8  3450.9 17491.6 32224.3  17456.7    17656
read      410.9   461.8    74.4   140.4   165.8   349.6   434.7   487.0   528.5   581.0   654.9   791.4  1383.1  7015.7 10826.1  96072.0    96343
read      360.5   279.8    74.4   123.9   143.0   324.7   408.0   460.2   500.1   543.0   592.3   670.2  1073.6  3086.8  8972.4  36548.0    36665
read      383.4   301.4    74.4   135.7   158.3   341.2   425.6   475.4   515.6   564.5   630.3   742.8  1114.3  3417.9  8511.3  84759.3    85269
read      344.9   258.8    68.9   121.6   139.8   310.2   397.0   451.8   492.6   533.9   579.6   643.7   849.4  1984.1 12189.3  31729.3    31525
read      369.0   367.9    74.4   129.4   148.9   329.9   420.0   470.5   508.8   554.3   611.2   691.9   995.3  3773.0 14150.7  61848.0    61798
read      358.2   371.1    74.4   129.4   150.1   330.8   394.4   433.2   464.7   501.9   547.7   628.7   909.5  3655.1 14100.2  12430.7    12253
read      453.2   584.4    74.4   125.6   146.6   338.5   457.1   539.8   610.0   717.8   849.4  1022.9  1738.6  7690.8 14601.2  25541.3    25710
read      380.0   400.5    74.4   130.4   152.4   331.4   416.5   468.8   508.7   557.1   622.2   728.0  1158.7  5626.1 10534.7  79392.0    79937
read      352.8   634.1    80.4   140.2   168.2   310.2   356.1   382.5   402.1   428.3   462.7   522.4  1118.5  7486.2 29874.8   7384.7     7271
read      401.2   338.5    74.4   135.1   158.2   343.8   432.5   486.6   528.9   581.7   657.0   804.3  1564.4  3204.6 10062.4  85046.7    85861
read      353.9   227.7    74.4   130.9   152.7   318.3   398.4   446.7   485.0   532.4   591.8   682.4   924.1  1941.7  8414.8  91534.0    91467
read      355.7   235.9    74.4   127.3   146.9   318.2   403.1   455.8   495.2   540.7   598.1   686.4  1010.5  1738.0  6502.7  72260.0    72217
read      344.0   241.0    74.4   123.6   141.0   309.6   394.9   450.1   491.8   533.3   581.2   651.9   899.9  1455.2  5004.3  31044.0    31080
read      376.5   223.3    74.4   133.9   156.0   340.0   427.8   479.0   519.3   568.6   630.8   731.7  1056.6  2307.0  4058.0  76951.3    76878
read      365.7   256.8    74.4   131.9   153.9   327.3   410.7   461.5   500.5   546.5   610.9   709.5  1003.4  1975.2  8077.8  84751.3    84584
read      359.9   323.5    80.4   128.1   149.4   336.7   402.7   442.5   473.6   507.9   549.0   618.8   941.3  3000.3  7960.2  12604.0    12492
read      448.3   762.3    74.4   129.9   151.1   339.7   431.6   494.2   543.9   605.0   707.3  1184.6  1957.6 12059.6 31424.7  57092.0    57106
read      367.5   262.6    74.4   134.0   157.2   328.0   409.7   460.0   498.3   544.3   608.1   714.1  1064.8  1903.7  8862.6  95886.0    96245
read      399.2  1240.4    86.8   144.3   172.4   302.0   343.3   368.3   388.3   412.7   446.6   520.0  1905.3 28882.5 32517.0   6806.7     6791
read      425.0   552.3    74.4   137.5   162.8   357.9   446.7   499.8   541.2   594.1   677.2   852.8  1720.0  3424.3 28384.0  90239.3    90728
read      318.8   330.9    80.4   153.1   180.5   290.7   325.8   345.3   362.8   383.3   411.3   476.8   922.4  7690.3  8288.9   5134.0     5151
read      417.6   465.4    74.4   136.4   160.9   350.0   435.2   491.7   536.5   591.0   670.6   808.0  1831.3  4485.7 22757.3  81984.7    82969
read      362.2   281.6    74.4   125.9   145.2   328.8   411.9   464.6   505.5   552.6   606.8   683.9   944.6  2263.5  7903.4  42308.7    42635
read      367.2   267.5    74.4   135.4   159.1   329.0   410.2   458.5   495.7   541.7   605.0   710.9  1008.1  1752.1  9503.0  99415.3    99337
read      370.9   249.4    74.4   135.8   158.9   332.5   414.7   464.9   502.9   548.8   614.6   723.4  1027.8  1966.3  9184.8  95445.3    95192
read      378.5   404.0    74.4   128.9   149.0   331.2   418.5   470.9   513.1   561.3   620.6   717.9  1265.5  3113.8 19784.1  68958.7    69200
read      366.9   265.2    74.4   127.5   147.3   327.4   413.2   466.1   507.0   553.9   612.2   698.8  1148.3  2361.6  7272.7  49440.7    49459
read      353.5   411.2    74.4   122.3   140.3   313.8   402.8   457.8   498.7   538.6   582.8   646.6   897.3  4033.9 19983.4  28916.7    29055
read      395.6   509.3    68.9   131.5   152.1   340.5   431.0   485.6   525.1   573.1   635.0   742.3  1330.0  8169.7 30200.5  64302.7    64324
read      328.9   328.5    86.8   152.4   183.3   302.7   340.9   363.5   380.2   401.0   430.4   491.5  1138.6  6543.1 12085.1   5788.7     5705
read      465.4   454.9    74.4   137.3   164.3   363.0   451.2   514.2   569.4   641.1   760.9  1416.3  2112.5  3173.6 13297.6  84203.3    84816
read      360.0   360.6    74.4   121.4   139.5   310.9   402.4   455.2   492.1   531.1   580.2   673.3  1113.6  4037.3 10638.7  23929.3    23714
read      468.7   460.0    74.4   134.7   158.8   352.2   447.7   518.2   575.0   645.8   782.5  1511.7  2054.0  3206.6 10941.5  74159.3    74116
read      360.3   468.0    74.4   121.2   139.7   313.8   398.0   442.8   475.4   512.3   563.9   673.9  1299.0  5547.1 30138.8  19802.7    19948
read      354.9   279.3    68.9   125.0   143.9   320.9   404.5   456.7   497.9   543.1   594.0   671.0   897.5  1688.8 10090.0  44293.3    44213
read      362.7   274.0    80.4   123.6   142.7   330.6   423.3   472.9   507.6   543.5   591.0   692.2   945.4  1962.2 11120.8  19642.0    19454
read      406.6   770.6    86.8   139.9   172.0   328.0   379.1   411.2   436.1   467.0   506.6   586.4  2830.5  9182.3 31187.4   7398.7     7190
read      372.3   320.3    74.4   124.9   143.8   314.6   401.5   458.5   503.6   553.2   621.7   747.8  1464.7  2591.1  8431.7  47342.7    47657
read      378.2   569.2    74.4   124.0   142.9   320.6   403.6   456.8   498.0   544.8   602.8   685.4  1332.1  7962.8 30502.2  44761.3    44399
read      320.0   217.9    86.8   145.8   176.3   300.6   339.6   362.2   379.1   401.3   429.0   486.6  1095.8  2775.3  9496.4   6641.3     6481
read      337.1   369.3    86.8   154.5   185.2   304.9   343.2   365.6   383.0   405.6   439.7   515.1  1258.3  7128.4 14099.4   5768.7     5807
read      393.8   333.8    74.4   131.0   153.3   329.3   414.2   469.4   512.9   566.9   640.7   790.4  1719.3  2997.1  8348.1  82388.7    83137
read      339.0   334.5    80.4   134.5   155.9   314.1   363.9   391.7   411.5   435.1   473.0   543.1   915.1  5467.8 13499.7   9566.0     9580
read      364.1   266.0    74.4   122.5   140.6   315.8   402.4   463.2   506.9   553.4   615.2   724.3  1231.8  2332.9  7974.5  36974.0    37385
read      343.1   265.5    74.4   121.1   139.2   305.9   393.3   450.5   491.2   533.6   580.5   648.9   819.6  1566.7 10239.7  33800.0    33706
read      346.5   215.7    74.4   123.3   141.5   312.5   397.0   451.5   492.3   535.2   584.7   656.6   881.4  1611.8  7464.1  35057.3    35204
read      379.4   377.8    74.4   128.5   147.8   339.6   426.3   477.9   518.2   563.7   622.5   716.1  1154.3  4144.3 10104.4  50579.3    50438
read      359.7   299.1    74.4   126.0   144.9   323.3   405.2   456.0   495.5   541.3   597.2   676.5  1006.8  2989.9  9470.6  48838.7    48878
read      364.7   489.8    74.4   125.8   145.3   323.5   402.5   451.5   490.7   536.2   587.5   665.8   947.0  5631.3 30586.2  42755.3    42682
read      349.9   260.3    74.4   124.2   142.2   314.1   401.0   455.8   494.3   533.9   578.4   645.2  1011.5  1886.8 10643.6  27302.0    27416
read      350.1   240.2    68.9   127.4   147.0   318.7   401.7   450.6   487.8   532.8   587.8   667.2   874.6  1553.7  8640.2  64609.3    64424
read      363.7   247.6    74.4   129.1   148.4   328.1   414.2   465.6   505.5   551.8   608.5   690.9  1033.8  1867.3  8578.4  64182.7    64364
read      335.1   485.6    86.8   153.3   183.2   296.5   336.7   360.0   376.5   398.1   429.7   487.5   866.6  6956.9 19219.3   5605.3     5481
read      417.7   472.2    68.9   124.3   143.3   327.8   438.0   513.4   564.1   631.8   749.5   941.0  1597.0  4372.7 12483.1  26030.0    26227
read      332.7   249.3    74.4   122.2   139.7   305.7   385.0   431.8   467.6   507.0   548.7   606.1   759.5  1516.7 10669.0  26571.3    26586
read      429.7   560.3    74.4   140.2   166.6   358.9   447.6   502.4   544.0   597.6   680.1   835.7  1574.7  6605.0 27900.9  86220.0    86286
read      379.2   353.6    74.4   125.6   145.5   322.4   412.4   470.2   512.3   559.2   628.2   780.8  1152.8  4369.1 12275.3  24520.7    24452
read      379.7   502.1    74.4   123.0   141.9   314.7   403.0   461.8   504.6   554.7   628.1   789.8  1183.3  5557.0 16221.6  26935.3    26832
read      348.8   241.4    74.4   125.4   143.9   316.7   398.0   449.4   488.2   529.5   576.1   644.3   896.5  1869.0  9816.8  29637.3    29795
read      377.6   371.3    74.4   128.6   148.7   336.0   418.1   465.7   505.1   549.5   603.6   690.3  1282.4  4563.9 11980.5  46070.7    46224
read      384.2   239.5    74.4   138.0   161.8   346.9   431.9   484.0   524.4   575.4   639.3   742.1  1026.8  1843.8  6257.2  84696.7    84587
read      363.5   255.7    68.9   129.7   150.0   333.4   419.6   467.8   502.6   544.8   599.4   682.2   931.0  2022.9  7748.3  63588.0    63389
read      380.0   274.9    74.4   130.0   150.3   347.2   428.6   477.6   514.9   559.1   615.5   704.0  1198.2  2795.7  8960.2  46888.7    46953
read      398.6   316.7    74.4   141.8   168.3   355.4   439.7   492.6   533.8   584.4   652.3   765.6  1125.7  3281.1  9440.3  90198.7    90536
read      381.3   781.7    80.4   127.3   146.5   320.2   380.3   416.6   445.0   486.3   539.6   627.3  1069.7  9875.9 31763.2  12634.7    12508
read      390.3   302.5    74.4   126.8   146.8   330.1   414.7   471.7   517.7   574.7   662.2   924.8  1419.7  2129.7  9084.7  38293.3    38491
read      459.7   495.9    68.9   158.0   194.6   405.7   490.0   540.8   583.8   642.8   736.8   892.9  1279.5  7105.3 18084.6  97568.0    97806
read      371.2   884.4    74.4   130.4   149.6   317.2   374.0   406.7   433.3   472.0   518.5   590.6  1072.1  8015.2 34630.7  11744.7    11813
read      383.5   423.6    80.4   131.1   151.8   345.1   424.2   473.2   512.1   558.1   614.5   700.6  1131.8  5442.0 24016.4  39616.0    39665
read      379.9   409.9    68.9   131.6   152.7   342.0   426.7   474.2   511.6   556.7   614.5   704.3  1096.2  3338.2 18262.0  53573.3    53571
read      400.9   456.1    74.4   134.3   156.2   356.3   448.8   502.6   540.8   587.3   646.8   743.8  1121.6  5027.0 13895.3  63124.7    63215
read      378.0   257.2    74.4   135.0   157.5   343.4   428.3   478.7   517.4   564.5   627.2   730.7  1021.4  1854.9  5249.7  78824.0    78767
read      323.2   202.9    80.4   132.7   156.6   304.1   349.4   376.2   399.2   428.7   468.8   542.2   824.9  2993.8  5072.5   8652.7     8615
read      392.8   365.7    74.4   131.1   152.1   335.9   425.6   479.4   520.1   570.1   636.4   781.5  1553.0  3130.4  8134.0  67634.0    67903
read      354.9   285.3    74.4   122.6   141.3   321.1   396.6   441.9   479.2   523.9   582.8   682.9   938.4  2000.0 12222.8  16325.3    16398
read      415.7   398.3    74.4   132.3   153.5   346.2   437.6   495.7   540.0   594.2   678.3   923.6  1703.5  3104.7 14792.8  53171.3    53434
read      384.5   423.2    74.4   129.4   149.6   341.6   420.8   468.8   507.9   550.8   607.2   699.7  1171.7  6598.8 13254.7  37920.0    38068
read      338.7   321.7    80.4   132.2   154.8   309.8   359.3   389.5   411.8   440.9   485.9   557.3  1116.6  3997.7 14554.1   9156.7     9130
read      392.8   271.8    74.4   132.6   154.6   346.7   434.7   489.1   530.4   581.1   648.0   770.5  1373.0  3335.1  5308.0  69223.3    69227
read      358.9   345.3    74.4   127.1   146.3   329.2   400.9   445.9   480.9   525.1   576.4   649.9   904.1  4494.8 12222.6  37486.0    37496
read      378.9   382.0    68.9   133.8   156.4   334.9   418.6   468.3   507.0   556.0   622.1   725.5  1067.8  2901.3 11019.3  83855.3    83925
read      356.8   197.2    74.4   127.7   147.1   331.8   410.5   456.3   492.9   536.3   589.7   672.2   943.4  1669.8  3954.9  50945.3    51037
read      345.0   233.6    74.4   125.6   143.4   317.6   389.5   435.3   475.9   521.0   571.9   641.8   895.9  1638.8 11034.0  33652.0    33690
read      371.3   231.1    74.4   130.4   150.8   345.9   429.5   477.7   513.1   556.1   612.2   690.6   943.6  1755.1  6516.3  51909.3    51474
read      354.1   217.3    74.4   128.0   148.0   321.3   403.8   452.8   490.0   536.2   593.5   681.8   939.9  1711.9  6710.4  73570.0    73708
read      416.2   253.6    74.4   153.9   186.2   377.8   461.5   511.4   551.6   605.6   682.0   802.9  1093.4  2161.9  7680.5  98692.0    98618
read      392.1   400.8    74.4   136.7   159.8   348.3   434.5   487.3   527.0   576.7   642.4   748.3  1088.1  4191.0 13587.1  82335.3    81977
read      365.5   251.6    74.4   132.4   155.2   325.8   408.4   458.3   496.6   543.4   608.0   711.6  1012.7  1873.2  8100.4  91574.0    91567
read      365.8   405.3    74.4   127.8   147.3   331.9   411.7   458.1   494.3   537.4   590.6   673.7   942.1  4060.4 20920.9  48148.0    48236
read      424.7   452.6    80.4   142.8   170.9   369.8   459.5   510.5   549.2   601.6   681.2   838.7  1326.8  5008.8 15398.3  91919.3    91726
read      384.3   510.1    74.4   130.0   150.2   345.0   428.4   475.8   513.2   558.0   613.0   695.8  1009.0  5991.7 24123.2  52577.3    52458
read      385.5   286.5    74.4   134.0   156.2   347.2   436.3   491.0   530.0   576.4   639.3   741.0  1083.0  1922.0 12018.7  70840.0    70467
read      364.4   254.7    74.4   129.5   150.1   330.9   414.4   463.4   500.0   544.8   605.0   702.7   989.6  1763.7  9696.8  71077.3    71151
read      370.5   270.3    74.4   129.5   150.0   335.3   420.6   469.5   508.0   556.3   616.8   704.3   999.8  3314.3  8400.4  65308.7    65016
read      356.5   241.4    68.9   127.2   146.8   329.4   408.2   456.3   493.1   536.3   587.8   663.1   916.2  1578.0 11326.9  41879.3    42057
read      362.4   266.2    68.9   129.5   150.4   325.9   407.0   456.7   495.1   541.7   602.9   697.2   999.8  2346.9  8324.6  79072.7    78821
read      377.2   265.5    74.4   130.4   151.0   341.0   428.4   479.6   518.5   564.3   624.0   720.4  1059.9  2667.7  9103.2  60733.3    60720
read      375.6   336.5    74.4   130.5   151.0   345.6   425.2   472.3   509.2   552.3   606.6   686.5  1006.1  3005.9 10002.3  39744.7    39911
read      365.6   590.2    74.4   132.1   153.8   318.5   374.2   405.8   428.5   459.6   507.0   591.6  1483.3  6301.6 26645.0  10666.7    10628
read      368.6   310.4    74.4   129.9   150.7   331.8   417.8   468.0   504.7   548.2   606.1   695.0   984.9  2147.9  8790.1  73362.0    73736
read      324.9   789.0    80.4   132.1   158.6   290.6   331.8   355.3   372.9   395.6   424.5   472.7  1052.5  6716.5 45839.7   7341.3     7334
read      555.8   630.4    74.4   172.9   221.4   428.8   518.3   596.7   676.9   780.2   918.0  1533.4  2228.2  5611.3 25097.8  91693.3    91868
read      385.9   301.7    68.9   134.3   157.0   343.7   432.3   485.2   524.7   572.7   640.1   749.2  1177.4  2068.7 14049.0  77016.7    76670
read      330.6   406.7    80.4   126.4   146.3   304.1   355.5   386.3   409.6   439.1   485.1   554.4   804.1  5765.4 15909.9  10653.3    10405
read      357.6   292.1    74.4   123.6   142.3   312.9   394.3   449.7   491.9   538.2   594.8   737.6  1071.3  1804.8 10690.9  26215.3    26019
read      378.6   238.4    74.4   132.3   153.5   349.1   436.6   486.7   522.0   564.2   621.9   708.3  1044.2  2049.7  4692.6  55474.7    55530
read      346.8   248.3    74.4   124.3   143.1   315.8   393.8   441.9   480.3   523.3   572.9   645.1   928.8  1794.0 10409.1  29526.7    29615
read      370.8   216.3    74.4   130.4   150.8   339.0   424.3   472.7   509.0   556.0   617.7   717.5  1044.1  1893.0  4044.8  65923.3    66057
read      374.0   379.8    74.4   129.5   150.0   337.3   420.2   468.5   505.3   548.5   603.3   688.2   987.3  3951.5 15465.1  55574.0    55281
read      358.2   275.1    74.4   125.0   143.3   314.8   394.4   443.2   480.7   527.5   600.1   744.8  1059.2  2327.0 11802.1  21181.3    21177
read      498.4   465.1    74.4   148.2   181.7   386.0   473.5   543.2   609.3   697.2   832.5  1500.0  2075.2  3244.5 12511.7  88158.7    88239
read      384.7   436.5    74.4   131.1   153.0   343.1   429.0   479.7   518.5   566.3   627.8   729.2  1075.2  3772.2 12821.0  69970.7    70227
read      372.1   300.8    80.4   127.6   146.1   330.5   416.1   470.0   509.8   552.8   610.5   729.6  1089.2  2922.9  7850.8  23188.7    23421
read      590.9   471.8    74.4   233.4   296.3   487.7   569.5   653.2   749.1   856.1   961.8  1180.6  2038.4  5455.7 12436.7  96692.7    97104
read      319.5   371.3    80.4   139.0   168.8   290.3   328.9   350.1   367.7   389.0   420.5   494.7  1424.6  4573.2 24001.9   6333.3     6235
read      354.3   252.8    68.9   127.7   148.1   326.2   406.8   453.8   488.8   532.0   583.7   654.1   902.1  1610.8  8542.3  57774.7    58045
read      361.4   364.4    74.4   123.5   141.6   312.2   392.5   441.8   478.5   522.0   579.3   713.5  1164.3  5130.2 10027.5  23959.3    23729
read      348.6   221.6    74.4   125.9   144.9   324.5   398.4   443.5   479.0   521.6   572.1   646.2   907.3  1379.4  8116.1  41019.3    40897
read      373.1   394.1    74.4   128.3   148.7   335.6   417.5   464.4   499.8   542.4   596.8   682.1   997.6  5916.1  8720.9  53498.7    53312
read      377.5   314.9    74.4   136.0   159.5   338.1   418.0   466.9   505.8   555.1   624.8   728.4  1029.3  2327.5  8787.3  87516.0    87262
read      362.9   239.5    74.4   131.8   153.0   328.4   411.3   462.1   501.0   547.1   608.1   702.5   948.9  1796.9  7740.9  82019.3    81836
read      388.3   311.7    74.4   139.2   164.1   347.5   431.0   482.0   520.7   568.7   633.9   740.6  1053.5  2639.3  9415.0  92030.0    92274
read      359.4   232.4    74.4   128.0   147.5   329.4   408.7   457.1   494.5   537.5   589.3   672.4   961.8  2561.0  7218.6  47588.0    47252
read      383.7   300.0    74.4   134.4   156.7   346.3   433.4   486.6   526.5   575.1   639.2   742.1  1028.8  1961.6 13344.1  75614.7    75747
read      370.6   259.0    74.4   131.7   153.8   336.5   420.8   469.2   505.8   550.0   612.8   713.7   991.6  2032.1  8007.4  80394.7    80994
read      377.0   272.0    74.4   138.0   162.9   339.2   419.2   466.8   504.2   550.8   618.8   733.3  1018.6  2034.0 10879.4  98060.0    98224
read      347.1   787.9    80.4   135.9   160.5   297.5   340.1   363.8   380.8   402.9   438.2   508.4  1399.1  9015.3 27281.2   7786.7     7737
read      361.0   240.2    74.4   128.4   147.3   333.5   414.5   464.9   503.7   547.4   597.5   668.9   937.4  1673.3  9591.1  37431.3    37514
read      358.2   645.5    80.4   129.9   151.2   314.3   366.8   396.6   419.5   448.6   488.7   558.9  1135.8  7892.3 30618.7  10546.0    10640
read      412.4   506.4    74.4   140.7   166.4   360.7   448.1   498.6   536.8   584.8   656.7   787.9  1196.5  6570.7 30570.4  90286.0    90490
read      393.6   313.5    74.4   138.4   163.7   351.1   435.2   486.5   525.6   574.7   643.8   771.5  1092.3  3846.7 10152.9  92814.0    92514
read      391.3   279.4    74.4   139.9   165.3   351.5   437.2   488.6   528.0   577.0   642.4   753.3  1107.3  2258.1 10079.5  89139.3    89245
read      371.6   364.3    74.4   130.5   151.7   330.4   413.9   463.9   502.3   548.9   611.0   700.1   979.9  2770.8 12373.5  74009.3    73823
read      360.8   279.1    74.4   128.5   147.8   330.4   411.7   459.3   495.9   538.7   590.4   666.1   936.8  2952.3 13979.2  46486.7    46565
read      380.2   322.3    80.4   126.6   145.2   328.2   419.9   476.6   516.5   560.3   629.4   802.0  1225.9  3797.0 10201.6  21354.0    21419
read      363.5   210.4    74.4   131.2   151.2   334.5   418.7   466.4   502.5   545.5   602.0   689.0   953.2  1641.4  5053.1  66655.3    66915
read      373.5   296.4    80.4   131.7   151.6   339.5   420.7   476.1   517.2   560.8   610.6   686.1  1083.5  2178.8 12049.8  31437.3    31667
read      365.0   237.2    74.4   132.6   153.5   331.1   418.5   468.7   505.8   550.1   607.1   696.9   951.2  1611.5  9397.1  72150.7    72255
read      454.1   391.6    74.4   160.9   198.9   408.0   490.2   540.1   584.0   646.1   741.6   882.9  1223.5  4000.2 12244.1 100137.3    99535
read      348.7   646.7    80.4   138.2   159.6   311.6   358.4   385.1   404.1   431.6   468.9   532.7   861.5  7015.4 31693.1   9199.3     9226
read      492.3   540.0    74.4   140.2   165.3   374.2   466.3   534.3   589.4   666.8   809.1  1539.2  2296.1  5244.3 14658.0  67295.3    67844
read      372.6   256.4    74.4   134.2   155.4   338.7   425.6   474.8   510.5   555.3   614.5   705.3  1004.2  2728.3  5258.1  71611.3    71413
read      390.9   365.7    74.4   142.3   168.2   348.6   430.3   479.7   518.1   567.4   633.3   748.7  1044.0  3782.9 11866.0  97516.7    97328
read      377.7   271.3    74.4   134.3   155.1   348.0   432.8   480.7   516.4   558.9   613.6   692.8  1034.7  2119.8 11014.1  55257.3    55113
read      354.6   240.4    74.4   130.2   149.7   326.3   407.9   454.3   490.2   532.7   582.9   656.5   899.0  2110.7  8067.2  54129.3    53743
read      361.3   483.1    80.4   128.1   146.3   327.6   396.9   436.2   472.8   518.9   577.4   673.2   931.8  3006.3 26941.2  15220.0    15253
read      462.9   390.7    80.4   148.2   180.0   394.7   480.0   532.9   578.3   647.3   763.7   970.4  1910.7  3816.5 12096.7  90456.0    90605
read      362.8   300.7    74.4   123.7   142.0   312.1   402.3   458.6   496.7   540.7   605.1   737.6  1157.3  3631.6  7757.7  25988.7    25767
read      634.0   600.2    86.8   242.5   306.1   495.1   586.2   699.3   810.8   922.1  1065.1  1574.5  2170.8  5814.8 19886.0  93387.3    93458
read      408.9   295.1    74.4   143.5   171.1   360.7   447.6   499.2   540.2   592.8   668.9   808.7  1358.0  3022.8  8484.8  95639.3    95080
read      391.3   268.0    74.4   140.1   164.9   353.4   439.1   491.1   530.5   578.7   642.3   747.0  1058.0  2449.5  9366.4  88436.7    88399
read      415.9   297.8    74.4   151.3   182.2   376.5   459.5   510.7   551.5   605.3   678.0   800.7  1122.1  1962.8 10232.5  95491.3    95681
read      349.1   208.4    74.4   126.3   144.7   321.2   400.3   451.1   490.6   533.1   579.7   646.0   839.4  1633.7  5280.0  32642.0    33003
read      390.4   272.9    74.4   141.7   168.2   349.2   432.3   482.6   521.0   570.1   636.7   750.7  1095.4  2719.5  7884.3  98700.7    98809
read      376.4   304.7    74.4   130.8   151.5   338.8   424.6   475.0   512.3   558.1   616.9   706.7  1121.0  2742.4 12094.8  64820.7    64610
read      364.7   285.5    74.4   128.6   148.5   335.2   417.6   465.7   503.3   547.4   600.7   677.6   906.3  1812.7 10044.9  50958.7    51183
read      361.7   366.8    74.4   124.3   143.1   318.2   397.2   444.1   480.2   522.4   577.8   686.6  1035.8  7065.2 12267.0  20230.7    20194
read      327.6   351.1    80.4   134.6   160.9   298.5   340.0   366.2   387.2   414.0   452.1   517.3   978.2  5256.7 10960.2   7585.3     7602
read      383.8   318.3    74.4   126.9   146.4   326.7   411.6   465.7   509.0   561.5   631.2   803.5  1478.8  3296.2  8166.4  46387.3    46677
read      376.8  1071.0    86.8   147.5   177.8   292.4   329.3   349.9   366.7   388.2   421.5   489.5  1779.4 26297.3 31523.8   5536.7     5577
read      407.8   472.1    80.4   125.2   144.0   330.7   434.7   502.4   553.1   621.1   726.2   890.1  1256.4  6145.6 18298.9  22760.7    23035
read      410.3   492.7    74.4   130.1   151.2   340.1   429.2   484.6   528.5   582.5   653.7   809.9  1770.6  6049.2 11431.0  57307.3    57516
read      442.0   480.9    74.4   137.8   161.1   366.7   463.4   523.1   568.1   624.6   708.8   889.0  2045.8  4536.0 17431.1  62882.7    62851
read      373.0   559.6    74.4   126.8   145.5   321.6   402.8   455.7   496.2   541.0   593.9   674.7  1050.3  9776.0 30200.8  38576.7    38431
read      391.1   324.9    74.4   127.1   146.5   329.7   427.1   488.6   531.4   584.1   667.0   855.2  1314.5  3817.1 10406.6  25418.0    25729
read      381.3   298.4    80.4   126.5   145.3   332.7   425.9   480.6   520.5   570.9   646.9   807.4  1166.5  2650.8 11119.1  19309.3    19443
read      423.8   649.4    80.4   128.3   148.5   339.2   433.9   493.2   534.8   588.5   678.8   859.5  2027.6  6206.9 31122.4  19396.0    19461
read      417.0   430.7    74.4   129.1   149.1   336.6   426.4   487.5   536.8   598.2   691.9  1039.2  1662.5  5353.8 12777.7  42887.3    42341
read      322.3   296.0    86.8   144.9   175.9   291.3   331.1   355.2   373.2   398.4   432.2   507.1  1246.3  5183.4  9589.6   5823.3     5691
read      393.6   481.4    74.4   127.8   147.8   330.9   415.4   467.9   508.4   556.2   621.3   740.8  1632.2  6518.4 18985.2  39932.7    40223
read      357.6   274.8    74.4   126.2   145.0   322.0   405.7   459.0   496.3   536.9   584.7   660.2  1002.7  3586.3 10091.4  29928.0    29941
read      351.9   281.1    68.9   126.3   145.2   321.5   398.8   446.7   485.4   529.9   581.5   658.1   942.6  1730.4 10184.2  41208.0    41162
read      369.3   437.1    74.4   126.7   146.1   328.5   408.7   456.8   492.8   535.0   588.2   674.8  1004.4  5999.1 11045.5  43607.3    43863
read      393.7   654.4    74.4   125.8   144.3   328.6   416.8   467.8   504.8   546.5   613.3   756.1  1365.6  8027.8 30892.0  20216.7    20318
read      587.3   613.9    74.4   176.1   224.5   437.7   538.6   638.4   738.8   853.6  1062.5  1614.1  2358.8  7567.8 21766.1  92673.3    93421
read      347.0   240.3    74.4   126.7   145.3   322.2   398.6   443.9   479.0   522.5   574.0   645.4   856.5  1554.9  6254.8  48623.3    48578
read      370.0   403.5    74.4   126.8   146.5   327.6   408.1   458.0   497.3   541.9   595.4   679.3  1125.0  4373.7 11505.8  40312.0    40595
read      331.2   221.9    74.4   125.4   143.3   317.4   387.8   425.4   453.2   484.9   522.4   577.1   713.1  1613.8  8218.7  17556.0    17677
read      361.5   232.9    74.4   131.4   152.3   327.0   409.3   458.6   495.4   540.4   601.1   693.2   985.4  1821.0  8191.7  78923.3    78948
read      323.8   358.0    80.4   133.4   154.2   309.7   353.3   377.5   395.9   417.5   445.5   493.1   660.1  7081.2 12690.7   9804.0     9703
read      313.9   268.2    80.4   131.3   151.9   305.8   351.3   374.0   391.4   411.5   441.1   491.7   658.2  2239.6 12480.8   9698.0     9686
read      339.7   724.2    86.8   135.8   160.0   300.5   338.6   359.9   374.9   397.5   427.1   477.2   780.8 11388.8 31554.0   8054.0     7968
read      384.4   897.7    80.4   126.1   144.1   320.0   385.8   421.9   447.7   478.0   514.8   576.4  1341.6 11881.1 32005.1  15802.7    15830
read      327.1   357.4    86.8   139.3   164.2   302.6   342.8   368.4   387.5   409.5   441.7   496.4   724.8  6425.7 10171.4   8098.7     8192
read      382.4   267.9    74.4   133.3   155.4   340.7   426.4   478.5   517.6   566.8   635.7   748.1  1147.5  2408.9  7297.5  79036.0    79410
read      374.6   444.4    74.4   130.8   152.3   332.1   416.5   465.9   504.0   549.2   610.9   703.4   983.6  3651.7 15690.0  76542.7    76582
read      373.2   226.9    74.4   131.1   151.8   343.5   427.9   477.8   515.6   561.0   618.0   699.9   992.4  2257.4  4063.9  54353.3    54634
read      373.6   286.5    74.4   132.3   153.3   335.9   422.5   471.8   510.8   556.5   617.9   720.5  1041.0  2333.1 11709.7  72298.0    72177
read      353.3   606.5    80.4   125.4   142.7   318.6   382.1   414.1   436.9   465.9   501.8   562.9   828.6  8538.8 28835.0  15301.3    15101
read      329.1   390.8    80.4   136.2   160.1   301.7   342.7   365.2   381.6   401.9   431.7   495.5   943.9  5074.5 12805.9   8198.7     8167
read      380.1   376.4    74.4   131.2   151.4   346.0   426.0   471.8   507.9   553.1   606.4   687.7  1089.7  4632.0 15547.8  43996.0    44130
read      374.3   439.0    68.9   130.3   150.3   337.1   419.5   467.5   504.0   547.7   600.9   679.9  1024.8  4369.9 15609.5  52891.3    53047
read      373.0   268.7    74.4   137.8   162.3   334.1   415.3   464.5   502.3   548.5   612.0   719.3  1044.0  1898.8 10177.7  97298.7    97171
read      365.1   251.7    74.4   132.2   154.1   326.1   408.7   459.7   498.3   544.3   607.3   704.6  1003.2  2572.6  8265.5  81492.7    81360
read      367.7   370.4    74.4   131.1   152.0   325.8   410.3   460.6   499.4   547.0   607.5   697.0   970.8  3917.2 11373.0  77542.0    77277
read      345.2   235.6    68.9   125.4   143.2   313.2   391.4   438.3   477.3   522.6   574.5   644.3   898.1  1778.0  7115.0  38364.0    38294
read      331.4   431.3    86.8   130.0   150.2   314.7   363.1   389.7   407.7   430.4   461.9   510.8   674.3  7794.3 15982.4  11144.0    11165
read      353.5   233.0    74.4   128.5   148.4   319.1   402.6   451.9   489.3   535.3   590.4   676.0   934.3  2115.6  6710.4  73808.7    74155
read      322.7   304.3    80.4   126.3   144.1   311.6   365.7   394.8   415.4   438.1   469.2   523.0   679.2  4017.2 15240.8  12360.7    12255
read      356.1   246.1    74.4   127.7   146.6   328.7   409.5   456.8   493.1   537.6   591.4   670.4   919.1  1621.3  8163.1  52352.0    52404
read      341.0   325.5    80.4   126.6   144.7   321.4   393.7   429.8   456.5   487.0   523.7   581.7   819.6  4343.9 14191.5  17104.0    17057
read      314.9   389.5    86.8   145.9   176.6   288.1   321.4   340.6   355.3   373.1   400.6   459.6   840.8  8128.3 11558.1   6036.0     6005
read      375.6   334.3    74.4   133.3   156.0   332.9   416.6   466.8   505.5   554.7   619.8   722.3  1056.7  3388.2 10792.9  85576.0    85707
read      391.7   360.6    74.4   135.4   157.7   345.8   431.0   484.6   525.1   574.6   640.5   753.5  1264.4  4034.5 13350.8  79301.3    79742
read      349.9   217.4    74.4   126.8   146.1   323.2   403.3   449.4   484.5   527.1   579.5   651.4   876.7  1675.3  5656.7  58235.3    58322
read      337.5   250.9    68.9   122.4   140.1   306.6   390.5   440.2   476.6   514.7   559.3   618.8   816.6  1569.8  8810.1  26478.7    26212
read      402.5   519.3    74.4   133.6   155.4   345.8   432.3   486.4   527.2   576.3   640.6   743.2  1479.5  8349.7 16032.5  69296.7    69487
read      341.1   265.8    74.4   123.2   140.8   308.2   389.4   441.1   479.0   519.2   566.1   630.6   819.6  1881.1  7876.9  29566.7    29507
read      366.8   413.3    74.4   127.3   146.7   327.6   408.9   458.9   497.5   543.1   597.6   679.5   972.7  4701.3 17949.1  51054.7    51412
read      372.7   279.1    74.4   130.8   151.2   337.2   425.2   475.2   513.0   559.0   619.2   710.4  1012.2  2317.2 10152.5  67548.7    67374
read      378.9   305.9    80.4   133.3   153.8   346.1   435.1   486.5   524.9   570.3   625.3   706.2  1008.1  2312.6  9767.1  55196.7    55125
read      353.6   228.3    74.4   126.8   145.8   324.5   406.8   457.3   496.6   540.7   592.4   667.7   897.3  1554.3  8158.1  52945.3    53048
read      330.2   566.7    80.4   127.1   144.9   309.2   362.1   390.1   410.3   434.1   469.0   521.7   738.2  4430.5 31036.3  12352.0    12192
read      354.7   322.7    74.4   124.6   143.3   316.6   397.5   451.7   492.7   536.6   585.2   665.8  1052.8  2719.8  9930.4  36165.3    36138
read      391.5   495.3    74.4   129.6   150.5   338.6   422.5   471.3   511.1   557.1   618.3   724.0  1339.3  6501.5 20150.9  60906.0    60799
read      336.3   220.5    74.4   122.6   140.2   306.9   384.2   433.0   474.1   517.5   565.8   631.9   836.1  1494.5  8649.5  36215.3    36368
read      370.6   663.1    74.4   124.0   142.4   311.3   392.7   445.4   487.4   533.2   583.4   661.3  1068.5 10696.8 32577.1  39593.3    39729
read      359.2   254.9    68.9   133.1   155.2   321.3   401.3   450.7   489.2   536.4   595.6   691.3   962.2  1980.0  9591.5  95700.7    95693
read      338.2   233.1    74.4   122.7   140.8   308.4   387.0   434.3   471.6   517.4   567.5   634.0   829.9  1607.3  8107.8  41040.0    40999
read      344.6   210.9    74.4   125.8   144.5   316.4   399.1   447.4   483.9   526.7   579.9   652.1   847.7  1371.6  8409.2  65038.7    65037
read      323.7   314.8    80.4   126.8   145.9   309.9   362.7   390.2   409.5   434.8   469.4   519.9   685.7  6605.9 10830.4  12586.7    12633
read      343.9   208.6    74.4   124.9   143.5   316.2   397.6   445.8   483.5   527.6   578.7   644.8   810.1  1403.6  7250.2  50082.7    50117
read      347.9   222.4    74.4   125.6   144.9   316.6   397.8   443.1   478.8   522.9   577.7   656.3   925.1  2053.3  6619.3  62586.7    62765
read      322.3   508.3    74.4   122.7   139.9   301.3   351.4   379.2   399.1   423.4   457.6   518.9   896.2  4081.4 32673.8  12566.7    12379
read      343.7   182.5    80.4   125.4   144.1   319.3   398.2   443.6   478.3   521.0   572.6   644.6   847.8  1506.7  2950.3  49222.0    49369
read      343.7   224.7    74.4   123.0   140.9   316.2   392.8   439.5   476.9   519.9   568.8   638.8   870.2  1754.6  7894.0  38972.7    39111
read      357.4   219.8    68.9   127.9   147.1   326.4   410.4   459.4   495.7   538.9   593.7   672.8   953.1  1827.5  7552.5  52612.7    52692
read      343.4   286.0    74.4   123.1   141.9   313.4   398.6   449.8   485.5   522.5   563.9   626.4   808.6  1633.5 12248.9  24647.3    24539
read      378.4   530.1    74.4   130.4   150.5   336.0   422.2   471.3   508.9   552.3   608.0   688.1   984.6  5886.4 25387.7  61502.7    61591
read      354.5   209.8    68.9   127.4   146.2   326.6   406.8   456.1   496.3   542.0   595.1   677.2   909.5  1490.9  5628.9  47943.3    47864
read      331.3   316.8    74.4   125.1   143.3   317.3   385.4   421.0   446.6   476.5   512.3   567.5   738.4  1563.0 15986.9  16467.3    16479
read      358.9   260.8    74.4   128.4   148.6   324.2   409.0   457.8   494.8   539.2   596.6   685.4   960.7  1870.3  9841.9  74982.0    75268
read      321.7   435.7    80.4   132.8   155.1   291.7   332.3   355.3   371.6   392.4   419.5   465.6   729.9  9371.2 11008.1   8782.7     8714
read      320.0   250.6    74.4   124.2   142.9   309.2   363.8   393.8   415.3   440.0   474.6   529.7   681.8  2358.9  9161.7  12958.7    13002
read      351.4   201.3    74.4   127.8   147.9   318.8   401.6   450.9   489.5   536.1   592.9   682.6   910.2  1468.9  4343.2  76654.7    77147
read      336.7   223.1    74.4   122.4   140.9   309.4   385.8   433.1   471.7   519.3   570.0   635.6   799.7  1424.3  7794.3  43813.3    43518
read      348.4   359.2    74.4   124.9   143.3   315.2   399.2   450.9   488.0   527.8   573.2   636.4   871.3  2039.8  8128.5  27137.3    27206
read      361.7   220.5    80.4   128.6   148.5   336.7   421.4   469.1   504.5   546.2   599.0   677.7   866.8  1412.9  8950.9  56008.7    55859
read      347.6   239.0    74.4   124.7   143.4   319.3   398.4   446.0   484.2   529.0   579.8   648.4   845.7  1626.7  8874.9  37594.0    37448
read      352.0   216.5    68.9   125.6   145.1   323.2   403.8   450.5   486.8   530.5   581.7   658.7   923.5  2136.9  5593.5  45036.7    45026
read      400.3   312.9    74.4   147.4   175.7   361.1   442.7   491.7   530.5   579.5   646.4   766.2  1050.8  3053.2  9876.0  99951.3    99974
read      355.9   212.3    74.4   128.2   148.4   328.1   410.8   459.0   495.2   538.6   591.2   672.2   902.3  1592.4  5912.5  64213.3    64632
read      368.7   266.5    74.4   128.9   149.1   340.0   424.0   473.5   512.7   559.2   615.7   691.7   939.3  2005.0  9940.8  49407.3    49061
read      375.2   358.1    74.4   132.1   154.3   335.1   418.9   467.3   506.1   553.5   617.6   718.5  1010.1  2962.4 12650.0  80376.7    80418
read      327.7   289.4    74.4   123.0   140.5   314.0   382.8   418.2   443.1   472.4   507.6   560.9   716.0  3101.7 14557.8  16363.3    16471
read      353.0   235.6    80.4   124.7   143.8   321.3   402.2   456.0   496.7   540.9   591.1   665.8   943.0  1510.2  9218.8  35937.3    35694
read      318.4   332.8    80.4   123.9   141.4   306.1   361.8   392.2   413.7   438.6   475.9   531.0   731.9  1697.1 11925.4  14093.3    13935
read      354.8   250.0    74.4   128.6   149.5   320.8   401.0   450.5   488.4   534.7   593.6   685.1   935.6  1927.2  9033.6  79746.7    79838
read      341.4   217.4    74.4   124.7   143.4   314.3   393.6   439.5   477.1   521.5   573.3   646.7   823.6  1396.1  4618.8  49136.7    48842
read      330.2   243.7    74.4   123.4   141.2   314.4   385.8   422.0   447.9   479.9   518.4   575.7   784.9  1578.9  9252.5  17903.3    17708
read      348.1   514.5    74.4   122.1   139.9   305.9   384.9   432.3   470.0   511.4   558.5   626.8   849.5  8135.7 30468.1  31379.3    31401
read      367.1   335.1    74.4   128.5   149.1   333.7   417.6   463.8   498.5   540.2   591.5   675.3  1001.6  3500.2 12117.9  62239.3    62091
read      343.4   197.4    74.4   128.1   149.0   313.5   391.1   436.8   472.5   517.9   574.5   660.7   880.1  1451.9  4379.4  87033.3    87121
read      350.0   224.1    68.9   127.8   148.6   316.7   397.3   446.5   484.1   530.0   587.3   672.3   898.8  2057.5  5107.5  81892.0    81929
read      344.5   256.9    74.4   123.4   142.0   315.1   391.9   440.5   479.5   521.1   570.2   644.6   851.0  3775.7  5487.8  41762.7    42013
read      360.2   213.6    74.4   134.6   157.2   328.5   409.6   459.1   496.2   541.4   599.6   691.8   898.3  1353.3  5098.3  90981.3    90709
read      348.7   238.3    68.9   125.7   145.0   316.6   398.1   445.1   481.1   525.9   580.1   659.3   912.9  1946.9  8439.8  67687.3    67578
read      356.9   239.9    68.9   127.2   146.9   328.7   411.7   459.7   495.5   537.4   590.4   671.7   910.3  1745.2  8838.8  58158.7    58116
read      361.4   277.5    74.4   128.2   147.8   327.8   413.0   464.6   502.5   547.0   602.4   685.5   963.7  1724.7 12281.5  68768.7    68886
read      360.0   230.8    74.4   132.5   154.8   324.9   404.0   454.2   493.8   540.9   600.3   695.4   960.3  1656.6  7942.4  93193.3    93119
read      363.8   259.3    68.9   134.6   157.6   328.1   410.9   461.6   498.8   542.6   600.4   693.0   928.7  1928.2  8958.1  95228.7    95079
read      353.1   436.7    68.9   125.4   145.5   312.9   394.0   442.6   479.7   524.7   579.6   659.5   863.7  5633.4 19511.1  77657.3    77456
read      323.9   259.8    74.4   122.5   140.2   309.9   374.0   408.8   431.1   458.0   493.5   550.1   720.2  3949.2  8029.9  15749.3    15723
read      320.8   342.4    80.4   130.6   150.4   302.8   348.6   373.0   391.9   413.8   443.8   497.8   661.9  6543.7 12433.5  10027.3     9867
read      311.7   312.0    80.4   134.2   156.9   293.2   334.2   357.5   373.9   395.3   424.0   475.8   703.7  4384.8 15533.2   8154.0     8176
read      385.5   390.7    74.4   135.2   158.7   338.8   424.5   475.5   515.0   563.9   629.9   742.0  1119.0  3111.8 13903.6  88720.0    89745
read      328.5   292.6    74.4   131.9   152.9   315.7   367.3   395.3   415.5   437.5   470.6   526.4   693.9  3923.4 11385.6  10982.7    11058
read      348.0   202.3    68.9   128.8   148.9   316.6   397.6   446.1   482.6   527.2   584.8   670.0   870.6  1681.3  4929.2  81038.7    81413
read      328.6   304.9    68.9   119.4   136.9   300.0   376.0   418.8   447.7   481.7   522.3   580.7   754.5  3906.2  9460.2  21892.0    21659
read      339.7   267.3    74.4   122.2   139.9   307.5   393.1   445.1   482.7   523.1   566.4   627.6   804.9  1614.1  7981.3  26980.0    27181
read      336.3   366.2    74.4   123.1   140.7   316.2   386.2   422.7   450.4   483.3   523.0   582.7   748.5  3950.7 19159.7  17600.7    17420
read      335.8   275.5    74.4   122.2   139.6   309.6   394.1   441.4   476.1   509.3   545.7   601.4   746.9  1678.3 10165.2  23084.0    23028
read      336.2   293.8    74.4   121.0   138.0   302.0   383.5   434.5   474.4   516.6   563.5   628.4   782.7  1576.2 12896.7  33865.3    33694
read      364.2   567.4    74.4   123.6   141.6   318.4   396.0   447.1   488.0   532.0   581.2   654.7  1001.2  7136.3 31208.2  32776.0    32735
read      365.9   292.0    80.4   128.3   148.5   335.5   421.6   470.3   507.0   550.5   606.8   688.3   982.9  1726.5  9997.8  57868.0    57645
read      364.7   273.4    74.4   129.3   149.6   335.6   415.6   461.3   497.2   541.0   594.0   672.0   927.2  4041.5  7445.4  45266.0    45216
read      355.7   258.5    74.4   125.4   145.1   322.5   403.9   452.7   489.9   533.7   587.0   670.6  1003.2  2178.2 11126.7  57585.3    57659
read      359.2   242.2    74.4   131.0   152.6   324.2   406.3   457.5   496.4   542.1   600.0   688.8   922.3  1703.8  8187.5  85181.3    85443
read      315.8   245.2    80.4   123.4   140.7   304.8   363.7   394.4   416.2   441.4   475.7   526.0   692.4  2355.3  9813.2  14388.0    14390
read      340.5   200.2    74.4   122.7   140.8   309.9   393.2   444.0   484.3   525.2   572.7   638.3   885.3  1487.8  5184.9  31517.3    31520
read      365.2   260.6    74.4   129.7   149.2   332.4   418.3   468.0   505.8   551.0   608.0   691.5   951.6  2263.6 10244.6  66740.0    67089
read      331.8   207.1    74.4   124.6   143.2   319.3   392.3   429.7   455.4   485.2   522.5   571.8   711.9  1455.9  7849.8  16533.3    16537
read      333.8   238.1    80.4   122.8   141.5   315.2   390.3   429.3   457.8   490.3   528.5   585.9   792.7  1724.8 10303.1  18777.3    18930
read      367.2   493.8    74.4   125.7   145.2   324.5   403.3   452.1   489.3   532.2   585.3   665.3   959.6  7768.3 17542.4  46817.3    46784
read      373.3   239.5    74.4   136.2   159.5   337.8   421.9   470.8   510.2   557.2   619.8   719.7   990.5  1758.6  6519.4  92581.3    93102
read      381.4   295.9    74.4   136.1   160.4   339.7   422.3   472.6   510.7   559.6   627.5   735.2  1096.8  2832.7  8624.0  90071.3    89799
read      360.7   292.8    74.4   128.2   148.1   329.3   413.4   462.5   498.5   541.4   594.9   677.1   904.1  2310.4  8137.3  66872.7    66551
read      380.6   347.1    68.9   136.0   159.3   339.1   421.9   470.9   509.5   558.2   622.9   727.4  1017.1  3909.8 11104.6  92861.3    93104
read      353.3   286.9    74.4   125.7   145.2   324.5   403.8   450.4   486.8   529.1   580.2   652.0   858.9  1879.5 12331.2  44074.0    43768
read      366.5   282.3    74.4   127.8   147.8   332.1   414.7   462.5   498.9   543.6   600.3   690.7  1078.9  2353.7 12395.6  53916.0    54006
read      349.1   262.9    74.4   125.6   144.9   320.5   401.8   448.1   482.4   526.2   578.9   654.0   873.1  1759.4  9572.8  64580.0    64618
read      355.4   316.1    68.9   128.9   150.3   317.6   397.6   445.8   482.1   527.8   587.5   679.5   937.1  1911.1 16230.4  86886.7    86482
read      342.8   275.0    68.9   126.3   146.0   309.9   389.9   436.1   470.8   514.1   570.6   648.5   864.2  1874.0 12145.1  77408.0    77459
read      346.0   229.2    74.4   125.0   143.8   316.6   396.2   441.8   476.1   519.6   572.3   647.4   917.3  1802.1  8122.5  61471.3    61365
read      373.3   356.9    74.4   129.1   148.5   335.5   419.3   467.1   505.3   552.2   609.7   687.7   990.0  4828.7 10304.5  52495.3    52346
read      360.4   275.2    68.9   131.4   153.0   324.1   407.0   456.9   495.0   539.8   597.8   693.2   941.8  1785.6  8048.5  87013.3    87286
read      339.5   523.3    74.4   121.0   138.5   306.8   378.6   414.8   441.7   471.0   508.6   569.9   770.6  6788.3 35459.5  17627.3    17384
read      370.1   272.8    74.4   135.6   159.8   331.3   413.8   462.9   499.7   545.4   607.4   711.9  1004.5  2237.7 10072.8  97737.3    98165
read      359.2   310.9    74.4   127.7   147.4   329.0   412.3   460.9   498.6   542.5   595.5   673.3   894.0  2329.0  9409.2  63198.0    63330
read      300.0   363.3    80.4   141.5   168.3   277.9   313.0   333.2   347.3   365.9   392.5   446.9   676.6  6502.0 22354.5   5842.0     5866
read      336.4   280.6    74.4   122.5   140.5   309.1   384.4   432.4   470.5   514.9   563.8   628.0   781.8  1465.4 11558.7  37436.7    37693
read      356.8   251.8    74.4   129.0   149.2   321.9   405.8   455.1   493.0   539.2   595.2   684.9   932.9  1589.9 10811.1  75464.0    75360
read      347.3   290.0    74.4   124.2   143.0   316.8   394.8   445.5   486.0   530.4   580.8   651.3   859.0  1631.6  9273.3  35016.0    34753
read      344.6   201.3    74.4   125.2   144.5   316.0   394.2   439.4   475.4   519.9   573.7   653.7   924.3  1713.3  4943.7  59676.7    59823
read      356.7   210.0    68.9   127.6   147.6   325.2   411.1   460.1   497.8   541.6   595.5   684.6   934.9  1615.5  4725.4  68012.7    68266
read      368.3   447.4    74.4   124.9   143.7   323.9   402.3   450.8   488.7   533.2   586.7   671.5  1002.8  8046.0 11925.0  39490.7    39383
read      369.8   328.3    74.4   129.7   150.2   333.0   418.1   467.3   503.1   546.1   603.0   691.4  1001.8  3627.1  8726.9  65023.3    65072
read      349.5   205.3    74.4   125.8   144.4   325.5   402.3   451.9   491.2   534.6   583.0   647.8   853.8  1508.8  4765.7  33042.0    33192
read      347.4   213.4    74.4   124.8   143.8   317.7   400.4   449.4   486.5   531.5   585.9   663.1   865.3  1656.9  4536.9  52064.0    51847
read      356.1   256.0    74.4   127.4   146.3   321.2   401.8   449.7   485.9   530.1   585.9   673.7  1017.5  2799.0  8091.2  62650.0    62362
read      364.2   251.8    68.9   130.7   153.1   329.7   414.1   462.6   498.2   542.6   604.5   705.7   952.9  1723.5 10647.0  83725.3    84073
read      362.3   278.8    74.4   128.6   148.5   331.4   413.6   461.8   499.3   544.3   598.3   680.4   922.8  1996.0 11792.1  63770.7    64213
read      330.3   206.0    74.4   120.4   137.3   302.2   386.9   436.6   473.6   510.3   551.6   613.0   758.8  1449.1  5977.9  27012.7    27059
read      358.0   244.7    68.9   127.2   147.4   327.7   410.6   458.9   496.4   540.1   592.2   670.4   905.2  2858.8  9042.2  54724.0    54703
read      358.8   231.9    74.4   133.9   157.7   325.1   405.7   453.4   488.5   531.1   588.4   682.2   930.5  1583.6  8507.8  98484.7    98366
read      343.3   255.0    74.4   123.4   141.7   315.3   394.4   443.7   481.4   522.2   568.0   630.3   797.9  1532.2  9989.8  29771.3    29565
read      385.2   476.8    74.4   130.6   152.1   335.0   422.9   475.6   515.8   564.4   625.7   729.7  1210.0  4031.0 20755.6  74717.3    75000
read      351.3   231.6    74.4   126.4   145.9   322.8   403.3   450.2   486.3   528.9   582.9   666.3   908.8  1596.6  8087.6  62280.7    62235
read      347.3   256.3    74.4   124.0   142.6   315.8   395.6   442.9   481.2   526.2   580.1   656.4   900.6  1828.5  8111.0  47910.7    47788
read      345.2   216.8    74.4   125.4   144.7   315.5   397.1   444.9   481.2   525.3   578.4   656.1   859.5  1616.8  7502.2  68700.7    68928
read      358.5   239.4    74.4   126.5   145.8   328.7   410.5   460.9   500.6   544.6   596.8   671.3   885.0  1873.9  8984.8  36311.3    36478
read      361.9   246.8    74.4   128.7   149.4   328.6   411.9   461.1   498.7   543.7   601.9   693.0   954.5  1683.0  9991.7  76054.7    76067
read      347.7   259.4    68.9   123.2   142.7   317.5   395.4   442.2   480.7   525.4   575.0   649.8   855.7  4180.4  9493.6  46663.3    47020
read      364.1   301.2    74.4   131.3   152.8   328.1   409.9   459.4   497.0   542.5   603.0   696.8   942.2  2668.7  9684.1  81648.0    81656
read      331.0   401.0    80.4   121.4   139.9   313.6   381.1   415.8   440.5   469.8   504.3   562.1   711.9  4605.8 18571.5  16296.0    16396
read      331.3   219.6    74.4   121.1   139.0   308.8   393.9   438.1   468.8   500.9   539.0   590.7   732.3  1685.4  7287.4  21528.7    21661
read      371.4   479.1    74.4   127.6   146.7   329.1   410.1   456.4   492.1   535.6   589.5   674.2   976.8  7898.7 12650.2  49992.0    50156
read      344.6   215.6    74.4   125.6   145.3   318.0   396.9   442.2   476.7   519.7   571.7   644.8   856.8  1591.5  5974.2  53962.0    54102
read      347.7   252.3    74.4   126.2   145.7   318.0   400.4   448.1   484.1   527.5   581.3   659.3   872.6  1510.8  9518.7  66004.0    65670
read      332.6   227.1    80.4   123.7   140.8   317.4   391.6   431.2   460.6   493.3   531.3   586.4   781.2  1491.6  9051.1  17527.3    17584
read      338.2   305.5    74.4   121.5   139.0   306.3   389.7   439.8   476.7   519.2   565.6   628.4   803.2  2015.4 11479.1  30278.7    30347
read      333.8   384.7    74.4   120.8   138.2   303.8   382.8   424.1   452.9   486.0   525.8   584.9   817.8  4231.6 16020.7  21380.0    21534
read      314.9   285.0    86.8   128.6   148.0   305.5   352.2   376.7   394.5   415.7   443.8   493.1   633.9  3139.0 10442.1  10259.3    10216
read      353.3   237.4    68.9   127.3   147.1   320.6   401.1   448.9   485.6   530.6   588.9   683.5   917.5  2285.7  7542.6  79860.7    80544
read      348.2   272.1    74.4   124.9   144.0   322.3   399.9   447.6   483.5   526.3   576.7   647.8   832.2  1490.1 11168.4  45234.7    45508
read      331.8   348.9    74.4   120.7   137.9   305.0   387.6   430.5   460.4   493.4   532.1   590.8   745.8  2096.9 17229.4  21754.0    21591
read      335.8   270.1    80.4   126.8   145.1   322.5   392.0   426.0   451.0   480.0   514.5   573.0   777.4  1911.6  7959.6  15319.3    15435
read      332.5   356.2    80.4   125.1   143.2   311.5   369.4   399.3   421.7   448.8   486.4   544.5   777.2  6202.9 11048.9  14518.0    14502
read      361.1   693.5    80.4   125.8   143.6   319.6   390.2   427.7   454.4   484.7   522.4   578.3   837.8  9574.8 31544.7  16263.3    16369
read      349.5   260.9    74.4   125.0   144.5   324.3   401.9   451.2   489.0   532.2   582.4   650.5   831.5  1397.6 12296.7  41962.0    42077
read      343.9   225.1    68.9   123.8   142.2   316.7   395.3   443.9   482.6   526.9   576.9   644.5   847.5  1529.1  7934.3  37994.0    38334
read      335.7   243.3    74.4   125.6   143.2   321.3   394.3   432.3   459.9   489.4   524.8   585.5   746.6  1789.4 12110.3  17892.0    17694
read      364.9   371.1    68.9   129.0   149.6   324.4   408.5   458.7   496.8   542.4   602.8   701.4   990.9  2625.7  8918.5  75138.7    75056
read      366.6   270.3    74.4   131.9   151.4   334.3   418.7   469.6   509.7   554.5   608.3   685.8   917.9  2671.5  9603.9  54184.0    53845
read      332.2   382.9    80.4   129.3   147.2   314.7   373.4   400.4   422.5   449.2   483.9   537.3   681.2  6223.7 12438.9  13312.7    13319
read      370.4   334.2    74.4   132.8   153.4   325.1   409.6   461.4   500.1   546.7   606.8   707.5  1120.5  3571.8 10835.1  77637.3    77808
read      340.7   236.7    74.4   128.7   147.2   310.8   385.6   430.6   467.3   511.1   562.2   629.2   801.0  3155.9  5364.0  44730.0    44423
read      330.0   254.4    74.4   126.9   145.0   303.3   384.5   429.7   461.4   496.5   536.5   589.7   699.9  1891.7 11182.0  25848.0    25669
read      338.8   178.7    68.9   130.5   150.4   314.9   393.1   438.8   473.7   514.9   565.5   632.8   772.6  1083.9  4035.8  66332.0    66463
read      328.3   197.6    68.9   125.0   143.0   298.5   377.7   428.7   465.5   507.8   551.3   613.9   745.6  1379.2  6946.8  35348.0    35396
read      331.3   280.9    74.4   126.2   144.4   301.1   379.3   427.8   463.9   504.5   549.2   608.4   746.3  1684.0 12247.3  33974.7    33885
read      328.2   336.6    74.4   134.3   154.0   316.7   367.0   395.3   415.9   439.3   466.7   511.3   631.4  4794.1 14776.2  11842.0    11712
read      330.9   263.2    74.4   127.9   146.4   307.7   377.8   419.7   452.2   492.7   541.5   605.3   738.9  1441.0 10890.9  51112.0    51485
read      333.9   199.5    74.4   126.0   146.1   313.6   386.4   427.2   458.5   496.4   543.8   611.9   774.6  1432.7  9034.0  59203.3    59378
read      332.4   220.0    68.9   128.3   149.1   304.3   378.7   423.0   456.3   496.9   550.3   631.3   796.3  1076.4  8983.9  94494.0    94757
read      330.6   204.1    74.4   125.0   144.2   305.8   380.9   425.4   459.0   499.1   547.9   618.7   760.9  1490.5  7433.3  71583.3    71707
read      305.5   508.0    86.8   140.6   168.3   277.7   311.1   330.2   344.0   361.4   384.3   441.5   736.4  6403.9 20620.6   6159.3     6184
read      332.2   229.9    74.4   124.3   143.4   307.9   382.3   425.6   459.7   500.9   551.9   617.4   747.0  2128.2  7881.6  52362.0    52631
read      319.3   203.5    68.9   120.6   138.0   295.8   369.0   414.5   447.9   487.0   531.0   587.2   710.6  1447.0  7818.5  31483.3    31188
read      333.6   206.7    74.4   129.2   150.4   305.3   379.0   423.4   457.2   499.0   553.4   633.8   795.1  1089.3  6484.4  92132.0    92326
read      338.6   209.1    74.4   126.8   147.0   313.0   389.1   434.4   468.9   510.7   564.3   639.9   795.6  1142.0  8052.4  78127.3    78268
read      332.3   213.9    68.9   126.2   146.3   305.6   381.9   426.8   460.5   500.8   552.7   630.6   774.2  1113.4  8916.7  78802.0    78655
read      320.4   221.4    74.4   121.3   139.1   296.0   371.2   416.3   450.2   489.0   530.9   585.0   697.9  1408.7  9593.1  29835.3    29798
read      337.9   183.2    74.4   130.6   152.2   309.6   384.7   429.7   464.9   507.2   561.5   640.1   806.0  1127.6  5102.4  96140.0    96196
read      325.0   225.4    74.4   123.2   141.5   302.8   372.9   416.3   448.7   487.7   534.7   596.3   714.7  1156.9 10271.6  39244.7    39289
read      308.8   344.4    68.9   124.9   143.3   302.7   353.1   379.0   397.4   418.7   444.9   491.2   618.8  2515.9 19693.1  13716.0    13806
read      339.2   196.2    74.4   129.4   150.7   310.2   388.7   436.1   471.9   514.3   567.5   645.9   802.8  1135.2  4877.6  86471.3    86543
read      337.6   196.1    74.4   126.4   146.1   313.2   393.1   436.7   470.9   513.1   562.9   631.2   768.6  1099.8  7393.3  66826.7    67095
read      321.0   263.9    74.4   126.0   144.7   312.1   370.6   401.2   422.9   448.6   483.5   537.6   673.3  1735.4  9294.0  15224.7    15164
read      326.2   197.0    74.4   121.7   139.4   307.6   382.7   422.9   452.2   487.7   534.2   597.9   757.7  1509.4  8026.5  21245.3    21544
read      333.9   232.1    74.4   126.4   146.6   305.5   382.5   427.8   461.8   502.7   553.8   629.5   793.8  1433.7  8997.9  80763.3    80587
read      337.8   223.5    74.4   127.9   148.7   308.0   384.3   430.1   465.8   507.8   560.6   638.8   817.6  1640.3  9573.7  91222.7    90870
read      322.3   309.4    74.4   122.2   139.6   304.3   370.1   404.7   430.4   459.5   495.0   543.3   677.1  5086.2 11565.1  18526.7    18274
read      329.1   236.1    74.4   123.6   141.8   298.8   378.8   428.9   466.7   509.8   553.9   613.8   739.7  1428.9  7252.7  33439.3    33727
read      314.0   413.1    74.4   127.4   145.1   301.2   344.0   367.2   383.9   402.7   429.8   473.6   626.8  5515.6 16054.1  11449.3    11433
read      318.0   307.7    74.4   123.2   140.7   306.9   369.0   399.4   422.8   449.8   483.2   534.2   642.4  3929.0 14213.8  16837.3    17009
read      330.4   259.0    68.9   124.8   143.9   307.3   380.8   423.5   455.9   494.5   542.3   607.0   739.5  1598.5 12209.4  61433.3    61531
read      343.2   210.3    74.4   129.1   149.8   315.8   393.3   439.7   475.7   518.7   571.1   647.9   807.1  1225.0  5577.7  77695.3    77691
read      336.4   205.1    74.4   127.0   146.8   311.7   388.0   431.7   465.7   506.2   558.7   633.9   786.8  1352.5  7740.2  75292.0    75329
read      331.8   196.7    68.9   125.4   145.2   306.9   381.7   425.5   459.6   500.8   552.7   629.7   781.3  1063.4  7617.2  79504.0    79936
read      334.7   205.0    68.9   126.5   145.9   307.7   385.8   431.6   467.6   509.6   562.2   633.5   784.7  1076.1  8016.0  74695.3    74872
read      309.5   383.5    86.8   140.2   166.5   293.0   331.1   352.2   368.5   387.5   410.5   453.4   599.4  6422.0 11848.8   7496.7     7464
read      319.0   279.2    74.4   129.3   148.9   313.2   362.5   388.7   407.0   428.8   460.1   507.1   631.4  2168.6 12335.7  12127.3    12219
read      325.8   238.0    74.4   123.9   142.1   312.6   387.8   424.2   449.0   476.8   511.9   562.2   695.2  1585.3 11969.0  19861.3    19906
read      323.5   350.4    74.4   123.4   141.4   309.5   375.1   408.4   431.9   460.4   496.8   545.9   659.7  2648.2 16106.4  17864.0    18108
read      300.7   302.0    80.4   138.5   168.2   280.6   318.0   337.9   352.2   370.9   395.3   436.3   675.3  4789.4 11530.2   6454.7     6498
read      300.6   355.4    80.4   144.3   173.7   272.9   306.5   326.4   342.0   361.7   387.9   437.5   674.5  6556.2 15207.7   5877.3     5794
read      329.0   207.8    68.9   123.9   142.8   309.8   382.5   425.0   457.2   496.3   542.1   605.1   741.1   994.6  5957.4  54090.7    54376
read      326.1   311.2    74.4   129.7   149.8   315.3   366.1   392.8   412.2   435.9   470.6   525.5   676.3  4082.1 15220.5  12473.3    12545
read      333.3   210.8    68.9   127.6   147.4   304.3   379.2   424.2   458.9   500.5   554.9   634.8   793.4  1597.0  7893.8  85886.0    86110
read      301.0   301.0    74.4   128.6   148.0   291.5   333.2   355.8   371.8   393.0   421.3   467.6   588.7  2713.8 12697.8   9705.3     9730
read      334.9   240.3    68.9   127.2   147.0   308.1   383.8   429.8   465.0   507.1   561.7   639.1   791.7  1033.3  5306.8  81783.3    82140
read      331.3   204.8    68.9   125.2   144.8   303.1   380.0   426.7   462.9   505.5   558.6   631.2   783.8  1056.5  8511.4  78088.0    78511
read      332.9   194.5    68.9   125.6   145.6   310.0   384.6   429.3   463.6   504.2   552.0   623.0   759.9   996.2  5920.7  68526.0    68231
read      314.5   231.7    74.4   131.1   151.2   312.5   360.3   384.2   400.7   422.3   449.7   493.6   606.3  1935.1 13052.8  11565.3    11420
read      332.1   194.8    74.4   128.1   148.9   304.8   378.7   423.2   457.6   499.6   552.2   631.7   791.4  1174.9  6551.0  89854.7    89777
read      329.4   182.4    68.9   124.7   144.2   305.9   381.5   425.0   458.1   497.9   546.1   618.7   763.6  1115.0  5032.8  75022.7    75189
read      334.6   215.7    68.9   130.1   151.5   306.1   379.9   424.2   458.3   501.0   554.4   633.7   789.3  1242.8  8034.7  95902.7    96119
read      333.8   217.1    74.4   126.1   145.8   307.3   384.1   428.6   463.3   504.3   554.1   625.9   771.1  1388.3  9221.9  70300.0    69998
read      332.3   202.6    68.9   126.4   146.5   306.3   380.5   425.3   460.1   502.7   556.9   633.2   785.5  1082.0  7846.4  79613.3    79345
read      326.9   314.9    68.9   123.4   141.6   306.8   385.3   425.9   453.8   484.3   519.5   571.5   685.4  1804.8 19240.8  22042.7    21991
read      332.8   209.5    68.9   130.5   151.9   304.7   378.9   423.0   456.6   497.7   550.5   629.5   786.1  1068.7  5550.9  99478.7    99920
read      327.1   284.5    74.4   127.8   149.3   320.4   377.5   408.1   429.9   455.2   486.6   535.6   646.2  3098.8 14364.4  15038.0    15067
read      352.3   227.2    68.9   135.4   158.0   323.9   401.4   446.6   481.2   523.4   579.0   665.3   858.4  1157.6  7148.8  95920.7    96201
read      322.6   201.8    74.4   118.9   136.6   296.5   381.9   429.5   462.3   498.1   537.4   590.8   696.5  1451.4  6904.7  28558.7    28442
read      322.9   235.6    68.9   117.8   136.0   304.0   383.8   424.3   452.6   484.1   521.6   575.6   683.2  1976.4  8282.3  23734.7    23738
read      323.0   235.9    74.4   141.2   164.7   315.8   357.2   379.5   396.3   417.6   446.6   497.9   643.7  2971.1 10729.1   9463.3     9437
read      335.6   187.5    68.9   129.9   152.2   308.3   383.0   427.0   461.3   502.9   553.9   635.8   801.2  1097.4  5853.2  96393.3    97039
read      333.3   234.5    68.9   120.7   139.3   304.3   385.5   434.5   473.6   515.8   563.0   625.3   756.9  1499.7  9951.9  39883.3    39843
read      327.9   253.5    74.4   134.9   155.6   322.7   369.6   396.3   416.3   439.4   472.7   525.6   651.3  2445.2  8982.3  11512.7    11616
read      338.1   177.8    68.9   124.2   144.0   313.9   393.6   440.2   476.4   520.9   571.7   637.6   772.3  1133.9  3201.7  55882.0    56350
read      345.1   595.2    68.9   120.0   138.5   308.7   384.4   424.7   453.2   485.7   524.6   578.1   721.6  8779.6 28089.0  24831.3    24650
read      329.0   243.8    68.9   120.1   139.3   304.2   376.8   420.7   454.3   495.4   542.8   607.2   759.8  1936.9  9836.7  33975.3    33825
read      336.9   212.0    68.9   125.0   144.7   319.0   389.7   431.0   463.3   503.1   550.5   618.1   761.4  1122.7  7495.7  53818.0    54193
read      332.2   249.2    68.9   123.6   143.7   306.1   379.8   423.7   457.7   499.8   550.1   624.6   779.1  1090.9 10998.3  76378.0    76287
read      323.7   181.8    68.9   120.1   138.6   302.9   377.2   422.8   456.4   493.9   536.1   591.5   710.4  1597.0  6049.2  30546.0    30507
read      332.4   220.3    68.9   121.1   139.8   306.2   383.2   430.4   466.0   507.3   555.6   621.8   754.5  1662.6  8277.1  43841.3    43736
read      337.2   200.8    68.9   125.8   146.3   311.3   386.9   431.1   465.6   508.7   565.2   642.9   811.8  1092.9  7372.5  81956.0    81903
read      343.3   208.7    68.9   127.6   148.6   314.7   392.9   439.4   475.8   520.4   576.5   658.9   827.1  1176.2  7979.3  80405.3    80570

Total QPS = 50084.0 (39065508 / 780.0s)

Total connections = 64
Misses = 0 (0.0%)
Skipped TXs = 0 (0.0%)

RX 9649180476 bytes :   11.8 MB/s
TX          0 bytes :    0.0 MB/s
Warning! Detected max cpu usage > 95%
CPU Usage Stats (avg/min/max): 100.00%,50.00%,100.00%
