Random waveform, supplied seed
Total number of intervals = 520 (7434, 67201, 85927, 63953, 31595, 87879, 7287, 62295, 6561, 22532, 60653, 59076, 60154, 22964, 8172, 27652, 37594, 24367, 33771, 84944, 85666, 51918, 34406, 28664, 38289, 20658, 13840, 93419, 98284, 71313, 42089, 46458, 30755, 42889, 93552, 65694, 29574, 51355, 67361, 16287, 81508, 87619, 99068, 51267, 11822, 97494, 97350, 55460, 85984, 82043, 52873, 13911, 49984, 9274, 27187, 18735, 86505, 93039, 75999, 32324, 84255, 81759, 37291, 53818, 30297, 31569, 38927, 10652, 98119, 48176, 34929, 69735, 20753, 84642, 42333, 61587, 77998, 97625, 23781, 66723, 31016, 47394, 95335, 5252, 65908, 16889, 42912, 99898, 26385, 22616, 50605, 90283, 26273, 48521, 34058, 75648, 19482, 15054, 75754, 5187, 17656, 96343, 36665, 85269, 31525, 61798, 12253, 25710, 79937, 7271, 85861, 91467, 72217, 31080, 76878, 84584, 12492, 57106, 96245, 6791, 90728, 5151, 82969, 42635, 99337, 95192, 69200, 49459, 29055, 64324, 5705, 84816, 23714, 74116, 19948, 44213, 19454, 7190, 47657, 44399, 6481, 5807, 83137, 9580, 37385, 33706, 35204, 50438, 48878, 42682, 27416, 64424, 64364, 5481, 26227, 26586, 86286, 24452, 26832, 29795, 46224, 84587, 63389, 46953, 90536, 12508, 38491, 97806, 11813, 39665, 53571, 63215, 78767, 8615, 67903, 16398, 53434, 38068, 9130, 69227, 37496, 83925, 51037, 33690, 51474, 73708, 98618, 81977, 91567, 48236, 91726, 52458, 70467, 71151, 65016, 42057, 78821, 60720, 39911, 10628, 73736, 7334, 91868, 76670, 10405, 26019, 55530, 29615, 66057, 55281, 21177, 88239, 70227, 23421, 97104, 6235, 58045, 23729, 40897, 53312, 87262, 81836, 92274, 47252, 75747, 80994, 98224, 7737, 37514, 10640, 90490, 92514, 89245, 73823, 46565, 21419, 66915, 31667, 72255, 99535, 9226, 67844, 71413, 97328, 55113, 53743, 15253, 90605, 25767, 93458, 95080, 88399, 95681, 33003, 98809, 64610, 51183, 20194, 7602, 46677, 5577, 23035, 57516, 62851, 38431, 25729, 19443, 19461, 42341, 5691, 40223, 29941, 41162, 43863, 20318, 93421, 48578, 40595, 17677, 78948, 9703, 9686, 7968, 15830, 8192, 79410, 76582, 54634, 72177, 15101, 8167, 44130, 53047, 97171, 81360, 77277, 38294, 11165, 74155, 12255, 52404, 17057, 6005, 85707, 79742, 58322, 26212, 69487, 29507, 51412, 67374, 55125, 53048, 12192, 36138, 60799, 36368, 39729, 95693, 40999, 65037, 12633, 50117, 62765, 12379, 49369, 39111, 52692, 24539, 61591, 47864, 16479, 75268, 8714, 13002, 77147, 43518, 27206, 55859, 37448, 45026, 99974, 64632, 49061, 80418, 16471, 35694, 13935, 79838, 48842, 17708, 31401, 62091, 87121, 81929, 42013, 90709, 67578, 58116, 68886, 93119, 95079, 77456, 15723, 9867, 8176, 89745, 11058, 81413, 21659, 27181, 17420, 23028, 33694, 32735, 57645, 45216, 57659, 85443, 14390, 31520, 67089, 16537, 18930, 46784, 93102, 89799, 66551, 93104, 43768, 54006, 64618, 86482, 77459, 61365, 52346, 87286, 17384, 98165, 63330, 5866, 37693, 75360, 34753, 59823, 68266, 39383, 65072, 33192, 51847, 62362, 84073, 64213, 27059, 54703, 98366, 29565, 75000, 62235, 47788, 68928, 36478, 76067, 47020, 81656, 16396, 21661, 50156, 54102, 65670, 17584, 30347, 21534, 10216, 80544, 45508, 21591, 15435, 14502, 16369, 42077, 38334, 17694, 75056, 53845, 13319, 77808, 44423, 25669, 66463, 35396, 33885, 11712, 51485, 59378, 94757, 71707, 6184, 52631, 31188, 92326, 78268, 78655, 29798, 96196, 39289, 13806, 86543, 67095, 15164, 21544, 80587, 90870, 18274, 33727, 11433, 17009, 61531, 77691, 75329, 79936, 74872, 7464, 12219, 19906, 18108, 6498, 5794, 54376, 12545, 86110, 9730, 82140, 78511, 68231, 11420, 89777, 75189, 96119, 69998, 79345, 21991, 99920, 15067, 96201, 28442, 23738, 9437, 97039, 39843, 11616, 56350, 24650, 33825, 54193, 76287, 30507, 43736, 81903, 80570)
Average QPS expected = 50130
Timestamp start: 1715812135075
Timestamp end: 1715812916110

#type       avg     std     min      p5     p10     p50     p67     p75     p80     p85     p90     p95     p99    p999   p9999      QPS   target
read      469.6  1464.9    86.8   143.6   173.9   315.9   362.9   391.3   413.8   445.1   493.6   632.5  4069.3 28715.0 36903.9   7347.3     7434
read      352.7   246.6    74.4   129.1   147.6   314.9   401.2   452.3   491.3   537.9   593.7   682.9   933.7  2186.6  7735.3  66730.0    67201
read      356.1   306.9    74.4   131.6   151.4   316.5   398.0   447.2   486.4   534.5   594.6   687.5   924.3  3017.1 13147.7  85852.0    85927
read      352.0   235.8    74.4   127.6   145.8   317.2   402.2   454.4   493.6   538.9   593.8   674.5   899.3  2305.9  6393.0  63797.3    63953
read      355.2   299.4    74.4   122.2   139.8   309.9   402.6   461.6   502.2   543.0   590.0   661.9  1027.5  3762.9  9674.9  31741.3    31595
read      378.8   268.6    74.4   138.0   161.0   337.5   424.2   479.0   521.6   571.0   634.7   743.0  1030.2  1716.9  8397.7  88038.7    87879
read      367.3   687.7    80.4   149.0   175.4   320.7   364.0   388.1   404.4   428.3   463.0   524.0  1403.6  7894.5 32216.8   7517.3     7287
read      442.6   526.4    74.4   133.7   155.0   339.0   442.4   507.2   557.7   621.2   720.7  1093.2  2112.4  6441.2 15894.8  61639.3    62295
read      362.3   728.9    86.8   151.0   179.8   309.5   351.0   374.8   392.3   412.7   442.3   516.2  1731.0  8551.7 31756.1   6376.7     6561
read      431.6   632.7    74.4   128.1   146.9   347.7   464.0   528.7   573.8   629.4   718.0   883.1  1611.0  6913.6 34688.3  22244.0    22532
read      537.8   756.8    80.4   137.3   161.5   359.5   469.9   551.9   629.7   761.0  1244.2  1680.7  2354.0 10908.1 27525.7  60277.3    60653
read      358.2   267.4    74.4   127.5   145.3   315.0   400.7   452.3   491.6   538.4   594.6   686.0  1229.5  2486.6  8179.8  59167.3    59076
read      372.8   308.9    74.4   130.2   149.3   330.5   423.2   479.2   520.4   566.6   625.2   721.4  1068.9  2355.5 11027.1  60374.7    60154
read      376.7   422.1    74.4   124.3   142.4   322.4   419.8   472.4   509.3   546.6   598.5   702.4  1166.0  6347.3 16991.2  22974.0    22964
read      388.8  1003.3    74.4   142.4   170.1   320.5   368.2   394.5   414.6   440.4   477.9   542.8  1433.7  8676.5 32195.7   8181.3     8172
read      378.1   325.2    74.4   123.2   141.3   318.1   422.2   486.0   528.0   573.3   639.3   816.3  1172.9  4170.5 11329.5  27548.0    27652
read      353.0   363.6    74.4   123.9   141.7   310.9   398.0   453.5   496.0   543.0   593.0   658.3   840.3  4523.4 12071.0  37661.3    37594
read      371.8   316.4    74.4   123.9   142.0   324.5   423.8   480.5   518.8   559.5   611.0   710.4  1121.7  5415.4  9259.8  24431.3    24367
read      356.7   333.8    74.4   124.8   142.6   315.7   408.0   463.2   504.2   547.1   594.6   667.3   958.3  3010.4 11801.0  33803.3    33771
read      371.3   266.9    68.9   132.3   153.5   325.0   411.7   463.8   503.2   552.1   617.7   727.8  1172.3  2962.8  7057.8  84760.7    84944
read      380.0   355.3    74.4   136.6   158.4   333.8   422.6   476.7   517.1   565.1   629.9   731.5  1063.7  2667.1  9474.2  85688.0    85666
read      356.3   230.8    74.4   126.8   145.6   323.4   411.5   463.3   501.7   547.7   601.4   678.7   901.7  1792.1  9609.5  51854.0    51918
read      348.6   286.7    74.4   123.0   141.0   310.0   399.7   457.3   498.2   542.0   590.1   659.1   904.4  1633.8 12535.9  34608.0    34406
read      372.4   513.4    68.9   123.0   140.6   314.6   410.6   466.9   506.5   548.5   600.3   681.8  1171.5  5540.2 30454.7  28633.3    28664
read      344.9   253.3    68.9   123.9   141.9   309.0   399.2   453.7   492.0   534.4   584.1   655.3   806.6  1710.5  6598.2  38232.0    38289
read      332.5   266.1    74.4   122.3   140.2   311.0   395.3   436.7   468.1   500.6   536.8   585.5   708.8  1589.9 12870.9  20938.7    20658
read      418.0  1078.9    74.4   130.1   151.0   328.0   392.3   427.5   454.0   485.5   527.6   620.3  2531.0 11192.4 39342.8  13820.7    13840
read      563.4   565.3    80.4   171.2   216.9   419.1   551.7   628.3   682.6   759.9  1039.3  1599.3  2176.2  4990.7 17191.3  93643.3    93419
read      403.0   510.4    74.4   141.0   167.0   347.1   432.7   486.1   526.3   577.2   646.7   775.0  1144.5  7133.6 20213.9  98284.0    98284
read      356.5   257.3    74.4   129.9   149.5   319.7   406.3   457.2   496.3   541.8   599.3   685.9   908.9  2062.9 11749.2  71404.7    71313
read      355.2   253.4    74.4   123.5   141.8   315.3   406.7   462.0   503.7   551.4   605.1   678.9   983.8  2127.1  7938.2  42224.7    42089
read      346.6   229.2    68.9   123.8   141.7   308.7   394.7   447.5   487.9   533.7   588.9   666.8   925.8  2603.1  6799.5  46908.7    46458
read      338.0   268.1    74.4   120.9   137.8   304.3   388.8   438.3   477.7   519.0   564.8   625.7   800.6  3833.0  8106.7  30967.3    30755
read      346.3   233.7    68.9   123.4   141.5   310.0   396.1   450.7   492.6   538.2   590.7   663.5   872.4  1904.4  8503.4  42937.3    42889
read      386.2   365.7    68.9   135.9   159.0   331.0   420.1   472.1   511.8   560.2   626.6   757.9  1360.8  3481.8 10577.0  93500.7    93552
read      397.9   394.8    74.4   132.5   154.4   335.8   429.8   485.6   527.0   577.5   644.2   793.2  1507.7  4921.7 11101.3  65821.3    65694
read      352.6   278.7    74.4   122.5   139.8   309.0   401.4   460.2   502.0   545.3   592.4   669.9  1045.0  2349.5  9238.0  29687.3    29574
read      382.6   333.4    74.4   128.8   148.2   332.4   425.3   481.8   524.3   574.3   636.2   743.1  1365.4  3014.7 16448.1  51510.7    51355
read      381.1   367.7    68.9   128.9   148.6   322.8   414.7   471.8   515.4   566.9   630.8   746.0  1502.1  3714.5  9805.7  67852.0    67361
read      388.9   626.6    74.4   126.8   146.1   338.5   419.2   462.4   496.2   537.8   595.2   698.3  1189.0  5516.6 29919.3  16258.7    16287
read      506.6   730.3    74.4   139.5   165.5   368.2   464.3   529.6   583.1   658.7   800.1  1545.9  2659.2  8535.3 28322.8  81538.7    81508
read      365.6   282.4    74.4   132.1   152.5   321.1   407.7   460.2   499.3   545.4   611.4   724.1  1094.9  2465.5  4395.7  87254.7    87619
read      354.6   310.9    74.4   132.0   153.6   311.1   391.4   440.8   478.4   524.9   585.5   686.2   966.4  3044.4  9310.1  99125.3    99068
read      346.1   312.3    74.4   124.3   142.2   310.7   394.4   442.6   480.4   526.2   581.1   658.8   882.6  1861.7 13808.3  51208.0    51267
read      363.2   380.7    86.8   133.1   154.4   331.1   389.7   422.7   447.8   477.6   520.4   593.0  1417.5  4721.6 13030.4  11855.3    11822
read      389.9   443.9    74.4   139.7   163.2   339.3   425.4   477.4   518.6   569.2   637.4   748.7  1070.7  5473.9 14496.6  96977.3    97494
read      398.4   336.3    74.4   140.4   165.8   346.1   435.0   489.1   530.2   582.2   652.9   787.7  1264.8  4069.2  9351.4  97376.0    97350
read      350.1   241.2    74.4   125.1   143.7   314.6   400.3   452.1   491.8   537.4   592.9   674.1   897.0  1988.7  9567.4  55460.0    55460
read      366.0   448.6    74.4   129.7   150.1   316.0   401.8   453.4   491.9   537.4   593.9   692.8  1013.8  7220.4 21456.8  85518.7    85984
read      357.4   222.5    74.4   130.9   151.2   320.8   407.6   459.0   496.9   541.5   601.7   704.0   944.4  1556.3  7624.4  81790.7    82043
read      347.7   238.1    74.4   124.4   143.0   311.0   396.6   449.9   490.5   536.5   591.8   671.5   861.2  2030.4  9507.0  52622.7    52873
read      435.4   998.4    74.4   128.0   148.1   347.7   422.9   467.4   500.3   541.6   597.6   692.5  2120.9 13257.3 31891.0  14017.3    13911
read      391.0   494.8    74.4   123.8   142.7   312.8   400.8   456.1   500.2   550.7   619.2   773.8  1746.5  7139.3 15681.1  49776.7    49984
read      369.6   693.3    74.4   134.7   159.0   318.7   369.5   399.1   422.2   451.6   492.8   563.0  1448.3  9164.1 33313.0   9291.3     9274
read      376.0   557.5    80.4   123.3   141.9   313.0   412.1   469.9   508.4   549.9   605.0   697.0  1156.7  6983.6 29452.5  27193.3    27187
read      421.8   862.8    80.4   124.7   143.8   336.9   428.5   479.0   515.6   559.0   628.7   753.4  1397.4 13187.9 31865.2  18804.7    18735
read      359.8   244.3    68.9   131.4   152.1   318.8   404.6   456.5   496.3   544.7   607.7   710.3  1004.3  1774.3  8354.6  86764.0    86505
read      356.1   233.7    74.4   132.5   153.8   316.0   402.1   455.3   493.9   540.0   598.8   693.3   963.1  1620.3  9036.9  92985.3    93039
read      351.8   264.7    68.9   128.1   147.5   313.7   399.4   450.2   488.7   535.6   593.6   684.5   908.3  1694.1 12032.2  75924.7    75999
read      359.8   274.9    74.4   125.4   143.5   318.7   414.8   472.8   517.0   560.5   610.0   680.4   939.5  1789.7 12088.6  32430.7    32324
read      378.0   385.2    74.4   134.1   155.6   330.9   420.2   473.0   513.8   561.5   624.3   730.3  1019.9  3483.1 12650.7  84335.3    84255
read      360.3   257.1    74.4   131.0   151.7   322.0   409.6   462.6   501.5   546.1   607.8   702.0   943.7  1892.5  8594.3  81360.0    81759
read      359.8   340.5    74.4   124.2   142.6   318.0   410.2   464.6   505.5   550.1   603.0   678.6  1002.7  2282.9 10914.5  37202.7    37291
read      350.3   283.1    74.4   124.1   142.5   314.3   399.7   451.3   490.3   534.5   589.1   669.5   954.1  2032.3  7708.5  54287.3    53818
read      336.8   255.3    74.4   120.4   137.2   304.3   391.3   443.4   482.5   524.6   570.9   634.7   803.6  1671.3  9673.1  30181.3    30297
read      361.0   450.4    68.9   122.3   139.9   308.8   401.8   458.9   499.3   541.3   590.4   662.0   872.5  5530.4 12738.0  31624.0    31569
read      359.3   552.7    74.4   122.9   141.0   309.5   400.0   454.9   495.2   539.2   590.9   662.9   932.4  5124.3 22834.3  38774.0    38927
read      353.8   246.0    80.4   133.8   155.9   332.3   392.4   427.7   455.0   487.3   529.4   595.0   911.1  3810.0  8019.8  10626.7    10652
read      475.5   493.9    74.4   144.9   174.9   372.8   466.4   531.8   584.7   660.3   785.4  1250.7  2013.6  5861.5 12736.9  97886.7    98119
read      344.1   265.4    74.4   123.2   141.4   313.5   395.9   445.4   483.1   526.8   579.0   652.5   831.0  1781.3  8690.7  48154.0    48176
read      346.5   221.0    74.4   123.1   141.4   312.2   400.4   453.5   493.5   537.6   588.7   660.7   848.0  2027.1  5876.7  34924.7    34929
read      350.2   255.9    68.9   126.4   145.1   311.3   398.2   451.9   491.9   538.0   597.0   686.8   931.4  1718.9 10882.7  69764.0    69735
read      366.0   332.6    80.4   123.5   141.5   321.1   413.5   462.7   496.7   535.5   585.5   686.9  1147.6  4287.6 11018.4  20891.3    20753
read      353.5   238.7    74.4   130.6   151.1   314.5   399.8   451.7   490.6   537.1   594.2   688.3   921.1  1876.2  8059.5  84406.0    84642
read      355.0   380.6    74.4   121.7   139.1   304.8   389.7   444.4   487.5   534.6   589.6   678.6  1179.3  4878.5 12501.9  41985.3    42333
read      369.7   452.7    74.4   125.7   144.2   313.5   401.0   455.5   496.5   544.4   606.6   697.8  1292.5  6331.8 11851.4  61621.3    61587
read      363.9   527.0    80.4   126.5   145.7   310.9   396.5   446.1   483.8   529.7   590.2   691.6  1022.1  7081.4 28227.3  77950.0    77998
read      371.7   379.6    74.4   135.3   157.8   325.1   408.4   460.1   499.3   545.3   609.1   713.8  1023.9  4462.0 12982.1  97862.0    97625
read      352.4   269.8    74.4   120.7   138.2   311.6   404.2   457.9   496.6   537.0   586.9   696.2  1020.8  1677.4  9299.8  23673.3    23781
read      461.5   505.0    68.9   133.6   156.5   350.7   450.1   514.7   564.9   631.8   755.5  1227.3  2619.4  4185.9 12612.7  66337.3    66723
read      339.6   286.9    74.4   122.7   139.3   304.5   385.9   434.1   471.0   511.3   559.3   631.9   903.5  3950.8  9842.5  30810.7    31016
read      350.0   215.5    74.4   125.2   144.0   319.0   403.5   454.5   493.5   537.9   590.0   669.1   869.8  1662.7  8099.5  47544.0    47394
read      383.2   307.0    68.9   135.5   158.8   333.6   422.0   475.4   517.0   565.6   631.9   760.8  1198.4  2854.5  8414.4  95394.7    95335
read      325.9   467.6    86.8   150.0   178.7   288.5   327.5   350.3   368.3   390.9   421.7   479.1   839.6  9550.5 12663.1   5283.3     5252
read      370.6   310.6    74.4   126.8   145.3   311.3   398.9   454.7   497.3   547.6   613.8   728.8  1646.6  3552.0  8041.8  65382.0    65908
read      364.3   269.4    80.4   124.8   145.0   338.3   423.6   469.8   502.2   539.8   589.0   676.6   913.2  2500.6 12404.6  16895.3    16889
read      402.4   528.4    68.9   124.9   143.4   316.7   410.6   469.8   518.5   575.9   654.4   916.4  1613.2  8197.0 21420.5  42906.7    42912
read      363.7   385.8    74.4   134.0   156.1   316.9   397.9   446.8   485.4   532.2   592.4   703.3   997.8  4915.2 12908.1 100054.0    99898
read      353.3   325.6    74.4   122.9   139.8   314.1   412.5   467.5   505.8   543.3   587.4   649.1   859.0  3867.7 13972.1  26254.0    26385
read      398.3   286.5    74.4   125.5   145.0   340.7   454.8   520.5   565.2   622.3   704.2   840.5  1268.0  2099.7  7652.3  22818.7    22616
read      355.4   266.5    74.4   125.1   143.3   318.4   404.3   459.4   503.5   551.4   609.0   685.7   868.8  1831.2  8622.2  50323.3    50605
read      351.9   288.7    74.4   130.0   149.8   307.9   391.2   441.2   479.8   526.7   587.4   691.8  1003.1  2399.4 11501.2  90337.3    90283
read      345.9   227.7    80.4   123.5   141.4   313.2   405.0   458.9   495.9   533.2   576.4   641.1   849.2  2044.1  8467.6  26548.0    26273
read      357.6   242.2    74.4   125.6   144.4   321.6   410.5   463.7   502.0   546.0   603.0   683.6   976.3  1930.6  7285.1  48329.3    48521
read      359.3   448.6    68.9   122.2   140.4   306.1   389.4   441.4   480.2   524.2   576.5   658.0  1185.9  5354.8 12568.3  33932.0    34058
read      429.0   692.9    74.4   133.2   155.3   343.4   439.4   495.1   536.7   586.5   660.5   818.6  1903.8 10832.4 30916.3  75640.0    75648
read      390.3   544.3    74.4   127.1   146.4   335.0   429.0   482.4   518.2   561.0   624.2   748.3  1356.1  3229.6 38004.8  19548.0    19482
read      413.2   736.8    80.4   127.0   146.6   340.6   418.7   462.6   496.6   537.7   591.4   701.0  2057.6 10360.0 36140.2  15188.7    15054
read      492.6   543.1    74.4   132.4   156.3   358.9   450.7   523.5   588.9   686.3   897.9  1585.3  2200.7  4431.0 13642.9  75802.0    75754
read      378.9  1161.2    86.8   156.4   187.1   296.2   331.6   352.1   370.5   394.2   429.3   509.1  1651.3 25024.5 34097.5   5271.3     5187
read      389.5   484.8    74.4   123.4   142.4   329.7   418.7   468.7   506.9   556.8   627.9   747.3  1282.7  6881.3 19576.1  17372.0    17656
read      368.3   239.9    74.4   135.8   157.8   326.1   414.4   465.9   504.4   549.4   614.0   722.8  1039.6  1937.3  9403.9  95882.0    96343
read      342.9   253.7    68.9   122.6   140.3   306.3   394.1   447.7   487.5   531.4   582.9   656.0   850.5  1675.2 10390.0  36659.3    36665
read      372.2   323.5    74.4   131.7   153.0   319.0   405.4   457.4   497.2   545.5   611.1   729.5  1313.6  3880.9  7137.2  84765.3    85269
read      383.4   506.7    74.4   126.9   144.8   324.9   422.2   483.0   526.1   571.5   625.8   717.3  1249.2  5450.4 28508.4  31468.0    31525
read      364.7   366.8    74.4   126.5   145.1   314.4   401.7   454.1   493.9   540.2   600.4   692.2  1353.4  3619.0 10035.4  61910.0    61798
read      360.2   391.9    80.4   126.2   145.6   314.4   376.1   412.4   439.9   477.7   532.8   626.2  1460.6  5299.9 11228.0  12168.7    12253
read      402.3   479.6    80.4   122.9   141.1   323.8   439.2   505.2   552.4   611.6   706.7   909.0  1318.1  4888.8 23997.8  25709.3    25710
read      485.2   595.2    74.4   137.0   161.3   362.0   457.8   526.5   585.6   665.2   811.8  1524.5  2209.6  4781.5 20286.8  79757.3    79937
read      344.9   436.7    86.8   144.3   173.9   313.7   357.0   382.9   402.0   425.9   458.8   520.1  1082.6  7569.1 15832.7   7260.7     7271
read      470.7   550.5    74.4   136.5   161.6   355.5   453.8   519.3   569.4   639.2   786.8  1451.8  2126.8  5496.5 24018.7  85490.7    85861
read      360.4   246.0    68.9   130.6   151.8   317.7   403.2   455.6   494.7   541.2   601.8   709.1  1070.8  1964.5  8351.5  91448.0    91467
read      361.8   226.2    68.9   129.5   149.2   321.3   413.5   467.5   507.6   555.0   617.3   713.8   977.2  1834.5  6326.2  72306.0    72217
read      356.3   278.3    74.4   126.4   144.2   316.6   413.5   472.7   513.4   554.0   604.0   677.8   902.3  2039.9 10797.8  31143.3    31080
read      355.0   250.8    74.4   130.7   150.2   312.1   402.3   455.7   494.9   541.5   602.9   703.1   977.0  1688.0 12200.0  76642.7    76878
read      358.4   308.8    74.4   130.5   150.4   312.9   400.0   450.8   489.5   536.1   597.1   700.8  1008.7  2763.4 12143.7  84329.3    84584
read      363.3   393.2    74.4   132.8   153.8   335.3   399.5   433.3   461.0   493.8   536.2   606.1   933.9  5597.0 13497.5  12493.3    12492
read      367.3   352.5    68.9   128.0   146.4   317.9   407.0   461.3   501.7   547.8   609.3   698.9  1187.4  4382.5 12424.2  56759.3    57106
read      373.7   282.3    74.4   136.7   159.7   329.1   414.6   466.4   504.5   552.3   619.3   727.8  1058.5  2805.4  7514.7  96449.3    96245
read      355.4   759.5    80.4   150.2   179.2   309.1   347.9   371.9   389.5   409.4   439.8   500.2  1499.5  7068.9 40865.2   6899.3     6791
read      412.8   394.7    74.4   136.1   159.1   337.8   429.6   487.9   532.7   587.8   670.6   884.6  1846.8  2988.2 10676.5  89673.3    90728
read      327.3   508.4    86.8   159.6   186.8   294.5   330.0   349.5   364.7   382.8   407.5   460.7   879.8  9064.1 24353.0   5109.3     5151
read      407.4   404.3    68.9   132.8   154.6   332.8   422.5   478.9   523.2   579.6   664.9   863.1  1830.6  3965.2 11011.9  81994.0    82969
read      346.6   229.3    74.4   124.0   142.0   313.1   402.7   454.8   491.9   535.1   587.8   664.8   849.0  1561.0  8521.2  42754.7    42635
read      343.5   236.8    74.4   130.6   151.4   305.0   387.8   436.9   474.4   517.7   573.2   666.1   898.3  1726.8  6990.7  99698.0    99337
read      359.1   300.2    74.4   132.4   153.6   313.8   398.0   450.3   488.6   535.4   596.4   696.5   997.4  2468.4 12615.9  95025.3    95192
read      370.9   326.7    74.4   131.0   150.9   325.3   417.1   471.9   510.9   556.5   619.3   722.9  1027.6  3730.6  6542.5  69137.3    69200
read      355.5   388.6    74.4   123.2   141.4   309.5   398.5   447.9   485.7   530.6   584.2   664.1   998.1  5776.9  8773.3  49278.7    49459
read      334.4   255.5    74.4   118.8   135.2   299.7   386.2   435.9   475.8   519.1   564.7   630.4   868.0  1963.8 11431.1  29226.0    29055
read      348.5   224.6    68.9   125.3   144.1   312.1   402.6   454.6   493.9   540.2   596.5   682.3   878.9  1492.2  6043.0  64140.0    64324
read      372.2   884.7    93.8   155.0   183.1   303.9   342.1   367.9   388.7   413.8   447.8   510.4  1688.9  8464.8 32114.7   5666.0     5705
read      410.5   506.1    74.4   131.7   153.7   332.0   424.6   483.2   528.0   583.9   660.8   839.5  1853.9  5640.6 19720.3  83549.3    84816
read      403.3   667.9    74.4   124.7   143.1   333.9   443.7   505.1   544.1   591.8   666.7   821.8  1243.4  6770.2 35924.0  23869.3    23714
read      410.6   513.0    74.4   130.8   151.6   331.7   423.2   482.3   528.5   583.8   661.1   845.3  1844.5  5613.2 22053.5  73999.3    74116
read      376.5   346.5    74.4   124.5   144.9   332.3   429.1   481.9   519.4   562.2   629.3   763.9  1123.7  2104.4 23915.8  19900.0    19948
read      380.8   356.3    68.9   123.9   142.7   316.2   414.7   477.7   525.2   579.7   644.6   766.1  1518.3  3697.5 10821.9  44085.3    44213
read      369.1   388.1    74.4   122.1   141.6   327.0   422.9   474.2   510.9   548.1   607.2   705.6   991.2  3972.7 17620.2  19311.3    19454
read      342.6   360.6    80.4   146.6   175.4   313.8   357.2   382.0   401.3   426.5   461.8   521.2  1044.5  4994.0 12875.5   7228.7     7190
read      391.6   429.7    68.9   126.2   144.9   322.0   419.6   481.5   526.2   579.2   648.5   791.9  1609.8  4612.2 15453.2  46890.7    47657
read      354.2   339.5    74.4   123.1   141.1   310.3   397.9   454.1   495.6   541.1   593.5   677.5  1007.5  1996.1 12403.4  44520.7    44399
read      424.3  1406.3    93.8   149.9   181.5   312.6   351.7   376.1   394.4   417.3   451.9   517.8  2484.1 30986.9 34492.4   6495.3     6481
read      345.1   444.0    86.8   155.9   187.5   302.5   338.7   361.1   378.3   400.5   432.4   501.9  1436.8  5491.4 19166.9   5835.3     5807
read      469.8   503.9    74.4   133.8   157.9   351.8   451.3   520.2   575.7   647.1   799.4  1493.1  2087.0  4102.4 14621.7  82648.7    83137
read      334.1   442.0    80.4   131.9   154.5   313.5   359.8   387.1   407.8   432.7   468.2   531.5   757.9  4619.8 20160.8   9608.7     9580
read      399.2   377.0    74.4   125.6   145.0   330.8   430.2   492.1   537.6   593.6   671.5   899.9  1477.6  3487.9 17679.6  37444.0    37385
read      344.8   250.1    74.4   122.0   139.3   309.8   401.4   457.9   499.6   541.9   587.9   656.6   821.2  1512.4  8127.6  33974.0    33706
read      343.5   265.2    74.4   120.7   138.2   303.1   394.7   450.2   490.6   535.3   585.1   654.2   872.2  2039.0  9926.3  35270.0    35204
read      360.0   262.5    74.4   126.0   144.6   322.3   414.7   468.8   509.7   558.0   613.8   700.1   926.8  1831.3  9281.3  50057.3    50438
read      343.7   216.0    74.4   122.9   140.6   309.1   398.5   451.1   490.1   535.0   588.6   663.6   832.2  1641.5  5011.4  48730.7    48878
read      340.9   275.1    68.9   120.8   138.0   304.3   391.4   443.4   483.6   528.3   580.2   652.5   855.0  1827.8 10149.8  42718.0    42682
read      348.2   325.4    74.4   121.3   138.8   308.1   402.5   458.4   496.7   535.9   581.5   642.6   879.0  2624.4 15340.4  27239.3    27416
read      354.7   261.0    74.4   126.5   145.6   311.5   400.4   453.0   493.4   541.1   599.3   689.0   999.3  2901.4  9107.9  64947.3    64424
read      360.3   432.8    68.9   125.6   143.9   315.9   403.6   455.0   495.0   541.9   598.6   683.7   926.3  4278.1 10101.8  63952.7    64364
read      346.1   537.4    80.4   154.8   182.5   293.0   329.4   349.9   365.8   386.4   417.6   482.2  1975.0  9034.4 17815.9   5509.3     5481
read      387.1   368.1    74.4   120.6   138.3   319.7   433.2   497.3   539.1   588.7   664.8   838.8  1241.3  4616.5 13195.4  26118.7    26227
read      351.1   443.8    74.4   119.8   136.5   304.8   399.7   454.2   491.3   530.1   573.4   634.9   863.2  4310.7 19001.3  26562.7    26586
read      344.1   266.6    68.9   127.2   146.9   304.0   387.5   435.9   473.6   519.8   578.0   670.6   925.4  2603.3 10268.6  86285.3    86286
read      359.0   256.1    74.4   121.8   140.0   316.2   416.1   469.0   506.3   543.9   589.3   688.1  1073.5  3796.5  7654.8  24044.0    24452
read      425.5   427.3    74.4   125.4   145.5   333.7   460.4   534.8   589.5   671.4   817.6  1001.0  1412.6  3970.7 16583.5  26915.3    26832
read      353.1   233.8    74.4   125.2   142.9   315.7   412.7   472.3   511.3   551.5   597.6   664.8   897.4  1687.5  7839.7  29932.7    29795
read      394.7   678.2    74.4   126.4   145.2   315.9   407.4   464.8   507.8   555.1   617.6   723.1  1673.8  9496.6 28708.8  45940.7    46224
read      417.4   591.7    74.4   133.8   156.5   337.2   427.9   483.0   525.7   578.6   657.9   820.9  1877.6  5836.4 28948.8  84397.3    84587
read      388.2   506.7    80.4   131.7   151.9   334.1   424.4   478.7   517.6   565.2   625.4   724.9  1216.1  5545.8 28725.7  63275.3    63389
read      359.0   249.3    74.4   126.9   145.5   323.5   412.5   465.6   506.9   553.2   609.5   685.4   929.9  1850.9  8789.4  46684.0    46953
read      366.7   323.9    74.4   133.0   154.2   320.1   403.0   455.5   495.5   544.0   608.7   713.6  1098.4  2601.6  7361.6  90022.7    90536
read      378.0   529.5    80.4   128.6   148.7   327.3   391.6   427.4   455.4   491.5   545.1   637.3  1644.3  5299.5 26970.7  12564.0    12508
read      365.8   273.6    74.4   128.3   146.5   328.1   420.6   474.8   514.9   561.0   614.9   692.1   932.8  2364.6 10596.3  38296.7    38491
read      370.9   329.9    74.4   138.0   161.2   327.3   409.7   460.2   498.5   545.2   609.5   716.2  1027.9  2541.6  9377.3  97623.3    97806
read      352.2   299.1    80.4   132.3   153.7   330.7   390.9   424.2   449.3   480.9   523.9   589.4   984.1  3972.8 10446.7  11758.7    11813
read      408.8   528.8    74.4   128.4   147.5   331.5   429.2   494.6   543.7   598.4   672.2   861.8  1564.9  6571.6 25016.6  39572.7    39665
read      374.5   322.6    74.4   128.9   148.1   331.4   421.2   477.2   520.1   568.6   626.7   712.2  1061.5  3191.2  8797.7  53123.3    53571
read      358.2   226.6    74.4   129.8   149.2   320.6   408.7   463.4   503.6   549.4   611.4   695.7   954.7  1702.5  8228.5  63008.0    63215
read      366.7   289.1    74.4   131.9   152.5   324.1   413.3   465.5   504.5   551.5   615.4   717.7  1060.9  1981.6  9532.2  78980.7    78767
read      375.0   904.0    86.8   139.2   162.6   315.4   364.4   391.7   412.0   437.6   482.4   554.2  1401.4 10471.2 32134.7   8624.0     8615
read      364.5   284.1    80.4   131.1   150.7   322.9   410.5   464.8   507.1   556.3   617.5   704.7   988.4  2453.8 11276.9  67201.3    67903
read      394.8   405.7    74.4   128.8   148.8   349.2   434.6   486.4   523.9   573.2   642.6   757.8  1256.1  4975.0 18112.3  16414.7    16398
read      363.5   252.4    74.4   128.1   147.1   324.5   414.2   467.3   506.7   552.1   608.0   689.8  1024.9  2855.7  7531.2  53454.0    53434
read      366.9   225.0    74.4   129.7   149.5   329.8   421.6   478.8   521.8   568.0   622.1   698.2   940.8  2571.1  5065.3  37810.0    38068
read      349.0   263.5    80.4   142.0   167.9   330.4   384.4   416.0   437.7   468.8   505.8   576.1   824.5  3323.4 10501.5   9294.0     9130
read      505.4   514.2    74.4   140.1   164.9   372.6   475.6   549.7   614.0   700.3   931.9  1605.7  2186.2  3409.4 12153.1  69278.7    69227
read      389.7   479.7    74.4   130.4   149.5   337.8   431.1   491.0   534.3   582.2   638.3   724.8  1254.4  5630.5 13725.0  37670.0    37496
read      372.7   272.6    74.4   134.9   156.9   333.0   421.7   473.9   512.6   561.5   624.2   723.3   986.6  1840.7  9942.2  84245.3    83925
read      359.0   304.3    74.4   126.8   146.0   323.0   410.7   463.7   502.6   545.7   600.0   677.5   906.8  1736.5 14355.4  50906.0    51037
read      350.4   281.5    74.4   124.3   142.4   315.6   402.0   457.2   497.3   541.9   589.3   655.9   841.5  1816.7 13383.2  33969.3    33690
read      355.1   232.4    68.9   125.7   144.8   318.4   406.1   461.9   505.1   551.9   609.4   685.1   916.0  1782.0  9520.9  51407.3    51474
read      379.4   399.4    74.4   130.3   150.9   327.2   418.4   471.8   513.4   562.7   626.0   736.6  1284.9  3909.8 12843.6  73836.7    73708
read      400.0   331.0    68.9   143.3   169.6   353.0   439.1   491.4   531.4   581.5   655.1   793.1  1168.4  3192.2 10284.7  99226.7    98618
read      379.1   297.1    74.4   136.6   158.5   334.5   427.0   482.0   522.6   570.8   632.0   733.3  1040.9  2164.9 10077.8  82046.0    81977
read      367.4   223.9    74.4   135.5   157.5   326.1   410.2   462.5   503.0   550.4   613.9   717.4  1079.0  1847.7  5020.0  91481.3    91567
read      360.2   395.3    68.9   126.7   145.4   322.4   410.0   463.3   504.1   550.6   603.2   676.3   876.0  2503.7 10224.3  48179.3    48236
read      365.2   361.3    74.4   133.3   155.1   319.2   405.3   458.3   497.9   544.2   603.6   698.4   965.5  4223.6 10298.9  91466.7    91726
read      367.0   361.8    74.4   126.3   145.1   325.9   414.5   466.8   506.6   554.1   612.5   691.7   942.0  4525.6 10352.5  52524.7    52458
read      350.7   337.1    74.4   127.1   146.0   314.1   399.2   451.7   491.0   535.7   591.4   675.5   879.1  1969.2 12094.6  70500.0    70467
read      360.3   328.5    74.4   128.3   147.1   316.4   404.8   456.9   496.3   542.2   604.0   692.2   995.4  3466.6  9726.3  71290.0    71151
read      359.6   237.1    74.4   129.2   148.5   323.1   415.4   468.4   506.1   551.1   608.1   689.2   933.0  1871.8  7993.9  64817.3    65016
read      353.8   226.8    74.4   125.0   143.6   317.7   404.7   460.5   502.9   549.2   603.4   676.2   909.8  2493.1  5916.6  41984.0    42057
read      380.0   443.6    74.4   132.4   153.5   327.2   415.5   468.1   508.3   556.7   620.5   729.9  1143.4  4456.2 15206.3  79218.7    78821
read      349.6   221.3    74.4   126.7   145.8   317.3   403.5   453.8   492.0   537.3   591.6   669.4   866.7  1787.5  4614.7  60976.7    60720
read      364.6   259.6    74.4   127.5   145.5   325.7   420.6   479.7   522.5   569.6   625.0   694.7   898.0  2866.3  5870.2  40094.0    39911
read      422.7   927.3    86.8   140.5   164.6   348.5   414.6   452.9   481.2   514.8   560.7   634.3  1370.0 13421.9 31770.0  10435.3    10628
read      436.7   508.2    74.4   134.2   156.3   347.8   441.9   502.4   548.7   608.3   696.8  1012.6  2014.8  3821.4 17575.1  73302.7    73736
read      369.8   824.4    86.8   145.8   175.9   315.6   358.5   382.2   400.4   424.9   460.6   522.5  1466.1  6957.8 37149.7   7464.0     7334
read      471.5   568.5    74.4   145.3   174.0   378.6   472.9   538.2   589.3   657.9   768.6  1072.9  1915.0  6867.4 26074.6  90856.0    91868
read      362.4   260.4    74.4   130.6   151.3   321.6   410.4   463.7   503.1   548.6   611.1   712.5   995.5  1719.7  9806.5  76847.3    76670
read      347.6   307.2    86.8   139.6   161.2   327.3   377.3   402.4   422.6   446.8   481.2   539.8  1335.1  4185.9  9099.9  10398.0    10405
read      421.5   650.9    74.4   125.8   145.3   335.7   450.5   515.6   561.9   621.8   724.6   916.5  1364.9  8367.2 35210.6  25865.3    26019
read      426.4   650.2    80.4   131.0   151.0   337.4   433.1   493.8   538.2   591.2   667.5   881.0  1867.7  8193.4 30048.1  55332.7    55530
read      345.2   238.4    74.4   122.9   140.5   308.0   399.2   458.0   498.0   538.5   583.8   645.6   858.7  1997.6  9167.3  29759.3    29615
read      373.2   446.9    74.4   130.5   149.8   327.2   417.9   470.6   512.0   559.0   616.5   707.0  1000.9  4374.6 18291.1  66356.0    66057
read      362.9   230.8    74.4   128.9   147.9   327.4   417.9   471.1   511.6   560.1   618.0   699.5   941.2  1772.8  6912.3  55028.7    55281
read      365.9   351.9    74.4   124.2   142.0   319.9   415.6   465.7   499.4   536.6   584.7   681.0  1071.1  4384.5 10777.0  21112.0    21177
read      358.0   239.1    74.4   131.5   152.2   317.3   402.4   454.9   493.9   539.7   599.6   700.0   965.5  2257.0  8890.6  87630.0    88239
read      385.0   351.3    68.9   133.5   154.1   336.4   429.1   486.0   527.6   576.4   639.2   747.0  1182.5  3570.1 10183.8  70308.7    70227
read      367.6   347.0    74.4   125.8   144.3   329.3   423.1   476.8   513.1   551.0   594.7   675.1  1012.8  3234.0 15680.4  23262.7    23421
read      497.8   472.3    74.4   155.6   190.4   392.9   486.7   550.8   612.6   699.5   852.8  1412.0  1996.7  3263.1 12533.8  97289.3    97104
read      334.9   410.2    80.4   153.9   183.7   303.1   340.1   361.7   377.0   397.7   429.8   490.3  1417.6  4059.4 15141.8   6242.0     6235
read      398.0   358.7    74.4   129.8   149.9   331.3   422.2   476.6   521.4   575.3   647.3   799.4  1828.2  3609.3 10535.3  57270.7    58045
read      367.1   257.3    74.4   123.0   140.8   317.7   421.6   481.6   518.3   558.0   614.9   746.1  1134.1  2366.5  7658.5  23963.3    23729
read      410.4   550.5    74.4   126.5   145.4   327.9   425.0   489.2   535.8   589.0   664.2   878.9  1594.9  8413.3 15585.2  40912.0    40897
read      367.6   260.4    74.4   128.8   147.4   329.4   422.6   477.6   518.8   566.1   622.0   698.8   954.1  2144.1  9925.4  53462.0    53312
read      379.2   535.5    74.4   133.1   154.4   323.2   409.4   462.1   501.1   547.6   612.1   717.4  1059.9  6717.3 20482.7  86724.0    87262
read      371.0   346.3    74.4   132.1   153.3   325.8   412.9   466.2   506.4   555.0   619.2   723.0  1034.4  2485.0  9344.0  81417.3    81836
read      361.4   281.4    74.4   131.4   152.1   314.4   397.8   450.3   490.7   539.0   601.7   710.4  1192.8  2054.5  8541.3  91764.7    92274
read      348.7   255.1    74.4   124.2   142.4   314.7   399.9   452.4   492.2   537.7   590.9   666.0   852.8  2530.6  7231.3  47284.7    47252
read      362.8   283.2    74.4   130.3   150.3   322.8   410.2   462.0   500.6   545.9   608.0   706.3   953.7  2120.9  8022.3  75508.0    75747
read      350.0   219.2    74.4   129.5   149.3   316.0   400.4   450.5   489.1   535.8   591.9   681.3   880.3  1401.0  5252.9  80632.0    80994
read      360.0   297.5    74.4   134.7   156.5   317.8   398.7   451.1   491.1   537.4   594.4   687.1   965.1  3207.5  8679.8  98108.0    98224
read      330.4   340.5    86.8   141.4   167.8   308.8   350.7   377.0   395.8   418.2   448.0   502.9  1117.2  3805.4 11028.2   7765.3     7737
read      396.0   344.5    74.4   126.0   144.9   323.3   422.2   490.0   538.1   594.7   674.4   927.3  1495.7  2996.5 11448.2  37178.0    37514
read      399.7   692.9    80.4   130.6   152.9   326.3   387.4   422.6   451.4   490.3   542.4   635.9  1800.5  8624.5 28324.2  10704.0    10640
read      449.5   550.3    80.4   142.1   168.3   356.5   450.8   514.5   563.3   624.5   716.7  1013.1  1941.9  5087.9 19670.0  90292.7    90490
read      395.7   271.3    74.4   141.5   166.3   348.2   438.6   493.8   534.6   584.5   654.0   781.2  1241.1  2524.9  8588.7  92386.7    92514
read      374.5   255.7    74.4   134.6   156.8   329.1   415.2   468.3   509.2   557.6   624.7   735.2  1157.3  2511.5  7875.6  89147.3    89245
read      355.9   310.3    74.4   128.6   148.0   315.4   400.6   451.5   489.7   535.3   593.1   681.2   944.2  3634.4  9949.6  73314.0    73823
read      351.0   258.0    68.9   125.4   144.1   319.2   403.3   455.0   493.9   538.2   590.7   667.0   860.4  1603.9 12446.3  46298.7    46565
read      394.9   448.2    74.4   126.7   144.6   335.0   433.8   493.4   534.0   582.7   653.0   815.8  1415.3  3911.6 10172.4  21414.7    21419
read      455.9   507.2    80.4   133.0   154.6   348.7   441.0   505.1   555.3   622.6   729.6  1403.4  2190.0  4325.3 16239.6  67174.7    66915
read      343.3   250.3    74.4   122.3   139.7   309.6   398.8   452.0   491.5   533.6   578.8   639.4   835.5  1658.6 11200.3  31420.7    31667
read      379.5   272.8    80.4   134.1   154.9   338.4   431.1   487.9   529.8   579.4   643.7   748.4  1048.5  1730.2 12955.0  72068.7    72255
read      409.3   469.7    74.4   144.4   171.5   351.7   439.5   494.1   536.0   587.6   663.0   801.7  1305.1  3913.0 16092.4 100104.0    99535
read      371.8   696.5    80.4   135.7   159.3   316.8   366.2   395.9   418.8   448.3   490.0   552.9  1624.4  8909.8 23416.5   9220.0     9226
read      360.7   275.9    74.4   128.3   147.3   319.4   406.6   457.8   496.0   541.8   601.8   692.3  1030.7  4094.5 10440.6  67232.7    67844
read      364.5   253.3    74.4   130.2   149.9   325.1   413.1   464.8   503.6   549.9   612.3   710.2   991.2  2380.6  8632.8  71503.3    71413
read      385.2   336.4    74.4   137.9   161.2   338.6   423.4   475.1   514.1   563.4   631.5   755.0  1148.5  3834.9  8690.4  97426.0    97328
read      373.8   234.1    74.4   132.6   152.4   341.2   434.0   486.9   525.2   570.0   625.9   713.1   959.8  1829.4  7882.7  55172.7    55113
read      360.1   196.3    74.4   130.0   149.1   330.6   420.7   471.9   508.7   551.5   604.7   686.4   902.7  1408.2  4144.3  54046.0    53743
read      394.9   368.6    80.4   127.8   148.4   344.0   428.4   477.3   517.8   571.9   639.0   748.1  1355.1  4199.9 13274.3  15374.0    15253
read      379.1   331.8    68.9   135.8   158.3   331.8   420.1   472.3   513.6   562.2   628.2   737.7  1072.8  3073.6  8454.6  90310.0    90605
read      369.5   307.9    80.4   126.9   144.9   320.4   417.5   474.1   516.1   558.0   612.1   726.8  1166.5  2050.7 12706.7  25830.0    25767
read      374.6   303.6    74.4   134.9   157.1   327.5   412.8   464.3   503.6   550.1   617.6   732.6  1188.5  2589.6 12312.0  93660.7    93458
read      357.1   243.3    74.4   133.1   154.5   317.7   400.3   451.6   489.8   536.7   596.9   696.3   958.8  1971.9  8495.9  95072.7    95080
read      360.4   250.8    74.4   131.4   151.7   314.5   399.5   452.4   491.9   537.9   598.2   701.3  1162.8  2291.5  7762.9  88266.7    88399
read      345.6   204.1    68.9   130.8   151.7   309.9   388.7   437.5   476.8   523.3   579.8   670.0   919.1  1692.5  4875.3  95570.7    95681
read      433.0   958.0    74.4   124.9   143.9   321.5   412.8   471.7   515.0   562.3   627.8   799.4  2574.2 10985.7 36772.2  33138.7    33003
read      485.0   361.2    74.4   156.2   192.0   438.3   547.8   603.5   644.8   701.7   804.8  1033.2  1341.7  2510.4 12957.8  98916.0    98809
read      354.1   233.8    74.4   126.6   145.1   317.0   402.9   455.5   494.2   539.7   594.8   687.4   995.2  2238.0  7817.4  64906.7    64610
read      375.9   371.1    68.9   128.3   147.2   332.5   424.0   476.7   515.3   559.8   618.9   708.5  1006.3  4694.6 10835.4  51597.3    51183
read      372.2   354.2    74.4   125.0   144.0   330.6   423.7   476.2   511.6   550.3   606.4   719.3  1084.5  3669.4 19344.9  20214.0    20194
read      442.5  1216.1    80.4   141.9   174.8   341.9   399.2   433.4   459.6   490.6   532.5   616.0  2651.8 28556.9 37135.6   7598.0     7602
read      352.4   287.5    74.4   123.9   142.1   312.1   397.5   450.3   491.6   536.6   589.7   660.0   928.7  4469.8 10013.3  46312.7    46677
read      380.8   939.4    80.4   153.9   182.5   297.6   336.3   359.1   376.1   398.7   433.1   515.7  2091.7  8487.1 32018.5   5598.0     5577
read      410.4   496.1    68.9   127.3   145.6   334.4   437.4   500.7   543.2   594.3   677.7   852.6  1606.4  5721.9 19888.8  22665.3    23035
read      399.3   395.9    74.4   128.4   147.7   320.3   412.4   471.1   519.0   578.0   658.1   905.2  1845.8  3058.0 10087.2  57699.3    57516
read      368.2   284.6    68.9   130.5   149.7   329.2   421.5   475.5   515.5   560.2   615.9   701.4  1019.9  2021.4 12454.4  62508.0    62851
read      363.7   279.2    74.4   125.9   144.7   323.0   415.1   472.9   514.2   558.8   609.0   685.9   991.6  3426.8  9980.0  38126.7    38431
read      350.6   256.3    74.4   123.3   140.9   312.2   405.1   458.5   495.6   534.7   580.6   653.4  1029.8  2067.5  8849.9  25536.7    25729
read      397.4   622.2    74.4   127.4   146.0   336.6   432.0   487.6   525.1   571.0   637.6   773.6  1203.7  6519.1 31976.5  19396.0    19443
read      443.5   350.9    74.4   128.3   149.8   379.7   513.9   594.0   648.5   711.5   785.1   906.8  1344.8  3731.3 12057.5  19314.0    19461
read      399.5   509.4    68.9   124.8   143.4   318.9   413.7   476.3   525.9   582.9   660.0   896.3  1739.0  4126.9 30681.1  42369.3    42341
read      415.7  1268.8    80.4   150.3   181.6   297.8   337.3   360.5   377.3   398.2   432.5   517.5  3120.8 28234.8 30455.7   5724.0     5691
read      410.9   597.3    74.4   124.1   142.7   316.2   411.1   475.3   525.9   582.8   671.7  1021.4  1670.8  8141.9 25822.8  39961.3    40223
read      340.2   232.1    80.4   121.5   138.5   305.2   395.4   450.7   490.8   530.5   575.7   639.3   856.1  1522.1  7832.8  30054.0    29941
read      353.9   319.6    74.4   125.6   144.2   319.1   404.3   454.2   493.6   538.4   591.2   670.3   909.2  1827.7 12852.0  40890.0    41162
read      343.9   257.6    68.9   123.1   141.0   308.8   393.5   445.1   485.2   529.1   581.0   652.5   915.5  1664.5  7946.1  44008.7    43863
read      402.2   621.9    74.4   124.2   143.8   334.0   429.5   480.1   514.9   555.9   617.2   744.5  1816.8  5726.4 31050.9  20385.3    20318
read      348.3   212.3    74.4   131.3   151.6   310.6   392.3   441.7   480.5   526.1   584.5   676.3   917.7  2230.5  4469.6  93152.0    93421
read      358.6   251.1    74.4   126.1   145.7   324.1   412.7   464.9   505.1   552.0   607.8   686.1   886.6  2109.7  8011.2  48492.7    48578
read      352.2   267.5    68.9   124.7   142.3   315.3   403.5   460.2   501.6   547.4   599.2   668.5   905.9  1775.1  8066.0  40808.7    40595
read      343.1   262.1    74.4   124.9   143.9   324.4   407.7   446.7   474.8   504.4   540.4   594.1   778.7  2795.0 10000.8  17712.0    17677
read      348.8   293.9    74.4   128.8   147.3   308.9   390.9   441.5   481.0   527.1   585.9   673.2   897.8  3849.9  8849.3  78881.3    78948
read      372.5   899.2    80.4   137.8   160.2   309.7   356.8   382.9   401.3   425.5   457.3   512.7  1481.1 11503.4 35872.5   9792.0     9703
read      321.3   323.4    80.4   134.7   155.8   310.7   355.1   379.5   396.9   417.0   441.4   490.4   654.7  3885.8 13575.5   9642.7     9686
read      317.9   263.2    86.8   139.1   164.8   302.7   345.3   367.6   383.9   402.5   430.4   480.5   688.0  3645.7  9217.4   7853.3     7968
read      338.3   399.2    74.4   124.4   142.7   319.9   391.9   427.6   452.8   481.2   514.2   570.1   722.5  3108.6 19467.3  15698.7    15830
read      321.2   436.1    86.8   140.6   163.2   302.5   342.9   367.2   384.2   402.6   430.8   478.8   687.0  4234.5 26593.3   8333.3     8192
read      357.1   219.7    74.4   131.3   151.5   320.9   404.4   458.2   497.7   543.5   604.7   696.6   940.3  1505.1  6989.9  79291.3    79410
read      366.4   387.0    74.4   129.5   149.2   321.4   405.6   458.9   498.1   544.3   602.5   699.8   999.9  4678.8 12552.3  76799.3    76582
read      357.8   333.0    74.4   126.1   144.7   319.0   405.7   456.5   493.9   538.7   593.0   672.1   911.9  4081.0  9692.9  54417.3    54634
read      365.2   293.1    74.4   129.2   148.6   319.6   409.8   463.0   502.6   548.6   610.1   714.6  1094.6  2613.0 11975.0  72780.7    72177
read      325.0   279.0    80.4   124.5   142.6   315.7   380.1   412.4   435.9   462.7   494.0   538.1   690.5  1685.7 12653.3  15162.7    15101
read      333.7   594.1    80.4   139.3   163.9   302.7   342.2   366.0   383.5   403.0   432.9   486.9   682.9  6970.9 31072.1   8036.7     8167
read      351.7   271.8    74.4   125.0   143.2   318.0   402.3   453.6   493.4   539.0   592.3   668.3   869.0  2141.0  9920.8  44162.7    44130
read      368.2   405.6    68.9   127.3   146.0   325.8   413.3   464.6   503.8   549.3   603.7   682.7   917.2  4598.3 14703.6  53143.3    53047
read      355.1   370.8    74.4   132.3   153.3   312.4   393.6   442.6   479.4   524.0   582.1   675.2   939.4  3375.9 13648.1  97480.0    97171
read      347.1   215.3    74.4   128.6   147.8   311.6   397.0   446.8   484.0   528.7   585.5   673.4   900.5  1765.3  5107.4  81516.7    81360
read      362.7   315.4    74.4   130.2   150.3   321.2   408.5   461.4   500.6   547.2   608.2   699.1   980.9  2701.0  7205.3  77050.0    77277
read      348.3   249.6    74.4   127.1   146.3   312.0   400.3   454.9   497.1   542.2   590.8   664.1   852.1  1555.6  9221.2  38497.3    38294
read      334.2   349.4    80.4   133.6   153.8   320.5   372.3   399.9   419.4   441.1   472.1   524.2   640.3  5302.9 15473.6  11073.3    11165
read      362.9   284.3    74.4   130.2   150.1   322.4   409.9   462.5   502.0   549.0   609.5   701.6   962.6  3329.4  8294.0  73660.0    74155
read      341.2   302.8    80.4   134.3   155.1   327.0   387.5   417.4   438.0   463.8   494.5   539.0   759.9  4773.0 13051.6  12457.3    12255
read      344.2   278.0    74.4   122.9   141.6   305.4   390.0   441.7   482.5   531.3   588.9   666.1   883.2  1860.6 14395.6  51996.7    52404
read      334.7   364.5    74.4   123.5   141.6   321.1   396.0   433.4   459.6   488.7   522.7   568.9   688.1  1820.1 21247.7  16942.7    17057
read      326.8   295.9    93.8   158.3   186.3   306.4   343.0   363.6   377.9   396.5   423.3   473.7   734.5  5124.1  8048.6   6008.7     6005
read      366.3   294.9    74.4   134.0   154.9   323.4   411.1   463.7   503.1   550.3   613.3   713.4  1005.6  2240.4  9162.7  85484.0    85707
read      368.2   363.1    68.9   131.0   151.7   319.3   406.5   460.0   500.9   549.2   609.7   713.0  1097.6  2920.8 11015.3  79856.7    79742
read      357.5   286.6    68.9   127.9   146.3   318.3   409.2   464.0   504.7   551.4   609.7   691.3   908.9  1820.5 10520.2  57978.0    58322
read      382.5   499.3    74.4   126.0   143.7   329.2   430.3   488.5   525.9   564.5   609.5   677.3  1157.7  7590.4 30130.5  26495.3    26212
read      343.3   239.0    74.4   126.0   144.5   305.3   393.3   443.4   482.0   527.6   583.3   665.7   867.3  1959.1  8901.6  69111.3    69487
read      359.1   430.3    74.4   119.7   137.6   307.5   407.5   467.2   507.5   547.9   593.0   662.2   962.2  7760.1 10673.1  29755.3    29507
read      361.7   239.7    74.4   127.2   146.6   325.3   415.7   471.4   512.5   560.3   617.4   697.8   932.8  1674.0  8843.8  51302.7    51412
read      360.4   335.4    74.4   127.8   147.1   314.4   401.8   457.3   498.0   546.8   606.4   691.6  1000.3  4159.4  9472.2  67273.3    67374
read      348.9   275.9    74.4   125.1   143.3   308.0   395.7   450.5   493.2   540.8   598.1   678.0   911.0  1850.1 12872.5  55144.7    55125
read      364.4   278.4    74.4   129.7   149.1   326.9   421.0   477.3   520.3   566.5   620.9   697.3   889.7  1737.6 11378.1  53116.7    53048
read      345.8   319.8    74.4   132.7   154.3   333.2   394.5   425.5   447.3   471.7   503.0   547.4   748.8  3170.4 11196.0  12409.3    12192
read      336.8   215.8    74.4   122.7   140.4   298.4   385.8   441.2   483.6   527.8   576.1   644.3   871.9  1663.7  6774.9  35953.3    36138
read      369.1   329.0    74.4   129.6   149.8   325.8   416.6   470.3   510.1   559.0   617.9   704.8   931.4  4313.2  9482.8  60711.3    60799
read      375.8   621.2    74.4   128.6   147.6   315.3   406.1   462.6   503.9   549.7   602.1   672.5   903.3  8778.2 31056.9  36544.0    36368
read      359.6   255.7    74.4   127.6   146.7   318.9   410.6   467.6   510.3   557.3   612.7   687.6   988.0  1701.5  8146.6  39694.0    39729
read      349.0   241.6    68.9   130.0   150.8   308.3   390.8   442.7   481.6   528.0   584.9   676.6   965.1  2134.9  7738.4  95454.7    95693
read      347.1   252.9    74.4   128.1   147.3   310.4   395.9   450.0   493.4   539.8   589.8   662.0   833.4  1514.0  9471.1  40424.7    40999
read      374.6   331.3    68.9   134.0   154.9   333.6   424.1   477.1   517.0   563.4   623.2   713.9   981.1  3287.9  7398.6  64840.7    65037
read      328.6   289.5    80.4   132.4   151.9   320.2   374.7   402.9   423.2   446.9   478.9   530.5   642.8  4817.1 12044.6  12737.3    12633
read      352.4   268.9    74.4   129.0   148.5   316.4   400.5   451.1   491.2   537.4   592.1   668.5   846.9  2362.6 11193.5  49712.7    50117
read      360.9   224.7    74.4   131.6   151.1   327.0   414.7   465.3   503.7   548.8   605.6   688.2   933.4  1917.1  6564.5  62668.0    62765
read      340.2   310.2    74.4   135.0   154.4   324.8   383.5   412.3   432.9   457.8   490.6   540.5   694.3  4774.5 12019.7  12488.7    12379
read      360.3   516.8    68.9   126.6   145.7   311.6   393.2   443.7   483.8   530.4   585.9   664.4   907.4  5712.2 31007.2  49385.3    49369
read      362.0   283.3    74.4   124.2   142.1   312.7   405.0   463.4   506.0   551.9   610.4   697.3  1196.8  3471.4  6497.5  39531.3    39111
read      352.5   435.6    68.9   123.9   141.5   304.3   390.1   439.6   479.6   526.5   581.6   660.3   899.0  5504.3 11045.3  52796.7    52692
read      342.0   254.6    68.9   122.7   140.0   309.2   408.3   461.0   496.5   531.8   570.5   625.3   766.1  2211.5 12983.0  24932.7    24539
read      337.2   261.7    68.9   124.8   142.9   300.1   383.0   431.7   470.2   517.8   576.2   657.0   846.2  1728.3 10909.8  61328.7    61591
read      344.6   294.0    68.9   122.4   140.2   305.6   395.1   447.8   489.4   536.0   589.2   668.3   890.0  2002.2 13111.3  48288.7    47864
read      341.3   371.7    74.4   124.0   141.8   322.7   398.0   432.4   460.2   490.1   522.9   568.3   674.6  4409.2 16934.2  16599.3    16479
read      345.4   238.5    68.9   125.4   144.4   303.9   389.1   440.8   482.4   531.0   590.2   680.4   951.9  2161.9  8601.7  75264.0    75268
read      318.9   273.8    80.4   139.0   162.4   304.0   346.4   370.0   386.9   405.1   433.6   483.0   644.2  4215.1  8587.2   8746.0     8714
read      329.1   173.6    80.4   131.6   152.1   322.5   382.4   413.6   434.0   461.5   495.3   540.8   666.3  1734.2  4634.8  13164.7    13002
read      358.6   294.8    68.9   127.7   146.6   312.0   397.3   449.2   489.0   536.0   594.6   692.3  1208.9  3273.5  7446.9  76800.0    77147
read      346.8   278.9    74.4   123.1   141.6   308.4   397.5   451.0   491.5   537.2   588.8   663.4   866.7  1761.7  9866.4  43632.0    43518
read      351.2   255.6    74.4   127.4   144.8   314.9   411.4   467.4   505.6   543.4   586.7   645.1   797.2  3086.5  9463.0  27245.3    27206
read      376.7   609.3    68.9   126.3   145.0   316.1   405.6   461.2   503.7   550.6   608.9   691.5  1157.3  7809.2 35773.6  55914.7    55859
read      347.9   250.0    68.9   125.0   143.2   306.9   400.5   458.6   502.9   546.6   593.7   665.7   851.6  2413.6  9781.8  37469.3    37448
read      345.4   295.9    74.4   121.9   140.5   300.4   388.5   441.7   485.8   534.5   589.0   663.9   910.7  3524.4  9589.7  44978.7    45026
read      379.0   280.1    68.9   136.5   160.1   334.0   421.9   475.1   515.3   565.4   634.9   759.3  1085.0  1794.4 10137.8  99398.0    99974
read      358.4   288.0    68.9   127.8   146.8   318.6   409.0   463.2   502.1   546.0   604.2   691.6   933.7  2216.3 10192.9  64745.3    64632
read      341.0   244.7    68.9   121.8   140.9   303.2   389.8   441.6   483.2   529.4   583.6   658.0   853.4  1961.5  9740.7  48993.3    49061
read      339.9   238.1    63.8   123.9   143.0   298.4   377.8   428.1   466.3   513.7   575.4   667.5   958.7  3288.1  6361.8  80251.3    80418
read      324.7   276.8    74.4   122.1   139.8   309.9   379.5   415.5   439.9   468.8   505.6   557.5   719.5  2497.2 13188.5  16481.3    16471
read      346.5   371.4    74.4   124.3   142.5   301.7   389.6   442.1   481.4   526.4   579.2   649.2   844.9  6492.3 17085.8  35822.7    35694
read      328.4   285.6    68.9   126.8   145.3   318.3   379.6   410.7   432.2   458.9   491.6   536.7   645.9  3544.6 11640.0  13871.3    13935
read      340.1   223.9    74.4   124.8   143.7   303.0   386.7   435.5   473.4   518.9   576.4   665.6   896.8  1741.9  8799.3  79572.7    79838
read      354.4   213.6    74.4   126.5   145.3   320.7   410.5   464.1   504.9   550.2   604.4   680.8   857.7  1743.0  7684.0  48432.7    48842
read      354.1   605.8    74.4   123.9   141.9   312.6   389.5   428.0   454.6   485.0   521.9   573.7   777.7  9038.4 25394.9  17766.0    17708
read      337.6   232.4    74.4   124.4   142.1   303.2   392.9   446.8   485.4   526.6   573.8   637.5   807.5  1515.2  7718.1  31322.7    31401
read      343.6   242.8    74.4   124.2   142.5   311.3   397.6   446.5   483.1   526.8   580.1   659.7   848.3  1639.8  7640.9  62037.3    62091
read      352.6   299.5    68.9   128.2   148.4   309.1   395.4   446.2   485.1   533.4   592.9   690.2  1070.0  1878.9  8265.7  86854.0    87121
read      346.2   225.5    68.9   127.9   147.6   308.5   392.3   441.1   479.1   525.6   586.0   678.2   915.4  1837.9  7784.2  81988.0    81929
read      335.5   242.4    74.4   123.0   142.0   294.9   380.3   434.0   477.8   524.4   575.7   640.7   811.9  1759.7 10388.3  42268.7    42013
read      350.6   259.7    74.4   129.4   150.0   310.1   393.6   445.3   484.4   529.8   588.1   680.1   925.3  1894.3 10293.4  90704.0    90709
read      337.6   239.2    74.4   123.6   142.6   302.1   384.7   433.2   471.4   517.4   572.2   653.2   852.4  1758.5  9229.1  67520.0    67578
read      369.9   303.8    74.4   128.0   147.7   323.8   417.6   472.9   515.7   565.0   624.8   714.0  1085.6  3983.9  7968.0  58024.0    58116
read      347.9   212.5    63.8   127.6   146.4   310.5   398.7   452.1   491.2   536.6   594.1   683.1   903.0  1643.2  5492.2  68967.3    68886
read      356.1   285.7    74.4   130.7   152.3   312.1   396.6   446.9   485.4   530.8   591.4   695.1  1012.9  2259.6 11509.5  93533.3    93119
read      351.6   434.3    74.4   128.9   149.5   304.5   388.2   436.9   474.1   518.4   577.6   677.1   943.2  2697.4 12879.3  95312.7    95079
read      334.8   225.9    68.9   122.8   141.0   297.0   380.0   429.4   467.3   513.4   572.5   662.0   875.0  1704.4  7941.7  77471.3    77456
read      334.0   246.2    74.4   124.9   144.8   321.5   391.8   427.4   454.4   484.6   517.4   567.0   688.7  3014.5  8024.1  15878.7    15723
read      329.9   330.4    80.4   135.9   157.1   317.3   365.4   391.1   409.0   431.3   465.3   515.2   676.5  3883.2 15682.8   9916.0     9867
read      318.2   252.8    86.8   140.6   165.9   309.9   352.0   372.6   388.9   406.4   430.9   478.0   638.8  3161.8  8000.9   8196.0     8176
read      358.6   276.4    74.4   129.0   149.1   314.3   400.0   452.8   491.0   536.8   598.1   700.2  1078.1  2469.3  9213.5  89260.0    89745
read      331.4   539.5    80.4   130.4   150.1   310.9   363.0   389.6   408.4   431.4   464.2   514.9   680.0  4512.6 30513.9  11126.0    11058
read      365.5   289.7    74.4   130.8   151.1   321.0   408.7   462.2   501.2   547.2   610.2   712.6  1074.3  2572.0  9384.7  81031.3    81413
read      332.1   214.5    74.4   119.3   136.7   311.0   399.9   444.7   476.0   508.2   543.9   592.5   716.1  1579.0  8065.8  21622.0    21659
read      332.3   232.0    68.9   117.0   134.0   297.9   393.4   445.8   483.2   520.8   562.5   621.1   793.5  1818.3  6374.1  27271.3    27181
read      331.3   228.9    74.4   120.8   139.5   318.2   396.7   434.7   461.5   491.4   526.8   579.5   716.9  1590.1 10411.4  17424.7    17420
read      351.6   382.9    74.4   118.4   136.1   315.4   415.9   471.3   505.6   539.7   578.4   633.5   793.6  4041.7 17765.3  22997.3    23028
read      383.5   749.0    68.9   119.5   138.0   314.2   404.9   458.4   497.5   541.7   592.2   673.7  1097.9  8704.0 31961.3  33583.3    33694
read      342.7   250.5    74.4   118.4   135.8   303.7   403.5   461.5   502.7   542.6   587.9   650.0   800.5  1716.3  9176.8  32671.3    32735
read      344.9   231.4    68.9   121.5   140.2   307.9   395.3   448.0   488.4   536.1   592.4   677.2   909.5  1680.5  6400.1  57581.3    57645
read      334.0   240.1    68.9   117.6   134.8   295.2   383.5   436.8   480.1   526.9   579.8   646.3   853.0  1813.1  8287.0  45152.7    45216
read      347.2   240.2    68.9   121.9   140.9   308.6   398.6   451.8   493.2   539.4   593.3   673.5   893.9  1798.6  6331.5  57503.3    57659
read      355.7   317.3    74.4   126.4   146.3   311.9   399.3   449.1   486.7   532.5   593.5   692.3   976.2  3204.3  9209.1  85541.3    85443
read      339.8   365.7    74.4   129.1   149.4   323.4   389.0   421.0   442.4   468.9   501.4   548.0   708.2  5856.9 12362.5  14378.0    14390
read      367.4   564.6    74.4   120.2   137.9   312.8   413.7   473.5   514.1   551.6   597.6   666.4   915.2  7572.9 31113.5  31229.3    31520
read      363.4   284.6    68.9   127.3   146.5   319.8   410.2   466.1   506.4   554.2   616.0   710.5  1086.6  2077.4 11079.6  66522.7    67089
read      344.6   264.0    74.4   127.3   147.9   328.1   410.3   448.3   473.0   501.0   533.3   578.7   726.3  2029.2  9415.2  16303.3    16537
read      337.6   290.1    68.9   121.6   140.2   317.0   401.5   441.9   471.0   500.2   533.8   583.5   734.4  4151.0 10903.7  18846.0    18930
read      342.4   234.9    68.9   119.7   137.8   307.3   398.0   451.8   491.1   534.8   586.5   659.6   821.7  1756.4  9881.9  46361.3    46784
read      349.1   379.7    74.4   128.0   148.3   307.9   389.5   436.4   472.0   515.1   574.0   673.7   922.0  3100.0 11962.2  93312.0    93102
read      348.3   298.4    74.4   128.7   148.5   309.2   390.9   437.3   473.6   519.0   578.0   674.4   948.4  2352.5  8392.6  89619.3    89799
read      354.8   259.3    68.9   126.1   144.8   315.5   404.7   458.3   498.6   544.4   602.7   692.3   958.0  1886.9  8359.3  66572.7    66551
read      380.6   289.9    68.9   137.3   159.7   333.4   418.0   469.4   509.5   559.4   625.6   734.7  1215.5  2976.1  5539.0  93377.3    93104
read      358.8   282.1    74.4   123.8   142.5   324.7   416.4   468.1   507.8   553.2   604.9   674.8   859.8  2116.6 12991.0  43755.3    43768
read      359.3   272.2    74.4   125.7   144.5   322.6   413.6   466.3   504.1   547.9   604.8   685.2   960.5  1874.7 11462.9  54134.7    54006
read      340.0   210.9    68.9   122.2   140.7   304.1   389.6   440.0   478.8   525.7   582.6   666.2   904.2  1720.0  5037.0  64843.3    64618
read      374.0   290.7    74.4   132.9   154.5   327.7   418.0   470.9   510.6   558.7   623.0   737.1  1179.7  2007.1  8627.2  86680.7    86482
read      367.0   272.1    74.4   131.6   151.4   327.5   416.6   470.3   510.3   557.7   618.4   717.4  1004.6  2313.9  7936.7  77858.7    77459
read      344.8   260.3    68.9   124.4   142.5   307.0   393.0   444.2   484.0   529.3   584.1   665.1   918.2  1896.3  9653.0  61068.0    61365
read      336.6   214.4    74.4   121.7   138.9   300.3   386.4   436.2   475.5   522.8   576.8   651.7   859.3  1896.6  6157.9  52673.3    52346
read      355.1   419.5    74.4   128.8   148.3   306.1   391.1   440.4   477.5   523.0   581.9   678.1   997.0  4547.1 13872.3  87162.0    87286
read      333.4   295.9    74.4   122.4   141.4   319.0   395.3   431.7   458.2   487.4   520.6   565.6   697.1  3467.0 17846.5  17394.7    17384
read      373.6   291.7    68.9   134.9   158.3   331.3   415.8   465.3   503.1   549.1   612.9   727.2  1066.0  3517.7  9708.5  98238.7    98165
read      356.0   287.1    74.4   125.4   144.2   315.6   404.4   456.0   495.2   541.4   596.2   679.9   998.4  2729.8  8548.9  63217.3    63330
read      329.7   583.6    86.8   156.6   179.6   289.1   325.1   346.0   362.0   380.6   409.7   467.0  1034.1 10381.0 23123.2   5896.0     5866
read      335.8   217.7    68.9   118.5   135.1   300.0   391.1   446.0   488.6   532.4   582.9   651.3   801.4  1496.9  8017.6  37366.0    37693
read      358.7   249.5    74.4   129.4   149.0   320.4   411.1   463.0   502.5   547.0   604.8   696.7   931.7  1803.5  9666.5  75444.7    75360
read      340.7   237.2    74.4   120.6   137.8   305.3   394.3   447.4   486.8   529.2   577.6   645.4   831.3  3115.9  5523.4  34628.0    34753
read      341.8   256.8    74.4   122.6   141.3   304.0   391.5   442.3   481.2   527.8   583.2   666.5   883.0  1600.9 11551.6  59466.0    59823
read      338.4   228.3    74.4   122.6   141.1   303.6   389.2   437.7   476.0   522.1   577.8   661.7   869.6  1404.1  6951.7  68025.3    68266
read      340.0   234.8    68.9   116.6   134.5   300.6   395.2   450.1   491.3   535.6   587.0   663.6   860.1  1819.6  9501.2  39663.3    39383
read      336.7   240.7    74.4   121.5   139.5   301.2   384.2   432.3   469.8   515.4   573.0   657.7   912.4  1916.8  7676.5  65116.0    65072
read      378.0   814.2    68.9   117.8   135.0   305.4   399.7   454.3   493.0   533.8   581.0   646.8  1068.8 11068.1 38932.8  33432.7    33192
read      350.4   223.3    74.4   123.1   141.6   314.2   405.5   458.4   498.1   544.0   598.6   676.7   923.0  1864.7  7275.8  51994.0    51847
read      342.1   305.4    68.9   121.2   139.8   305.9   391.9   440.9   477.7   521.2   577.0   656.7   856.3  2083.7 16101.1  61870.7    62362
read      351.0   241.3    68.9   125.7   145.4   310.8   397.1   447.0   484.5   529.7   590.0   690.7   981.8  2103.8  8078.6  84684.7    84073
read      341.9   243.2    68.9   121.6   139.7   306.2   395.7   446.2   484.3   530.4   585.4   668.4   881.2  1481.0  7953.8  63582.7    64213
read      360.6   311.1    68.9   121.3   138.6   314.7   415.8   469.4   505.4   542.4   587.5   658.9  1115.5  5210.2  8132.3  26969.3    27059
read      345.5   214.4    74.4   122.1   140.8   310.3   401.7   452.2   489.3   533.1   586.7   670.0   883.0  1807.4  5916.8  54571.3    54703
read      348.7   209.8    74.4   129.6   151.5   310.5   394.0   440.7   477.2   522.6   581.5   683.0   979.0  1885.2  3969.4  98078.0    98366
read      337.6   319.1    68.9   117.1   134.3   301.5   393.4   445.4   482.2   521.6   568.2   631.8   796.7  2465.2 10959.1  29450.7    29565
read      337.9   229.7    68.9   122.9   141.7   303.2   388.1   436.9   473.2   519.2   575.8   659.7   865.9  1367.6  8091.8  74903.3    75000
read      332.4   245.4    68.9   119.3   137.2   296.7   380.5   431.3   469.0   515.5   571.8   649.9   856.8  1598.4  4719.2  62264.7    62235
read      337.3   264.8    68.9   119.3   136.8   300.9   387.1   439.4   480.0   527.0   581.6   655.3   839.7  1716.1  7401.4  48052.0    47788
read      360.5   468.4    68.9   124.1   143.2   307.0   392.5   442.2   480.7   526.5   582.1   668.8   985.9  7186.7 15263.6  68940.0    68928
read      346.2   211.9    68.9   120.0   137.8   314.8   406.6   458.5   498.0   542.1   590.5   660.1   845.2  1377.0  7304.9  36096.0    36478
read      348.5   252.4    74.4   125.1   143.7   308.3   396.4   445.2   481.7   526.5   585.1   680.8   963.0  2490.4  8439.1  75956.7    76067
read      347.0   235.1    68.9   122.2   139.6   315.9   403.6   453.1   491.3   536.9   591.4   664.5   832.1  1746.4  9259.6  46653.3    47020
read      344.6   257.5    63.8   125.1   144.2   303.5   387.8   434.1   470.4   516.3   576.0   672.7   989.8  2568.6  7989.9  81584.7    81656
read      338.8   276.7    68.9   125.2   143.9   323.5   397.6   433.9   460.0   489.7   526.0   583.3   742.1  1990.8 12482.9  16350.0    16396
read      329.0   290.1    74.4   117.2   134.7   302.5   388.7   430.5   460.2   492.5   529.3   584.0   786.5  3857.6 12140.4  21612.7    21661
read      339.3   223.9    68.9   122.2   140.2   305.1   390.8   441.4   482.5   531.5   585.8   654.6   807.8  1678.9  6376.0  50222.0    50156
read      345.8   198.1    74.4   124.8   143.0   313.4   400.2   450.5   488.4   533.5   586.9   666.0   874.5  1904.2  3834.6  54284.7    54102
read      345.4   239.6    68.9   124.4   142.6   310.1   398.0   449.7   489.3   534.5   589.7   669.2   858.2  1641.4  9622.8  65386.7    65670
read      351.3   488.1    74.4   123.7   142.8   318.2   399.7   438.7   468.5   498.5   534.2   585.7   851.4  6573.2 30376.3  17831.3    17584
read      352.9   547.7    68.9   115.3   132.0   297.4   395.1   450.5   487.7   526.7   570.8   634.4   867.4  9960.2 22402.8  30313.3    30347
read      330.8   285.1    74.4   119.4   137.8   308.7   397.1   440.3   470.3   499.9   533.1   580.1   681.2  1572.7 14782.2  21689.3    21534
read      336.9   252.2    74.4   141.4   164.6   325.8   380.8   408.6   428.4   452.7   483.7   533.6   690.7  1734.3  8675.7  10185.3    10216
read      352.3   243.5    74.4   127.1   146.6   314.0   401.6   453.3   491.9   536.1   592.8   693.6   938.7  1829.5 10418.4  79945.3    80544
read      352.8   256.3    74.4   121.9   140.5   315.7   407.2   463.0   503.6   547.5   600.3   676.5   895.6  1966.6  9784.8  45662.0    45508
read      338.0   290.9    74.4   120.2   138.3   310.4   400.8   446.3   479.9   514.0   551.5   609.1   774.0  2199.3 13380.7  21335.3    21591
read      336.2   272.3    74.4   125.5   145.0   326.0   397.3   431.8   456.5   483.3   513.3   562.4   694.6  1695.3 13137.1  15717.3    15435
read      334.0   265.5    74.4   127.4   148.1   320.8   389.7   422.0   443.3   469.6   501.3   546.7   681.9  2798.7 12395.6  14500.7    14502
read      330.8   237.7    80.4   123.6   143.1   317.5   392.9   427.5   452.1   480.4   512.5   561.5   674.8  2106.9 10031.7  16380.0    16369
read      357.8   314.8    74.4   120.5   138.7   313.0   409.4   465.9   506.3   552.1   606.3   680.8   931.4  4238.7  9425.1  41946.7    42077
read      335.0   262.4    68.9   116.3   132.9   297.2   391.0   445.2   484.2   526.1   574.4   636.8   796.8  1760.7 10152.9  37724.7    38334
read      351.0   519.0    74.4   121.4   141.1   319.8   402.3   440.3   465.6   494.8   530.5   583.6   736.7  7697.0 28900.4  17556.7    17694
read      345.2   219.1    74.4   124.9   144.2   308.0   395.0   445.3   484.2   530.3   586.4   675.7   934.5  1578.3  6874.6  74667.3    75056
read      345.0   261.9    68.9   121.1   139.2   310.0   396.6   446.9   486.0   530.0   583.8   662.3   903.5  2024.6  5486.3  53564.7    53845
read      330.9   304.2    68.9   127.6   147.8   323.1   381.2   410.0   428.8   452.5   483.2   528.4   633.1  4458.5 11951.4  13391.3    13319
read      356.9   280.1    68.9   126.6   146.5   311.2   397.2   448.5   487.5   533.8   593.1   693.4  1069.3  3194.0  8056.4  77911.3    77808
read      347.2   333.0    68.9   119.3   137.1   301.1   389.2   441.5   483.4   529.8   582.4   661.0  1061.1  3387.3 10128.4  44270.0    44423
read      323.9   221.5    68.9   116.8   134.3   296.3   388.8   433.8   466.0   499.7   537.1   587.8   702.8  1916.2  7914.9  25730.7    25669
read      333.9   233.6    68.9   123.4   142.2   303.6   389.2   438.2   475.8   518.7   566.3   635.5   774.6  1183.4  5038.1  66384.7    66463
read      325.4   282.9    68.9   116.2   133.3   288.7   379.2   431.2   468.8   508.4   549.8   611.3   733.0  1899.9 15262.5  35630.0    35396
read      331.6   284.6    63.8   118.9   136.4   296.6   393.1   446.8   484.0   522.0   562.9   618.7   726.5  1904.7  9467.0  33584.7    33885
read      332.3   375.0    74.4   136.9   158.6   323.8   376.1   402.1   421.1   442.3   471.4   516.1   635.1  3952.2 24372.5  11708.0    11712
read      329.4   185.6    63.8   119.8   138.3   302.8   387.0   434.6   471.3   512.5   558.9   622.8   739.5   985.0  3969.7  51264.0    51485
read      333.9   204.7    68.9   122.7   141.2   304.1   389.8   438.7   476.9   519.2   567.2   629.3   758.7  1653.8  7544.8  59716.0    59378
read      331.4   221.7    68.9   128.3   148.6   300.4   378.0   424.3   459.1   501.3   553.0   631.0   796.5  1085.6  7704.7  94711.3    94757
read      330.2   233.7    68.9   123.0   141.2   298.9   382.5   429.8   465.8   507.0   556.7   626.9   780.9  1502.4 10766.8  71647.3    71707
read      321.5   378.7    93.8   161.5   186.4   294.5   329.0   346.8   362.7   380.8   405.5   458.5   715.4  4591.5 15144.1   6229.3     6184
read      318.0   178.0    68.9   118.4   135.5   293.1   372.1   419.5   454.5   495.5   542.7   600.2   691.4   876.9  6262.9  52189.3    52631
read      321.5   234.9    68.9   115.3   132.9   288.9   383.8   436.4   473.2   508.5   545.5   593.0   681.5  1466.5 10527.9  31063.3    31188
read      328.0   199.8    74.4   127.1   146.7   296.3   375.8   421.4   455.9   496.8   547.6   627.1   795.3  1201.6  4603.8  92175.3    92326
read      326.8   187.8    74.4   124.3   142.9   296.7   376.7   422.6   457.2   499.3   552.7   631.9   793.6  1203.7  4381.3  78266.7    78268
read      334.1   198.4    74.4   126.2   145.3   304.0   387.5   434.8   470.3   511.1   563.2   638.2   805.2  1098.9  4454.4  78918.7    78655
read      323.0   210.1    63.8   115.4   132.5   289.1   384.3   435.4   471.2   509.2   547.2   603.2   733.4  1576.3  6731.3  29849.3    29798
read      333.3   201.8    74.4   128.2   149.4   303.9   380.6   425.2   460.2   502.0   554.6   634.3   806.1  1130.9  7268.4  95993.3    96196
read      328.2   231.5    68.9   117.6   135.4   296.6   383.3   434.6   474.0   515.9   560.3   618.9   733.9  1549.2 10287.4  39160.7    39289
read      329.0   273.5    68.9   130.2   151.3   319.2   377.7   407.8   429.2   454.0   484.9   531.2   648.3  3913.7 11904.3  13745.3    13806
read      344.3   216.0    68.9   130.0   150.9   314.1   395.7   442.5   477.8   521.3   575.5   655.8   830.7  1184.6  9038.3  86280.0    86543
read      324.7   206.7    68.9   121.7   140.0   296.9   377.8   424.2   459.8   502.0   551.7   619.5   739.8   965.7  8129.6  67089.3    67095
read      322.0   249.1    74.4   127.0   145.6   314.5   378.8   410.3   429.9   454.4   485.9   530.0   613.5  2215.3  9772.7  15098.0    15164
read      325.2   197.7    68.9   120.7   138.8   309.2   394.1   434.4   463.6   492.8   525.3   570.8   672.7  1527.8  6764.2  21608.0    21544
read      335.5   188.0    74.4   127.3   146.2   304.4   387.9   434.1   468.6   511.6   565.6   643.2   826.6  1378.1  4340.4  80658.0    80587
read      331.2   273.9    68.9   127.0   146.4   299.6   377.5   423.1   457.0   497.1   546.8   626.5   808.1  1725.6  8046.5  90763.3    90870
read      324.3   210.7    74.4   125.3   143.2   314.6   389.2   423.7   447.5   474.2   505.4   547.6   652.6  1601.7  9248.6  18276.0    18274
read      325.2   225.9    68.9   119.5   136.8   293.8   380.8   430.4   468.4   508.9   551.0   606.4   724.1  1435.1  7829.7  33510.7    33727
read      325.1   318.5    80.4   134.3   155.8   316.8   367.8   394.4   412.9   433.8   464.1   505.5   617.9  3715.4 10779.1  11448.7    11433
read      333.0   283.4    68.9   124.4   143.7   322.0   394.0   429.2   453.9   481.3   511.8   557.4   642.6  3283.5 10047.8  16936.0    17009
read      331.4   231.9    68.9   123.1   141.9   300.5   382.6   430.6   468.2   513.4   565.2   633.2   763.2  1184.3  6158.1  61776.0    61531
read      331.6   236.4    68.9   124.1   143.0   298.7   379.3   427.2   464.2   509.5   564.8   644.8   805.6  1200.6  8440.8  77891.3    77691
read      329.8   227.9    68.9   123.2   142.0   299.0   382.4   429.7   464.7   506.0   557.2   629.9   770.5  1350.4  8110.3  74930.7    75329
read      333.6   222.4    68.9   125.4   144.6   301.1   383.4   429.2   465.1   507.4   562.0   639.9   806.1  1714.6  6651.7  79292.7    79936
read      340.2   235.1    68.9   125.2   144.5   305.6   391.7   441.5   479.6   523.4   576.3   655.7   839.7  1600.6  9347.1  74992.0    74872
read      320.0   301.1    80.4   149.8   175.2   307.5   344.9   365.6   380.4   398.8   423.7   465.3   597.5  4193.4 15592.2   7501.3     7464
read      328.9   301.7    74.4   130.9   151.9   322.9   377.9   407.6   427.6   452.3   483.2   525.0   634.3  3373.3 15273.4  12180.7    12219
read      325.7   227.5    68.9   119.8   138.2   311.9   390.9   428.3   453.8   482.0   515.2   564.7   677.1  2999.0  7839.3  19930.7    19906
read      325.7   251.5    74.4   123.5   141.6   314.7   388.7   423.2   446.8   473.0   504.8   546.0   639.8  2195.3 10371.6  18072.7    18108
read      313.4   290.0    80.4   158.4   182.9   294.7   331.2   350.7   366.0   383.6   404.5   445.1   630.3  5569.4  8804.6   6531.3     6498
read      321.2   467.4    86.8   162.4   188.7   295.3   328.8   346.6   362.4   380.3   404.0   464.8   692.5  5373.7 30448.7   5743.3     5794
read      327.4   188.5    68.9   120.7   139.2   297.5   379.6   428.6   467.1   511.9   563.6   630.8   752.3  1144.7  6198.5  53983.3    54376
read      335.4   411.4    68.9   135.8   157.8   324.3   380.8   409.1   427.0   448.4   475.0   515.2   638.7  4407.1 14079.2  12556.0    12545
read      332.9   203.0    68.9   126.8   146.3   303.5   382.3   428.0   462.8   504.9   557.8   634.6   796.5  1111.7  5021.1  85680.7    86110
read      315.9   309.9    74.4   143.8   166.8   305.9   348.3   371.0   388.3   407.4   434.3   476.3   567.8  3697.8 15694.6   9850.7     9730
read      334.8   200.6    68.9   126.1   145.4   303.8   386.0   432.9   468.2   511.3   566.3   645.5   812.3  1201.2  6807.0  82206.0    82140
read      330.8   224.6    68.9   124.2   143.6   298.1   382.7   430.2   465.3   507.5   561.1   634.6   784.0  1118.3  9586.1  78375.3    78511
read      334.2   231.7    68.9   123.2   142.3   302.6   387.5   435.9   472.8   518.2   569.7   638.9   789.5  1243.6  8438.0  68306.0    68231
read      334.7   322.8    74.4   139.5   160.7   321.7   377.3   403.3   424.5   450.8   486.5   535.4   651.5  3821.9 16620.1  11541.3    11420
read      331.0   184.2    74.4   127.7   147.4   301.2   380.1   424.9   458.7   500.3   552.0   631.8   800.8  1399.0  4785.9  89462.0    89777
read      337.1   216.6    68.9   125.0   144.4   306.1   391.3   439.8   476.2   518.3   570.5   642.5   806.4  1151.2  6144.5  75488.7    75189
read      347.5   218.8    68.9   134.0   155.1   316.8   396.2   442.0   477.8   521.0   576.3   663.0   853.3  1187.8  7618.9  96343.3    96119
read      327.3   173.7    74.4   123.7   142.1   299.3   381.4   428.5   464.9   506.6   557.0   629.3   751.8   980.6  3919.0  70274.0    69998
read      331.5   185.2    68.9   125.6   144.9   302.9   383.8   429.9   464.6   504.6   553.5   634.3   799.4  1196.6  4401.2  79926.0    79345
read      335.3   247.3    74.4   122.6   141.5   311.9   402.7   445.4   475.8   503.9   538.4   587.3   692.6  2746.8  5104.8  22130.0    21991
read      330.6   186.8    68.9   130.5   151.8   299.3   378.1   423.4   457.7   498.1   547.0   626.4   798.0  1053.4  7590.4  99488.7    99920
read      330.1   313.1    68.9   129.2   148.9   320.7   383.1   413.6   434.7   461.2   491.9   535.9   641.4  3017.9 12777.3  15263.3    15067
read      326.4   205.0    68.9   127.4   147.3   296.7   372.0   416.9   450.6   492.3   545.2   625.1   780.6  1062.7  6907.0  96080.7    96201
read      323.2   215.5    68.9   116.9   134.6   294.1   386.8   435.6   469.4   506.1   547.6   600.9   711.8  1767.0  5711.7  28147.3    28442
read      322.5   262.5    68.9   118.3   136.3   301.3   383.6   425.0   454.2   486.6   522.7   573.8   694.9  2061.6 13425.4  23654.0    23738
read      323.8   249.7    80.4   140.4   163.8   314.0   358.6   382.6   399.9   422.0   451.5   498.1   628.8  3274.8  9199.9   9450.0     9437
read      330.9   195.3    74.4   128.4   148.5   300.1   378.9   425.2   460.3   502.6   555.0   633.8   800.7  1058.4  7404.9  96470.7    97039
read      327.0   242.0    68.9   119.5   137.8   293.6   379.0   430.7   468.7   509.9   553.1   615.1   731.0  1748.2 11961.8  39906.7    39843
read      320.0   234.6    74.4   135.5   155.8   313.8   363.8   389.5   406.9   429.2   458.4   502.9   623.0  3636.3 11300.4  11624.0    11616
read      329.4   183.8    63.8   121.5   140.2   302.8   384.4   431.8   469.6   512.0   559.4   626.8   748.6  1064.7  3464.8  56008.0    56350
read      326.4   253.1    63.8   118.4   136.1   300.4   385.5   427.7   457.8   490.0   526.5   580.4   733.1  3098.2  9704.0  24818.7    24650
read      351.3   329.6    74.4   120.0   138.0   298.5   400.4   460.1   500.6   543.4   593.6   693.9  1092.7  1493.5 16139.0  34059.3    33825
read      331.4   306.1    68.9   120.8   138.8   299.8   380.9   430.9   467.9   508.5   556.0   625.7   746.2  1475.0 13563.4  54132.0    54193
read      330.1   203.8    68.9   123.5   142.2   300.5   384.1   430.9   466.4   506.4   553.1   625.6   782.3  1245.3  6729.4  76035.3    76287
read      329.5   398.7    68.9   119.4   137.4   290.0   389.7   443.8   479.4   516.7   555.6   608.7   719.0  1490.7 13660.8  30386.7    30507
read      328.9   234.0    68.9   120.1   138.5   296.6   382.1   431.1   469.9   511.3   559.8   622.9   742.7  1471.4  8422.9  43762.0    43736
read      333.8   214.5    68.9   125.5   145.5   303.1   385.1   431.3   466.5   508.1   559.5   634.7   788.4  1338.9  6934.4  81689.3    81903
read      341.8   216.6    74.4   127.7   147.3   309.6   395.3   442.5   477.4   520.0   574.2   655.8   837.3  1306.4  6455.8  80220.7    80570

Total QPS = 50078.4 (39061140 / 780.0s)

Total connections = 64
Misses = 0 (0.0%)
Skipped TXs = 0 (0.0%)

RX 9648101333 bytes :   11.8 MB/s
TX          0 bytes :    0.0 MB/s
Warning! Detected max cpu usage > 95%
CPU Usage Stats (avg/min/max): 100.00%,49.00%,100.00%
