Random waveform, supplied seed
Total number of intervals = 520 (7434, 67201, 85927, 63953, 31595, 87879, 7287, 62295, 6561, 22532, 60653, 59076, 60154, 22964, 8172, 27652, 37594, 24367, 33771, 84944, 85666, 51918, 34406, 28664, 38289, 20658, 13840, 93419, 98284, 71313, 42089, 46458, 30755, 42889, 93552, 65694, 29574, 51355, 67361, 16287, 81508, 87619, 99068, 51267, 11822, 97494, 97350, 55460, 85984, 82043, 52873, 13911, 49984, 9274, 27187, 18735, 86505, 93039, 75999, 32324, 84255, 81759, 37291, 53818, 30297, 31569, 38927, 10652, 98119, 48176, 34929, 69735, 20753, 84642, 42333, 61587, 77998, 97625, 23781, 66723, 31016, 47394, 95335, 5252, 65908, 16889, 42912, 99898, 26385, 22616, 50605, 90283, 26273, 48521, 34058, 75648, 19482, 15054, 75754, 5187, 17656, 96343, 36665, 85269, 31525, 61798, 12253, 25710, 79937, 7271, 85861, 91467, 72217, 31080, 76878, 84584, 12492, 57106, 96245, 6791, 90728, 5151, 82969, 42635, 99337, 95192, 69200, 49459, 29055, 64324, 5705, 84816, 23714, 74116, 19948, 44213, 19454, 7190, 47657, 44399, 6481, 5807, 83137, 9580, 37385, 33706, 35204, 50438, 48878, 42682, 27416, 64424, 64364, 5481, 26227, 26586, 86286, 24452, 26832, 29795, 46224, 84587, 63389, 46953, 90536, 12508, 38491, 97806, 11813, 39665, 53571, 63215, 78767, 8615, 67903, 16398, 53434, 38068, 9130, 69227, 37496, 83925, 51037, 33690, 51474, 73708, 98618, 81977, 91567, 48236, 91726, 52458, 70467, 71151, 65016, 42057, 78821, 60720, 39911, 10628, 73736, 7334, 91868, 76670, 10405, 26019, 55530, 29615, 66057, 55281, 21177, 88239, 70227, 23421, 97104, 6235, 58045, 23729, 40897, 53312, 87262, 81836, 92274, 47252, 75747, 80994, 98224, 7737, 37514, 10640, 90490, 92514, 89245, 73823, 46565, 21419, 66915, 31667, 72255, 99535, 9226, 67844, 71413, 97328, 55113, 53743, 15253, 90605, 25767, 93458, 95080, 88399, 95681, 33003, 98809, 64610, 51183, 20194, 7602, 46677, 5577, 23035, 57516, 62851, 38431, 25729, 19443, 19461, 42341, 5691, 40223, 29941, 41162, 43863, 20318, 93421, 48578, 40595, 17677, 78948, 9703, 9686, 7968, 15830, 8192, 79410, 76582, 54634, 72177, 15101, 8167, 44130, 53047, 97171, 81360, 77277, 38294, 11165, 74155, 12255, 52404, 17057, 6005, 85707, 79742, 58322, 26212, 69487, 29507, 51412, 67374, 55125, 53048, 12192, 36138, 60799, 36368, 39729, 95693, 40999, 65037, 12633, 50117, 62765, 12379, 49369, 39111, 52692, 24539, 61591, 47864, 16479, 75268, 8714, 13002, 77147, 43518, 27206, 55859, 37448, 45026, 99974, 64632, 49061, 80418, 16471, 35694, 13935, 79838, 48842, 17708, 31401, 62091, 87121, 81929, 42013, 90709, 67578, 58116, 68886, 93119, 95079, 77456, 15723, 9867, 8176, 89745, 11058, 81413, 21659, 27181, 17420, 23028, 33694, 32735, 57645, 45216, 57659, 85443, 14390, 31520, 67089, 16537, 18930, 46784, 93102, 89799, 66551, 93104, 43768, 54006, 64618, 86482, 77459, 61365, 52346, 87286, 17384, 98165, 63330, 5866, 37693, 75360, 34753, 59823, 68266, 39383, 65072, 33192, 51847, 62362, 84073, 64213, 27059, 54703, 98366, 29565, 75000, 62235, 47788, 68928, 36478, 76067, 47020, 81656, 16396, 21661, 50156, 54102, 65670, 17584, 30347, 21534, 10216, 80544, 45508, 21591, 15435, 14502, 16369, 42077, 38334, 17694, 75056, 53845, 13319, 77808, 44423, 25669, 66463, 35396, 33885, 11712, 51485, 59378, 94757, 71707, 6184, 52631, 31188, 92326, 78268, 78655, 29798, 96196, 39289, 13806, 86543, 67095, 15164, 21544, 80587, 90870, 18274, 33727, 11433, 17009, 61531, 77691, 75329, 79936, 74872, 7464, 12219, 19906, 18108, 6498, 5794, 54376, 12545, 86110, 9730, 82140, 78511, 68231, 11420, 89777, 75189, 96119, 69998, 79345, 21991, 99920, 15067, 96201, 28442, 23738, 9437, 97039, 39843, 11616, 56350, 24650, 33825, 54193, 76287, 30507, 43736, 81903, 80570)
Average QPS expected = 50130
Timestamp start: 1715807737139
Timestamp end: 1715808518334

#type       avg     std     min      p5     p10     p50     p67     p75     p80     p85     p90     p95     p99    p999   p9999      QPS   target
read      388.1   777.2    80.4   135.5   162.0   310.8   360.7   390.8   413.8   443.8   490.1   594.5  2327.3 11297.6 29838.4   7493.3     7434
read      393.9   523.7    68.9   124.2   143.7   310.7   398.0   454.4   498.2   552.9   633.8   803.8  1926.9  6024.4 20483.5  66774.7    67201
read      355.8   323.5    74.4   127.5   148.1   313.6   394.8   444.0   482.5   529.9   591.3   693.3   977.8  2912.0 11379.9  85642.7    85927
read      347.1   276.0    68.9   122.4   141.4   304.3   385.0   432.7   469.2   515.5   575.6   670.4  1078.2  3920.1  8912.1  64358.0    63953
read      336.4   262.2    74.4   119.7   137.3   305.2   386.5   435.1   474.0   517.8   563.5   631.1   809.0  1520.1 12986.2  31516.0    31595
read      357.4   345.3    68.9   128.9   150.0   316.7   396.5   446.8   486.8   534.4   594.7   691.9   917.5  2790.8 12303.1  88014.0    87879
read      345.2   794.6    80.4   135.9   163.3   293.5   334.0   357.3   373.1   395.1   424.2   483.5  1366.4  7810.9 36378.2   7392.7     7287
read      379.5   489.0    68.9   124.6   144.2   315.5   402.2   456.6   498.4   550.1   620.4   752.2  1470.3  4374.9 25551.8  61861.3    62295
read      341.5   708.4    74.4   136.4   163.8   287.5   328.2   352.0   369.0   391.5   421.8   479.7  1454.7  8169.8 31336.6   6572.7     6561
read      438.9   878.0    74.4   120.7   140.0   324.6   434.8   505.6   558.9   625.1   715.5   848.5  2049.9  9138.8 31813.8  22394.7    22532
read      372.7   405.5    74.4   126.8   146.1   319.2   403.6   455.2   494.4   543.0   607.3   714.9  1330.4  6691.9 16859.4  60631.3    60653
read      352.7   402.5    63.8   123.3   142.1   308.5   387.8   434.6   472.0   519.8   577.4   663.5   969.1  5997.7 10282.9  59270.0    59076
read      355.0   358.7    74.4   124.9   144.1   315.4   399.0   448.4   486.5   532.1   588.9   681.3   991.2  2625.0 10927.6  60434.0    60154
read      356.4   332.5    74.4   119.3   136.6   312.3   405.4   458.4   498.4   540.6   591.4   691.8  1022.6  2535.0 13213.3  22828.0    22964
read      381.4  1080.4    80.4   132.4   158.0   300.6   344.5   369.2   388.6   411.6   442.1   513.1  1348.1 12819.9 32030.1   8204.0     8172
read      409.6   546.3    74.4   121.4   139.9   323.1   426.9   498.1   550.1   616.1   724.5   915.6  1319.8  7271.5 17365.3  27724.7    27652
read      341.1   361.9    74.4   119.6   137.0   302.7   381.3   430.5   468.7   512.8   564.3   632.6   821.8  5796.8 12329.8  37416.7    37594
read      353.2   395.5    68.9   118.6   135.8   308.4   400.9   456.1   496.3   540.0   591.2   687.0  1018.9  2080.3 13778.6  24399.3    24367
read      359.1   292.0    74.4   119.4   136.2   301.4   390.6   449.9   495.4   546.3   614.0   763.3  1221.4  2891.7  9464.0  33892.0    33771
read      369.8   332.8    74.4   130.7   152.1   323.0   405.5   457.8   498.8   548.9   618.8   726.7  1074.5  3226.4  9074.6  85246.7    84944
read      361.9   407.8    68.9   128.3   148.2   312.8   394.2   444.9   484.0   533.1   596.7   701.1  1020.2  5066.4  9374.5  85642.0    85666
read      354.1   287.5    74.4   124.1   142.7   316.7   399.6   451.1   491.0   537.8   592.7   681.2   998.6  1981.9 11209.5  52308.0    51918
read      354.4   535.1    68.9   119.2   136.4   298.2   378.7   429.5   467.6   512.7   566.9   646.6  1107.2  7834.1 29773.7  34353.3    34406
read      328.4   245.2    74.4   121.1   138.6   297.5   382.1   430.7   465.8   504.9   548.9   609.8   744.9  1486.9  9901.9  28741.3    28664
read      334.8   206.7    68.9   123.5   141.2   306.7   385.5   433.0   470.1   514.0   564.8   633.4   787.9  1563.7  5652.6  38296.0    38289
read      317.7   249.5    74.4   120.6   137.6   294.8   370.5   410.3   437.8   468.2   507.6   560.2   686.4  1812.1  9932.3  20742.7    20658
read      490.8  1553.9    74.4   124.1   143.4   324.1   392.9   431.6   461.8   503.2   559.4   687.7  4812.3 30894.8 32361.3  13978.0    13840
read      373.0   315.7    74.4   134.6   158.4   330.2   414.0   466.4   506.2   555.0   622.9   731.4  1004.2  3073.6 11914.3  93670.7    93419
read      395.0   359.9    74.4   140.0   166.6   347.6   433.4   487.0   528.0   578.1   649.4   776.3  1117.8  4295.8 12036.9  98372.7    98284
read      347.0   252.9    68.9   123.9   142.7   309.7   393.0   441.6   479.9   527.2   587.3   681.0   970.8  1807.5  9534.3  71185.3    71313
read      337.4   280.3    68.9   119.3   136.3   301.0   380.9   430.2   469.2   516.4   569.8   643.2   998.1  1756.7 12346.3  42384.7    42089
read      335.6   270.9    68.9   120.2   137.9   301.6   381.7   431.3   468.4   513.9   564.7   634.4   833.9  1612.8 12922.9  46482.7    46458
read      335.8   292.3    74.4   119.0   135.7   299.4   379.6   430.1   467.0   508.6   555.1   619.0   832.0  4037.6 10312.6  30911.3    30755
read      356.6   382.5    74.4   121.7   139.4   313.0   393.2   443.6   483.7   530.5   587.8   674.8  1140.5  3743.0 10031.0  43075.3    42889
read      399.8   514.7    74.4   133.0   156.2   331.2   411.1   462.0   505.0   561.3   639.7   784.4  1613.2  7552.2 22993.2  93541.3    93552
read      364.2   467.5    68.9   123.8   142.4   309.7   391.5   440.8   478.9   525.7   588.4   688.8  1264.2  6418.6 16761.9  65778.0    65694
read      338.9   319.1    74.4   117.5   134.1   295.0   376.8   427.5   464.3   507.9   559.0   640.4  1059.7  3802.7 15290.0  29599.3    29574
read      348.7   279.8    74.4   122.0   140.1   305.4   387.5   437.2   475.1   523.4   580.8   672.3  1116.2  4341.1  7440.1  51242.0    51355
read      362.4   344.6    74.4   125.1   144.2   315.6   397.8   447.7   485.8   533.4   593.7   693.4  1358.0  3223.7  8132.9  67708.7    67361
read      362.8   553.9    74.4   120.2   138.8   317.7   393.1   436.7   471.2   515.8   574.5   670.5  1092.7  4169.6 35632.5  16396.0    16287
read      462.1   655.8    74.4   132.7   156.9   343.4   433.2   496.1   547.7   620.8   747.2  1209.5  2518.4  7119.4 27821.3  81422.7    81508
read      375.7   506.5    74.4   127.3   148.3   315.9   395.7   446.2   486.5   535.9   600.9   710.3  1272.1  8030.8 16038.3  87696.7    87619
read      387.8   357.3    74.4   134.6   159.8   336.1   417.7   467.3   506.6   559.1   635.0   766.5  1370.8  3253.7 12018.9  99166.0    99068
read      362.4   317.1    74.4   126.2   145.4   325.5   406.9   456.9   495.3   541.2   594.4   681.7  1000.4  4349.6  8517.9  51154.7    51267
read      349.4   713.9    80.4   121.3   139.5   301.6   355.6   387.0   411.3   441.4   491.0   570.3  1053.9  7364.7 30375.2  11893.3    11822
read      358.2   249.1    68.9   130.7   152.0   315.3   395.4   444.0   483.6   533.6   594.8   699.2  1087.3  2458.9  7386.2  96917.3    97494
read      355.9   292.7    74.4   130.4   152.6   317.1   395.7   442.9   480.3   527.4   590.1   693.2   974.4  1851.5 10238.4  96782.0    97350
read      362.1   285.7    74.4   126.1   145.6   323.8   405.3   456.7   495.5   541.3   599.4   688.9  1045.8  3106.1  7641.0  55368.7    55460
read      361.4   358.1    74.4   128.2   149.5   315.3   393.0   442.8   483.3   533.8   595.4   691.0  1058.3  3650.7  8758.9  85780.0    85984
read      356.8   277.1    74.4   127.5   148.1   315.5   398.2   448.3   487.6   535.8   600.6   703.5   994.1  2268.2 12366.9  81965.3    82043
read      341.2   227.0    74.4   122.6   140.9   311.5   389.5   434.8   469.8   514.8   570.5   647.9   866.3  1926.4  8630.0  53125.3    52873
read      419.9  1237.7    80.4   124.1   143.4   315.1   381.1   419.0   448.4   488.2   543.0   636.3  1665.7 24170.2 38857.3  13930.7    13911
read      420.8   602.1    74.4   128.3   148.3   327.7   421.1   481.7   529.7   587.7   670.3   936.4  1786.9  7033.7 29300.5  49736.7    49984
read      341.3   311.0    80.4   131.7   154.0   310.3   360.2   389.7   411.3   436.3   474.4   543.9  1440.5  5214.2  5952.0   9421.3     9274
read      399.4   571.7    74.4   119.4   136.7   310.7   408.4   470.3   521.2   582.1   690.7   876.2  1385.0  8173.6 17504.0  27014.0    27187
read      375.6   429.6    74.4   119.2   137.5   318.3   405.0   456.6   496.8   546.9   616.8   744.5  1303.2  6169.0 17988.1  18770.0    18735
read      347.0   226.2    74.4   127.0   148.0   311.3   388.0   436.3   476.3   526.0   587.1   681.9   912.5  1735.1  7977.2  86364.0    86505
read      375.9   404.4    74.4   132.1   154.7   326.7   406.7   457.0   497.1   547.8   618.6   730.1  1096.5  6029.6 11975.5  93105.3    93039
read      348.4   260.6    68.9   123.9   143.2   307.7   390.9   440.2   479.3   527.6   585.0   678.9  1008.8  2365.3  9723.4  75963.3    75999
read      346.6   366.1    74.4   119.0   136.3   301.0   385.5   439.0   480.2   524.7   571.3   637.0   942.9  4436.3  9577.7  32594.0    32324
read      372.1   425.1    68.9   129.6   151.1   322.4   405.1   456.1   496.1   545.4   611.1   717.1  1113.4  4529.8 11907.7  84556.7    84255
read      368.3   419.4    74.4   127.9   148.9   321.7   401.4   451.5   492.0   541.7   604.8   708.6  1054.3  6062.8 10713.9  82096.0    81759
read      334.2   232.6    74.4   119.6   137.0   299.2   377.2   427.1   466.5   513.0   563.3   635.5   912.3  1962.4  7092.6  37264.0    37291
read      343.8   223.3    74.4   122.6   140.7   310.1   392.4   440.0   478.4   525.7   582.1   661.9   917.5  1994.4  5980.0  53642.0    53818
read      350.7   540.6    74.4   119.7   136.8   299.8   380.6   432.3   470.6   516.5   565.9   635.9   934.1  8374.4 13915.3  30370.0    30297
read      330.3   215.0    68.9   118.1   134.5   298.3   383.1   436.8   476.7   518.8   566.0   626.7   778.8  1429.2  7716.1  31344.7    31569
read      334.7   223.5    68.9   120.1   137.3   301.2   382.8   434.0   472.9   520.1   570.0   640.0   849.7  1446.6  7675.1  38990.7    38927
read      342.8   661.9    74.4   129.5   151.1   309.1   358.5   385.9   405.4   430.8   465.2   533.0   856.3  7542.4 37099.0  10639.3    10652
read      351.1   240.5    68.9   130.3   151.5   314.5   391.9   437.7   476.0   525.2   588.4   689.8   942.7  1709.4  8686.7  97576.0    98119
read      341.3   246.4    74.4   120.3   138.3   309.5   389.7   439.7   478.6   525.3   580.5   660.3   849.6  1599.8  8399.7  47997.3    48176
read      333.1   324.3    68.9   118.3   135.1   296.9   378.0   431.8   472.3   517.5   565.5   629.3   805.5  1722.7 18318.5  35212.7    34929
read      350.5   258.1    74.4   124.2   143.0   313.4   395.8   445.2   482.7   527.6   585.5   680.9  1009.9  2048.8 11245.3  69640.0    69735
read      349.5   369.5    74.4   119.4   137.1   304.7   386.0   433.8   468.5   509.2   562.7   665.0  1106.8  4298.8 16543.4  21070.0    20753
read      411.5   477.8    74.4   128.8   150.7   319.2   401.1   457.0   505.5   568.2   656.5   941.4  1976.0  4701.2 14789.0  84875.3    84642
read      359.9   393.1    74.4   122.5   140.8   314.0   394.8   445.1   485.6   533.3   591.8   692.4  1227.0  2747.9 11031.5  42376.0    42333
read      367.9   484.1    74.4   124.8   144.0   316.1   400.0   452.9   492.5   540.0   600.0   690.8  1150.0  6498.0 20010.5  61857.3    61587
read      356.2   254.4    68.9   127.5   146.9   314.5   396.9   447.7   488.3   538.0   601.9   705.0  1050.6  2016.4  8221.4  78316.0    77998
read      374.7   256.7    68.9   136.0   161.1   334.9   413.6   462.8   502.2   552.6   624.4   736.4  1038.2  1952.7  7775.3  97472.0    97625
read      364.5   453.2    74.4   121.3   139.5   308.8   394.5   444.7   479.2   520.3   570.8   675.5  1120.8  7718.6 12640.0  23843.3    23781
read      384.4   526.3    74.4   125.1   145.1   316.3   398.4   448.6   488.9   540.5   610.4   738.7  1777.8  6286.7 27916.9  66374.0    66723
read      345.8   253.8    74.4   119.7   137.5   307.0   394.8   449.6   489.0   533.1   581.5   653.2   994.7  2361.9 11385.7  30982.0    31016
read      345.6   252.5    74.4   122.0   140.8   312.4   393.5   441.4   480.2   527.2   582.3   664.2   921.1  1528.9  9925.3  47716.7    47394
read      365.9   260.6    74.4   133.0   155.8   324.9   403.9   455.2   495.3   545.4   613.3   718.4  1011.3  2984.0  9026.7  95518.0    95335
read      332.6   531.9    80.4   147.8   175.6   285.3   318.0   337.7   352.5   371.8   403.2   477.2  1454.1  7252.9 28327.1   5343.3     5252
read      350.4   224.1    68.9   124.3   143.6   315.1   398.0   448.2   487.8   534.4   590.3   679.3   960.8  2151.5  7574.3  64986.0    65908
read      390.3   832.8    74.4   123.5   143.3   320.7   398.6   441.0   470.1   506.6   553.0   655.6  1386.1  8046.8 36502.9  17002.0    16889
read      337.2   242.4    74.4   119.1   136.3   301.1   382.4   434.6   473.4   522.6   576.1   653.6   923.1  1665.6  9708.6  42890.0    42912
read      377.2   268.0    74.4   135.2   159.1   331.0   413.6   465.2   505.9   558.6   631.3   752.4  1137.6  2485.6  8005.7  99951.3    99898
read      338.3   339.3    74.4   119.8   137.0   302.7   386.9   437.7   473.1   514.7   558.8   623.1   835.5  2858.6 14797.0  26403.3    26385
read      416.4   393.8    74.4   122.4   142.4   343.4   468.0   546.5   605.3   671.3   751.8   872.3  1186.7  4292.6 13817.4  22549.3    22616
read      342.0   219.7    68.9   121.4   139.9   310.2   391.0   440.1   480.7   527.4   584.1   660.8   841.0  1692.7  7754.6  50344.7    50605
read      358.5   251.0    68.9   129.8   151.0   319.0   399.3   451.4   492.0   541.0   607.2   712.7   989.9  1727.8  8030.3  90278.7    90283
read      334.0   265.1    74.4   119.1   136.5   304.8   391.3   442.6   477.7   517.2   560.1   620.8   774.9  1492.0 11088.3  26553.3    26273
read      342.7   276.9    74.4   120.7   139.1   305.1   384.9   433.1   472.1   523.1   580.4   661.7   992.2  2373.5 13151.2  48777.3    48521
read      334.0   260.9    74.4   118.1   134.4   293.8   380.4   436.1   475.4   520.8   570.6   636.5   866.5  3054.2 10647.5  33586.7    34058
read      357.8   525.9    68.9   123.1   142.2   303.2   385.6   435.1   472.5   521.8   582.1   671.2  1004.6  7818.2 28639.3  75487.3    75648
read      324.2   287.5    74.4   120.5   138.4   306.5   383.1   422.8   449.5   479.6   516.6   564.8   671.0  1537.7 14026.4  19538.0    19482
read      434.0   935.5    80.4   128.1   149.9   337.3   413.3   455.6   488.0   527.8   580.1   690.3  2543.5 11612.9 32319.3  15034.7    15054
read      451.7   477.1    68.9   134.9   158.7   350.6   445.0   506.6   557.6   627.8   739.8  1240.9  2119.0  4060.2 10715.2  75396.7    75754
read      334.5   776.5    80.4   149.0   177.0   280.2   314.0   333.7   346.8   367.4   395.3   447.5  1397.6 11537.2 29527.2   5270.0     5187
read      417.9   778.8    68.9   121.3   140.7   340.5   432.5   490.1   533.1   584.6   650.6   760.5  1420.7  9663.8 35676.1  17390.7    17656
read      497.3   597.1    74.4   147.2   183.7   395.8   476.2   535.3   591.7   690.3   829.2  1120.3  2172.2  6276.6 24898.2  96293.3    96343
read      339.9   268.7    74.4   120.3   137.4   303.4   385.4   440.0   481.3   530.0   581.8   652.1   837.1  1788.8 12366.3  37300.7    36665
read      355.0   319.2    74.4   127.0   147.4   309.9   389.0   438.1   477.6   527.2   590.2   687.3  1000.0  4544.6  7016.1  85302.7    85269
read      346.3   271.9    74.4   120.6   137.4   305.9   387.6   436.2   478.3   526.7   580.8   669.3  1062.5  3376.3  8671.6  31528.7    31525
read      355.3   411.8    74.4   122.1   140.6   305.6   389.1   439.9   479.3   527.7   587.5   684.0  1149.3  3221.2 12768.4  61578.7    61798
read      344.2   449.5    74.4   123.3   142.8   312.2   370.9   404.2   429.6   460.7   505.7   581.5  1010.3  4064.3 21667.6  12372.7    12253
read      466.5   868.6    74.4   121.3   140.4   333.8   459.6   540.8   601.8   684.8   804.5   985.9  2202.5 10102.7 30975.0  25722.0    25710
read      401.1   403.6    74.4   125.2   146.2   320.2   403.2   458.6   504.4   563.5   654.4   920.3  1901.1  3172.6 11961.7  79964.0    79937
read      315.5   463.4    80.4   132.3   155.6   284.3   322.2   341.9   357.7   376.5   408.1   467.4  1195.2 10576.3 15605.6   7352.7     7271
read      399.6   364.8    68.9   129.7   151.8   321.6   403.4   458.6   505.9   566.7   650.2   842.1  1907.0  2995.6  8162.1  85727.3    85861
read      336.7   215.6    74.4   123.9   143.4   301.3   374.5   422.3   460.8   510.3   572.8   658.4   894.3  2210.0  5923.8  91081.3    91467
read      333.3   250.3    68.9   121.3   139.4   299.9   377.8   425.6   461.8   504.8   558.4   635.9   907.9  1823.0  7623.1  72373.3    72217
read      342.0   329.7    74.4   118.4   135.6   303.6   387.9   440.1   478.2   521.0   568.4   636.9   879.8  4489.2  7746.2  31012.0    31080
read      334.1   293.9    74.4   121.5   139.8   297.8   376.3   423.9   461.3   506.6   562.1   640.9   888.7  1756.8 12697.3  76752.7    76878
read      353.6   267.5    68.9   126.6   146.8   311.2   391.1   440.7   482.1   533.8   596.9   696.6  1054.5  1932.5  8681.8  84444.0    84584
read      335.9   270.9    80.4   124.5   146.6   318.1   379.1   412.6   435.9   467.7   510.1   574.0   780.1  3199.6 10085.6  12543.3    12492
read      373.8   439.2    68.9   122.5   142.2   316.2   399.4   449.7   489.2   538.8   603.8   718.6  1485.2  5788.4  9119.6  57302.0    57106
read      357.8   248.8    68.9   129.4   151.3   313.2   391.9   439.7   478.0   526.8   589.7   698.7  1312.9  2389.7  7318.8  95930.7    96245
read      328.2   653.4    74.4   137.9   162.1   282.8   319.4   341.0   357.1   375.1   403.5   458.2  1357.0  7920.1 31287.1   6846.7     6791
read      358.3   275.0    74.4   128.9   150.5   314.8   394.9   445.4   485.4   536.0   601.9   702.6  1044.6  2708.4  7183.9  90164.7    90728
read      331.8   690.4    86.8   149.3   172.6   279.8   316.8   337.6   353.3   374.5   404.0   472.2  1349.8 10324.4 25444.6   5217.3     5151
read      354.8   253.1    74.4   126.6   147.1   316.7   399.5   450.5   489.6   538.0   599.5   701.9   944.5  1782.2 10145.7  81884.0    82969
read      340.1   221.7    74.4   119.6   138.0   307.8   385.9   433.8   472.5   519.6   573.1   646.4   883.4  1886.2  5858.7  42644.7    42635
read      362.9   315.0    68.9   131.0   154.0   320.9   398.0   447.8   487.0   535.7   602.6   717.1  1018.3  2078.8 11556.0  99400.7    99337
read      376.1   409.8    74.4   133.3   156.3   327.1   409.8   462.0   502.4   551.9   618.0   727.0  1036.4  4292.3 20682.9  95434.7    95192
read      346.2   232.3    74.4   123.9   143.7   312.0   394.0   442.8   480.5   526.5   584.7   669.9   899.2  1932.2  7855.9  68991.3    69200
read      341.4   246.2    74.4   119.9   138.2   304.9   384.6   433.1   472.4   521.1   578.3   660.6   960.9  1922.1  8558.9  49475.3    49459
read      346.3   474.0    74.4   118.3   134.9   299.5   386.7   437.3   476.6   518.4   564.1   629.1   844.8  8084.9 14692.5  28892.0    29055
read      351.3   281.7    68.9   123.3   142.1   311.2   395.1   445.5   484.1   531.5   590.2   679.1  1002.7  3418.2  7364.1  64112.7    64324
read      322.9   564.9    80.4   143.8   170.7   280.4   319.4   343.0   361.0   383.1   417.4   489.3  1313.6  7281.7 32926.0   5637.3     5705
read      428.1   429.3    74.4   131.0   154.8   339.1   423.9   480.6   532.2   601.1   709.2  1049.0  1987.0  3129.2 16629.3  84136.7    84816
read      352.8   294.6    74.4   117.7   136.0   308.8   402.3   455.6   494.7   539.0   595.6   704.7  1014.9  2520.7 12366.3  23829.3    23714
read      392.4   434.8    74.4   125.3   145.5   314.8   398.5   454.2   499.0   555.2   631.4   801.8  2107.0  3198.3 15522.2  74020.7    74116
read      353.2   352.5    74.4   118.2   135.1   309.8   396.4   442.7   476.4   517.6   571.0   677.3  1009.1  3949.6 10247.0  20157.3    19948
read      366.1   434.9    74.4   118.5   136.0   302.1   386.9   439.6   484.8   539.2   605.0   747.9  1438.9  4362.5 18376.5  44736.0    44213
read      327.7   309.8    74.4   119.2   136.8   306.4   384.7   425.6   453.5   484.0   520.0   574.0   798.0  1611.4 15092.1  19700.0    19454
read      357.8   507.3    80.4   138.1   165.9   307.4   351.3   377.9   396.6   421.0   456.2   534.7  1614.9  7011.5 14973.5   7213.3     7190
read      363.0   473.3    74.4   123.0   141.5   316.1   399.3   452.0   494.4   541.5   597.5   677.7   968.3  6593.9 24695.3  47414.0    47657
read      344.0   311.9    68.9   120.0   137.6   305.9   386.1   436.4   474.9   522.8   577.2   651.0   903.4  3136.1 10408.7  44136.0    44399
read      362.4   873.1    93.8   145.9   175.5   302.8   342.1   364.1   380.3   401.2   434.4   505.0  1251.8 12198.3 31319.6   6666.7     6481
read      335.0   543.4    86.8   145.2   171.7   290.6   328.0   351.3   368.8   391.2   422.3   488.5  1437.8  9533.4 28130.8   5930.0     5807
read      430.9   484.9    74.4   134.6   158.6   347.8   436.0   495.3   545.0   611.4   705.9   956.1  1896.4  3770.8 26346.1  83262.7    83137
read      361.0   860.5    80.4   130.3   154.3   310.2   360.0   388.3   409.1   433.2   467.8   525.6  1412.5  8097.9 33242.5   9652.7     9580
read      343.3   244.7    74.4   121.0   138.9   308.1   387.6   439.2   479.6   525.5   579.7   659.5   936.9  1836.2  7622.4  37141.3    37385
read      343.8   373.2    68.9   120.9   138.5   304.4   387.0   437.0   478.5   522.0   571.5   643.0   980.6  2547.9 13406.3  33670.7    33706
read      337.8   234.5    74.4   122.3   139.9   305.7   382.9   433.2   474.4   521.3   571.9   642.0   886.8  1465.9  7679.6  35244.7    35204
read      351.3   291.1    74.4   124.1   142.2   312.0   391.6   440.0   480.2   528.0   585.1   670.8  1080.1  2597.8  9362.3  50399.3    50438
read      349.2   284.2    68.9   123.4   141.9   309.7   389.8   439.9   480.7   531.3   589.0   669.7   983.3  3847.8  8030.2  49075.3    48878
read      356.2   561.8    74.4   122.6   140.7   306.3   388.4   441.5   482.9   530.4   584.7   660.9   902.1  7447.8 35695.5  42528.0    42682
read      330.6   200.7    68.9   120.6   138.3   298.9   386.5   438.3   474.6   513.5   558.2   620.7   801.8  1474.6  6447.2  27248.7    27416
read      359.8   248.2    74.4   129.0   148.6   321.1   407.9   458.6   497.6   544.6   603.5   691.4  1036.7  1984.9  6764.4  64353.3    64424
read      342.5   230.5    68.9   122.8   141.4   308.3   389.1   436.9   473.8   518.8   574.5   657.9   944.4  1936.3  9103.1  64437.3    64364
read      359.7  1010.5    80.4   152.3   178.1   283.5   318.9   338.5   353.3   372.8   400.6   465.6  1592.8 18091.3 31529.1   5507.3     5481
read      372.2   303.6    74.4   120.7   138.3   312.8   418.8   481.7   525.4   574.5   647.1   805.4  1153.1  4019.4  7854.8  25910.7    26227
read      359.0   300.7    74.4   119.8   138.0   306.8   405.2   463.2   506.0   550.5   615.9   759.8  1058.6  3318.3  7556.3  26445.3    26586
read      341.9   248.9    68.9   124.7   143.9   303.0   381.3   429.9   468.2   517.4   579.9   672.7   928.8  2257.8  8147.7  86492.0    86286
read      342.2   269.7    74.4   117.8   134.9   303.3   389.6   440.9   475.0   516.8   565.3   651.0   999.9  2342.6  9602.5  24753.3    24452
read      350.0   290.6    74.4   116.9   134.0   299.6   389.4   444.9   484.7   530.8   587.2   696.2  1075.1  5173.2  8298.6  26802.0    26832
read      355.3   485.0    74.4   119.2   136.3   301.0   389.2   443.4   481.9   524.6   573.8   638.2   856.8  8096.8 15390.5  29732.7    29795
read      360.6   442.7    74.4   123.0   141.8   311.5   394.1   446.5   487.4   534.7   590.6   673.7   983.5  7792.6 13344.7  46163.3    46224
read      360.5   394.1    74.4   128.5   149.0   312.4   391.3   439.7   480.2   532.0   598.2   700.4  1135.6  3805.6 12700.4  84504.0    84587
read      338.7   231.8    68.9   121.8   140.2   304.3   385.1   433.3   470.3   518.0   573.5   652.5   901.4  1958.2  7230.9  63646.7    63389
read      352.4   341.5    68.9   120.9   139.2   305.0   384.5   433.7   475.2   524.1   578.5   665.3  1297.5  3106.1 10186.7  46985.3    46953
read      413.7   618.3    68.9   133.9   158.0   342.0   428.4   483.3   527.5   582.5   654.9   794.2  1528.1  5757.2 28635.2  90893.3    90536
read      358.7   561.8    74.4   128.7   149.2   323.7   385.7   420.9   447.5   480.2   524.8   602.6  1287.3  4423.0 31807.3  12618.0    12508
read      363.5   419.6    74.4   120.5   137.9   309.0   394.0   448.1   491.4   540.3   600.4   718.6  1257.6  4527.3 19162.4  38376.7    38491
read      368.5   344.9    68.9   133.1   156.4   323.3   403.2   453.3   492.2   541.3   608.6   718.3  1041.7  3347.0 10795.2  97853.3    97806
read      339.3   348.4    74.4   126.8   147.5   315.8   374.8   404.6   429.0   459.1   501.2   578.5  1070.3  3766.1 15304.4  12009.3    11813
read      375.4   311.3    74.4   121.0   139.4   309.3   397.1   457.8   506.8   563.1   636.0   849.9  1425.8  3189.7  7553.8  39418.7    39665
read      364.0   275.1    74.4   126.7   145.5   326.1   412.2   465.2   504.4   549.4   607.7   694.8   997.0  3082.5 11021.7  53752.0    53571
read      384.1   465.7    74.4   128.2   148.2   331.9   420.9   473.0   513.7   562.3   626.6   724.6  1166.3  7798.3 19177.0  63164.7    63215
read      357.6   278.8    68.9   126.9   146.6   312.3   396.6   448.6   488.6   536.5   596.1   697.7  1115.2  2535.1  8875.6  78583.3    78767
read      351.3   635.7    86.8   134.4   159.0   307.1   353.3   377.8   397.8   423.4   457.5   528.3  1316.2  7961.7 29773.4   8708.7     8615
read      417.1   465.4    74.4   130.5   151.3   335.6   426.4   483.1   528.9   588.2   676.1   881.0  2113.4  4277.6 12654.2  67293.3    67903
read      386.0   579.0    74.4   125.5   145.4   340.8   425.7   473.9   507.5   544.6   593.2   684.1  1032.3  8407.0 28753.3  16278.7    16398
read      381.7   338.6    74.4   124.6   143.6   316.7   405.7   460.7   504.4   557.0   629.5   792.3  1657.6  3852.5  8476.7  53088.7    53434
read      360.5   238.4    74.4   124.7   143.5   325.1   413.4   466.1   504.5   549.6   606.0   689.0   990.8  1759.4  5826.9  38014.7    38068
read      338.3   377.2    80.4   136.0   159.1   309.2   357.0   384.3   402.8   428.3   462.3   526.2   866.6  4925.9 12792.0   9254.0     9130
read      365.2   311.4    74.4   126.7   146.5   323.2   410.0   461.6   502.4   550.5   612.9   712.3  1035.5  2205.3  9413.2  68749.3    69227
read      363.1   434.5    80.4   123.4   141.7   316.5   403.6   456.7   497.3   544.5   600.2   686.9  1098.9  4040.2 30258.9  37611.3    37496
read      393.6   320.4    68.9   133.4   156.6   338.2   424.3   477.2   519.5   572.5   645.1   784.5  1524.6  3465.8  9812.3  83868.7    83925
read      396.8   599.7    74.4   128.6   148.2   339.5   425.8   478.1   519.5   568.3   630.3   729.4  1221.4  8990.1 30681.2  50998.7    51037
read      358.4   296.0    74.4   123.7   141.5   320.2   402.1   456.6   497.9   544.6   599.9   687.7  1111.1  1670.8 12324.2  33945.3    33690
read      353.8   225.3    74.4   124.6   144.0   321.9   404.4   455.5   494.6   540.0   596.8   684.1   940.8  1531.7  7692.1  51382.0    51474
read      366.0   315.6    74.4   128.6   148.8   324.8   411.1   463.6   503.3   552.7   617.8   720.6   994.6  2184.8 10252.0  73350.7    73708
read      362.8   257.8    74.4   132.8   155.9   325.2   405.0   454.3   492.9   540.5   604.0   704.4   945.9  1779.9  8070.9  98737.3    98618
read      352.8   287.5    74.4   126.2   145.9   310.3   393.8   444.4   483.8   531.6   592.7   688.8   962.7  2864.6  9767.2  82104.0    81977
read      370.0   303.9    68.9   132.2   154.3   324.4   409.8   461.3   501.2   550.2   618.8   732.0  1077.0  3196.5  8416.3  91488.0    91567
read      352.1   240.0    74.4   123.2   141.6   314.5   398.8   452.0   494.2   541.3   599.7   686.4  1009.1  1925.7  5464.0  47891.3    48236
read      377.0   249.1    74.4   136.1   159.4   335.6   418.7   468.9   511.2   564.3   632.2   741.7  1065.6  2019.0  8813.5  92013.3    91726
read      341.8   219.6    74.4   122.2   140.8   313.2   391.6   436.8   473.1   519.5   574.9   653.0   873.4  1617.8  8483.0  52583.3    52458
read      349.1   310.2    68.9   124.4   143.2   307.0   387.2   437.5   477.2   524.5   584.1   672.9   988.9  3171.0  8369.0  70585.3    70467
read      366.3   452.8    68.9   126.5   146.2   314.6   398.7   448.3   486.6   534.2   595.6   694.4  1231.4  3104.8 16993.8  71095.3    71151
read      359.7   264.7    68.9   125.1   144.7   320.3   404.5   457.3   498.2   545.1   606.7   699.1  1026.9  2821.8  8042.4  65349.3    65016
read      344.5   220.7    74.4   121.2   139.4   312.5   392.8   441.2   481.6   528.4   581.1   658.7   923.2  1817.1  6300.0  42244.0    42057
read      360.7   295.6    68.9   127.7   148.2   321.2   403.8   456.2   497.3   545.4   607.2   703.1   969.9  2030.3  7760.2  78476.7    78821
read      352.2   298.5    74.4   124.1   142.7   313.5   397.6   448.3   487.2   534.4   594.6   682.9   947.4  2040.7  6883.5  60650.7    60720
read      346.8   208.1    68.9   121.9   139.8   314.0   395.4   447.0   486.9   534.0   587.9   664.5   922.6  1774.6  5040.3  39566.0    39911
read      459.3  1516.3    74.4   128.4   149.5   312.8   370.3   402.8   428.7   461.7   507.2   584.7  4868.8 28651.3 37784.6  10624.7    10628
read      409.7   508.1    74.4   125.3   146.1   318.2   405.0   460.6   504.6   563.3   648.8   943.4  2134.5  4132.1 18283.8  73247.3    73736
read      330.7   630.4    80.4   137.8   164.0   294.6   337.0   360.6   377.5   398.5   430.4   504.0  1164.8  4744.2 32398.7   7361.3     7334
read      435.3   372.3    74.4   139.7   166.4   359.2   446.6   503.2   550.3   619.5   724.4   958.9  1849.2  3079.2 12042.2  91595.3    91868
read      363.8   280.7    74.4   128.1   148.4   320.9   404.4   456.4   496.3   544.2   609.7   717.7  1060.7  2492.3 11899.2  76486.7    76670
read      397.2   950.8    80.4   131.2   152.5   313.2   370.9   402.7   427.6   459.8   506.6   588.1  2458.1 10689.8 32241.4  10580.0    10405
read      396.0   412.9    74.4   121.9   140.7   322.7   421.2   487.2   535.9   600.6   705.6   883.3  1335.5  4608.4 17614.0  25866.0    26019
read      376.8   340.7    68.9   122.7   140.7   308.7   396.4   452.3   496.7   550.4   630.1   823.5  1610.1  2346.1  9902.8  55368.0    55530
read      344.1   264.9    74.4   120.5   137.5   302.7   390.2   443.6   482.5   524.6   574.7   651.3  1014.2  3338.0  9791.3  29545.3    29615
read      350.5   230.1    74.4   125.7   144.7   316.7   401.4   451.2   489.3   534.0   590.0   676.8   923.2  1649.6  8818.9  66123.3    66057
read      344.4   246.8    74.4   122.7   141.2   311.0   392.3   439.4   476.5   523.4   580.4   661.3   937.4  1885.0 10015.7  55416.7    55281
read      368.1   303.5    74.4   121.5   139.5   320.0   413.0   467.5   506.0   548.8   609.7   733.3  1256.2  3554.8 11022.5  21236.0    21177
read      368.8   361.0    74.4   129.5   151.0   318.1   397.6   448.7   489.2   539.6   607.6   718.7  1183.1  4381.7 12534.1  87980.7    88239
read      357.6   240.2    74.4   127.8   147.3   319.9   404.7   456.4   495.9   544.0   604.5   692.3   982.0  2002.9  7876.3  69916.0    70227
read      415.2   914.6    74.4   123.8   142.4   325.2   420.4   479.2   518.5   560.4   617.7   729.5  1559.3 13285.0 32187.9  23570.0    23421
read      421.7   360.1    74.4   139.0   165.6   347.7   431.5   487.7   534.8   598.5   690.1   887.1  1855.2  2920.1  8375.9  96970.0    97104
read      338.4   523.8    86.8   144.2   171.4   295.9   334.4   358.0   376.4   397.0   426.8   489.4  1368.8  7823.8 14533.7   6348.7     6235
read      394.8   347.6    74.4   128.4   148.6   333.1   423.6   480.0   523.5   577.2   645.9   781.2  1707.1  4066.2 10170.2  57693.3    58045
read      395.0   895.7    74.4   119.3   136.8   310.3   403.3   456.9   494.1   535.9   587.4   702.1  1269.2 10781.3 40408.8  23706.0    23729
read      383.0   552.3    74.4   120.8   139.4   306.2   389.7   447.9   496.2   551.8   634.1   861.3  1460.1  6454.0 31019.1  40825.3    40897
read      350.4   416.0    68.9   122.2   141.0   309.0   386.8   431.5   468.5   514.3   570.3   653.7  1006.6  5276.4 12934.4  53094.0    53312
read      356.4   265.4    74.4   128.2   148.9   313.8   395.3   445.1   483.7   532.0   595.4   699.6  1040.4  2548.0  6962.4  87270.0    87262
read      374.5   268.3    68.9   130.7   152.4   330.7   416.5   469.0   510.0   562.5   632.9   749.9  1076.1  2894.5  8438.8  82119.3    81836
read      377.6   376.6    74.4   133.0   156.3   331.5   415.1   466.0   506.1   554.7   623.8   736.4  1085.8  3807.6  8171.4  92673.3    92274
read      363.1   328.8    74.4   123.3   142.4   318.3   403.5   456.0   497.9   546.3   606.1   692.8  1171.6  2684.2 13109.0  47102.7    47252
read      377.6   339.0    74.4   130.7   151.6   333.4   423.1   476.9   517.9   566.6   629.8   737.9  1068.2  2778.4 13486.2  75626.7    75747
read      367.9   288.9    68.9   129.4   150.8   324.3   408.0   459.5   499.5   548.2   613.3   723.7  1047.5  3264.2 10137.4  80438.7    80994
read      382.1   458.5    74.4   135.3   159.7   333.7   415.6   466.3   506.4   555.5   623.6   737.5  1024.5  3768.4 13833.0  98056.7    98224
read      347.1   770.0    74.4   137.1   164.3   301.4   345.8   371.5   390.9   413.8   445.9   509.9  1561.4  6437.7 43744.4   7692.7     7737
read      372.5   278.4    68.9   124.1   142.6   320.7   411.7   470.3   516.7   565.4   627.2   757.3  1295.7  2459.8  8065.2  37423.3    37514
read      358.3   554.8    80.4   132.1   153.6   315.8   368.3   396.8   417.9   442.5   475.8   534.3  1408.1  6362.1 28322.8  10712.0    10640
read      345.6   225.5    68.9   128.1   148.9   310.0   389.1   436.4   475.0   522.7   583.0   677.7   894.5  1401.2  8858.6  90097.3    90490
read      363.0   344.0    74.4   130.9   152.8   316.7   394.4   444.1   484.7   536.4   601.6   699.6  1053.9  4244.0  9844.8  92748.7    92514
read      378.7   288.0    68.9   132.8   155.7   333.9   417.0   467.5   509.1   561.4   631.9   748.9  1216.9  2285.7  7600.7  89054.7    89245
read      364.9   265.1    74.4   128.0   148.1   322.3   408.1   460.4   500.1   546.8   610.8   712.5  1127.0  2444.5  5954.2  73898.0    73823
read      341.5   193.9    74.4   121.7   140.3   310.2   392.9   444.4   483.5   530.5   584.8   661.3   854.1  1520.3  5690.9  46495.3    46565
read      370.2   335.7    74.4   122.5   141.5   324.6   418.9   473.4   515.5   562.2   624.9   740.7  1074.9  3135.4 18077.3  21347.3    21419
read      390.2   421.9    68.9   127.7   147.9   322.9   409.9   464.7   507.9   559.9   628.9   764.5  1896.2  3356.6 15608.9  67316.0    66915
read      347.3   474.1    74.4   120.0   137.2   304.0   386.0   437.1   477.1   519.9   566.1   632.0   849.9  7647.4 28028.3  31612.0    31667
read      347.5   314.4    74.4   124.0   142.7   308.5   388.3   437.3   475.5   522.9   581.6   670.5   988.7  2430.8 11560.0  72014.7    72255
read      362.1   380.0    74.4   132.7   155.1   316.0   395.0   444.2   483.1   531.3   593.9   695.5   984.3  3543.7 13901.4  99794.0    99535
read      329.2   387.5    80.4   131.6   154.3   307.2   357.7   386.7   406.3   431.9   469.1   536.2   815.7  2557.4 21465.1   9392.0     9226
read      392.1   437.1    68.9   124.6   144.6   315.7   404.5   462.8   509.4   566.8   642.3   836.6  1764.1  3996.9 15288.6  67148.7    67844
read      370.6   354.4    74.4   129.1   149.5   327.1   415.0   465.3   506.1   556.1   623.0   725.5  1065.8  2819.3 16488.5  71097.3    71413
read      351.9   235.8    68.9   130.1   151.4   311.5   388.1   437.3   476.7   525.9   588.9   687.5  1013.8  2442.0  7202.5  97318.7    97328
read      345.3   246.9    68.9   124.2   142.6   314.0   394.3   441.6   479.6   526.0   583.2   665.1   872.5  1754.0  9903.7  55330.7    55113
read      353.1   219.6    68.9   124.8   143.5   317.6   403.3   454.9   494.4   541.5   597.8   680.3   952.3  1825.1  6788.8  53986.7    53743
read      366.7   323.7    80.4   123.7   143.4   332.9   412.5   460.9   497.3   539.7   597.7   684.1  1054.2  2922.8 12504.6  15262.0    15253
read      462.6   503.1    74.4   138.1   165.3   355.5   441.7   504.8   560.5   639.2   775.7  1449.6  2011.2  3544.0 15581.8  90474.7    90605
read      396.2   833.7    74.4   120.9   138.9   312.2   402.8   459.6   501.4   546.6   610.4   747.7  1213.9 10625.9 32341.1  25575.3    25767
read      483.7   494.8    74.4   145.2   176.2   371.4   457.2   527.2   591.6   684.1   807.0  1452.8  2139.6  3433.7 16261.1  93485.3    93458
read      367.3   290.4    74.4   133.8   157.0   327.0   406.0   457.1   496.8   545.8   612.2   719.8  1005.6  1960.7  8588.0  95404.7    95080
read      351.6   262.0    68.9   127.6   147.9   310.4   392.2   442.6   482.5   530.8   591.5   690.1   999.7  2051.1  8759.8  88539.3    88399
read      442.8   727.7    74.4   141.2   167.6   353.7   441.5   498.4   543.9   602.7   686.6   846.2  1893.1  8364.9 31692.2  95500.7    95681
read      367.6   333.3    74.4   122.7   141.8   319.4   402.3   459.9   503.4   550.2   606.5   701.3  1247.0  3796.1  9138.5  33398.7    33003
read      359.3   307.9    74.4   133.6   155.7   317.2   395.7   444.5   483.4   531.8   593.6   693.8   986.5  2576.3 10097.7  98786.0    98809
read      398.0   550.5    74.4   125.3   145.2   323.3   406.9   460.2   501.4   552.1   622.3   759.0  1907.3  5167.9 30241.0  64575.3    64610
read      355.7   260.4    74.4   123.5   142.5   319.0   401.9   452.2   491.3   539.0   594.0   677.5   997.9  2796.3  9111.0  50878.7    51183
read      379.9   586.0    74.4   120.4   137.7   318.9   407.3   456.7   490.7   529.2   579.2   672.0  1324.5  9119.8 18884.4  20442.0    20194
read      618.0  2305.6    74.4   141.3   171.2   314.9   362.6   390.3   410.1   434.7   475.7   584.8 12260.0 35470.9 37689.7   7603.3     7602
read      420.8   806.6    74.4   124.3   143.0   319.6   408.9   468.1   517.5   575.9   650.8   852.9  1830.1 10812.7 31334.1  46266.0    46677
read      389.4   979.6    80.4   150.9   177.9   294.0   332.0   354.5   371.0   395.6   434.3   533.3  2702.1 10791.7 32018.1   5602.0     5577
read      729.3  2710.2    74.4   122.9   143.0   333.7   438.7   501.5   547.2   614.2   748.8  1189.4 15173.1 36058.8 57645.3  22916.7    23035
read      579.4  1761.4    68.9   129.2   151.5   341.9   444.7   518.7   579.3   665.1   885.2  1545.7  3192.1 31163.1 50442.5  57096.0    57516
read      361.3   278.8    68.9   125.0   143.7   318.7   407.5   461.9   501.9   547.8   608.7   703.2  1085.0  2118.1 10375.0  62698.7    62851
read      345.8   293.9    74.4   120.0   137.8   305.6   389.3   443.5   485.8   532.7   584.6   660.2   933.7  3937.4 10785.1  38375.3    38431
read      457.3  1353.0    74.4   119.5   137.2   310.0   411.3   470.0   509.3   552.3   612.7   755.2  1850.7 22740.1 32415.1  25740.0    25729
read      750.1  2761.0    74.4   123.6   143.9   334.2   430.1   485.3   526.7   580.2   665.8   887.7 16430.3 32366.8 42334.5  19468.0    19443
read      538.9  1720.9    68.9   122.8   143.0   332.6   424.4   471.3   508.5   552.5   625.0   798.0  8782.4 30717.7 37189.1  19498.0    19461
read      369.9   320.1    68.9   120.5   138.6   304.0   394.4   456.2   505.4   560.6   630.8   832.2  1396.7  2581.9  9024.1  42234.0    42341
read      316.6   522.2    80.4   150.8   177.9   290.1   324.8   345.4   362.0   380.5   403.5   457.4   769.5  6583.1 29163.8   5685.3     5691
read      355.8   266.6    74.4   122.9   141.5   320.2   403.3   457.1   498.1   542.8   595.6   674.3   993.2  2204.6 10262.0  39780.0    40223
read      350.9   310.3    74.4   121.5   139.0   315.1   404.4   459.7   500.5   541.7   586.4   652.4   857.2  3800.2 12557.1  29999.3    29941
read      350.1   225.1    74.4   122.8   140.8   317.1   401.8   456.0   497.5   543.2   596.3   669.9   863.4  1780.5  7663.0  41060.7    41162
read      358.8   246.4    74.4   122.9   141.6   322.9   408.0   460.0   500.5   546.3   603.5   684.4  1077.4  2026.3  6318.8  43964.0    43863
read      377.3   482.3    74.4   121.6   140.2   323.1   412.0   459.4   494.0   533.8   586.9   691.9  1353.0  5946.6 16169.6  20556.7    20318
read      489.8   543.5    74.4   147.8   178.6   377.0   471.2   534.5   589.7   676.5   843.7  1400.8  2026.0  6025.2 19031.8  93095.3    93421
read      351.5   224.3    74.4   122.4   140.7   317.4   401.9   455.4   496.0   542.9   599.1   677.5   953.4  1716.3  5025.9  48476.0    48578
read      339.4   239.9    68.9   118.9   136.7   304.3   386.9   439.2   481.6   528.9   580.8   651.6   905.9  1831.5  7520.3  40381.3    40595
read      363.9   291.9    74.4   122.4   141.7   332.0   416.4   461.8   494.9   532.5   584.8   679.0  1102.7  2744.4 12275.3  17852.0    17677
read      435.6   440.9    74.4   131.6   153.3   329.9   420.5   483.5   537.6   612.2   730.5  1334.2  1995.3  3169.9 14050.9  78784.0    78948
read      449.9  1473.1    74.4   134.4   157.9   313.6   365.7   395.3   417.6   445.2   486.6   577.6  4396.9 31275.2 37477.2   9802.0     9703
read      514.8  1450.2    80.4   137.2   162.2   336.2   398.3   434.2   463.4   501.9   556.1   861.7  5825.9 30203.1 35895.4   9683.3     9686
read      362.4   975.2    86.8   140.3   164.2   299.1   340.3   364.1   381.6   403.1   432.9   512.6  1469.1 10564.7 40245.2   7973.3     7968
read      342.3   542.8    74.4   122.5   140.8   315.8   384.1   417.4   440.1   467.9   502.0   548.8   751.6  8628.8 27112.6  15824.0    15830
read      366.3   840.2    80.4   144.3   169.2   304.4   344.9   366.4   381.6   399.4   426.3   482.7  1486.1 10151.5 31543.8   8138.7     8192
read      340.8   256.2    68.9   122.5   141.0   299.8   380.2   429.2   466.3   513.2   572.6   662.3   957.3  2302.1  9269.1  78863.3    79410
read      361.3   434.6    74.4   125.9   145.5   316.3   399.6   451.1   491.3   539.2   601.7   702.0  1006.5  3500.6 25357.6  76548.7    76582
read      374.1   348.8    74.4   127.4   146.5   330.3   419.9   470.8   510.1   558.1   619.0   713.0  1071.0  4029.7 12320.5  54074.7    54634
read      350.9   274.1    68.9   125.7   144.9   311.5   397.7   448.8   488.7   538.1   596.5   688.3   950.2  1663.8  8535.0  71893.3    72177
read      330.9   351.0    74.4   124.7   144.0   313.6   377.9   411.1   434.0   459.9   493.0   541.7   699.4  4108.6 17915.8  15106.0    15101
read      310.4   245.0    80.4   139.9   163.9   299.3   339.8   361.6   376.4   396.4   421.9   464.7   618.3  3958.4  9335.1   8168.0     8167
read      341.1   218.8    68.9   120.5   138.0   308.1   391.1   442.9   484.2   532.0   585.9   656.3   860.3  1564.2  4349.5  43920.0    44130
read      355.1   456.6    68.9   122.6   140.7   313.8   396.0   446.6   486.0   535.2   590.5   667.6   875.9  2660.1 20914.5  53190.0    53047
read      355.9   248.1    68.9   132.2   154.2   317.2   395.7   444.6   483.2   531.5   595.6   692.8   949.3  1826.3  8511.6  97119.3    97171
read      361.3   357.6    74.4   128.3   148.3   316.7   398.6   452.4   493.4   541.3   605.4   705.3   985.1  4057.7 15396.8  81160.0    81360
read      353.0   241.5    68.9   128.7   147.9   314.1   397.8   448.9   488.8   536.3   596.9   694.4   979.0  1744.0  6203.7  77422.7    77277
read      340.1   247.0    74.4   120.3   137.4   302.1   386.7   437.9   479.1   525.3   574.0   638.0   894.7  2969.0  7702.2  38164.7    38294
read      335.5   480.1    80.4   130.3   150.4   309.3   357.8   383.9   402.7   424.6   452.4   498.9   707.0  8150.2 11360.1  11174.7    11165
read      341.1   254.8    68.9   124.1   142.2   305.5   387.5   436.4   474.2   520.3   578.0   662.9   882.3  1590.2  8127.2  73863.3    74155
read      316.2   278.1    74.4   127.1   146.6   307.8   361.4   389.1   407.8   429.4   458.9   505.0   621.3  1727.0 12526.0  12099.3    12255
read      354.4   288.4    68.9   122.4   141.1   314.7   396.5   445.6   483.6   530.6   589.6   675.9  1044.1  2992.9  8714.3  51999.3    52404
read      343.6   487.8    74.4   120.7   138.0   315.3   387.5   422.5   446.5   472.7   505.8   555.6   805.1  6159.4 28391.1  16970.7    17057
read      302.0   241.0    80.4   149.6   175.5   287.7   320.8   339.2   352.5   369.4   393.9   445.9   681.4  3166.1 11152.6   6069.3     6005
read      352.2   236.2    74.4   128.1   148.3   313.6   394.6   443.1   482.8   531.7   596.1   692.7   935.9  2739.7  7562.4  84645.3    85707
read      353.1   334.7    68.9   125.1   144.6   308.7   390.3   439.5   479.2   528.1   588.6   686.5   984.4  3692.4  9315.7  80074.7    79742
read      346.2   214.8    74.4   124.0   142.6   311.9   396.3   445.3   482.4   527.8   584.4   666.6   926.6  2036.6  5210.3  58680.7    58322
read      335.8   207.0    68.9   120.9   138.0   308.3   391.4   441.5   478.1   516.6   560.9   623.3   804.9  1563.7  5559.2  26368.0    26212
read      368.9   492.8    68.9   126.0   145.6   319.9   405.6   457.3   497.7   544.4   607.1   713.4  1032.0  5161.8 31061.6  69522.7    69487
read      333.9   264.0    74.4   117.5   133.9   298.0   388.6   442.3   481.0   522.7   566.6   628.2   858.5  1629.3  9916.8  29617.3    29507
read      366.1   516.3    68.9   122.5   140.8   312.1   396.5   451.4   493.1   540.6   598.7   683.5  1082.5  7607.7 28762.0  50928.0    51412
read      367.4   299.6    74.4   129.4   148.7   324.0   412.2   465.6   507.4   556.6   619.3   716.3  1102.5  2511.4  8113.3  67524.0    67374
read      344.3   212.9    74.4   122.2   140.2   310.8   396.9   448.3   487.7   535.7   590.6   671.1   879.6  1389.8  7645.1  55186.0    55125
read      359.3   244.4    74.4   125.2   144.1   321.6   406.6   459.1   499.9   547.2   606.8   694.9  1080.6  1932.6  7845.1  53008.0    53048
read      335.8   362.9    80.4   131.7   152.2   321.4   377.9   405.7   425.2   448.0   478.1   528.4   690.6  5790.9 15270.3  12198.0    12192
read      335.3   243.4    74.4   119.7   136.3   297.6   383.1   435.9   476.3   521.6   570.9   638.9   880.2  1873.5  9207.2  36047.3    36138
read      358.2   277.1    68.9   125.8   144.3   323.2   408.1   458.2   497.0   543.5   600.1   683.9   970.8  2274.6  9671.6  60414.0    60799
read      370.4   561.0    74.4   123.9   141.9   321.7   410.1   466.8   508.4   554.2   606.6   681.6   965.1  5856.1 35367.8  36560.0    36368
read      334.6   204.4    68.9   119.1   136.1   303.2   382.7   432.8   471.6   517.7   569.6   638.4   856.5  1536.5  6984.2  39852.0    39729
read      350.8   250.1    68.9   130.6   151.5   312.4   391.2   438.2   477.4   527.2   591.5   687.6   947.8  1665.5  8539.3  95903.3    95693
read      346.8   278.0    74.4   121.5   138.9   309.4   394.2   446.1   488.1   534.6   586.0   660.4   879.6  1852.9  9345.4  41419.3    40999
read      371.5   479.5    74.4   125.5   144.5   317.8   405.2   456.1   496.0   543.8   602.6   698.9  1212.0  5473.4 25113.3  64918.7    65037
read      325.6   246.5    74.4   129.6   149.6   318.1   373.7   402.8   422.9   445.4   472.8   521.0   676.5  2560.0 12959.6  12768.0    12633
read      363.9   382.4    74.4   126.0   144.3   323.7   411.4   463.1   503.0   548.0   605.3   689.7  1060.6  1985.8 11523.2  49841.3    50117
read      395.6   552.4    74.4   129.9   149.6   333.7   422.6   476.1   518.1   567.4   629.6   731.9  1382.2  7856.2 25097.6  62514.0    62765
read      318.0   212.7    74.4   128.3   147.7   311.3   365.7   393.0   411.8   433.8   464.3   516.8   662.5  2114.2  9547.6  12383.3    12379
read      350.7   249.9    74.4   122.6   140.6   316.7   399.1   450.2   491.0   539.1   594.2   679.1   936.3  1846.6 11614.3  49261.3    49369
read      336.1   269.8    74.4   119.6   136.4   300.4   380.6   432.6   472.6   521.2   572.6   642.1   860.0  1571.8 14199.5  39186.7    39111
read      356.1   303.3    74.4   123.2   141.8   315.0   398.9   449.6   489.5   536.9   593.7   680.4  1113.4  2858.9  7127.8  52845.3    52692
read      344.4   320.3    68.9   119.0   135.9   304.8   395.0   444.0   478.5   516.1   559.0   625.6   985.2  3931.8  8607.6  24555.3    24539
read      335.8   206.3    74.4   121.1   139.3   305.6   385.8   434.1   472.5   518.2   573.3   645.4   835.9  1469.8  4347.9  61423.3    61591
read      349.8   289.4    74.4   122.0   140.8   317.3   398.7   449.9   490.1   537.1   590.9   666.5   857.4  1893.7 11858.1  48186.7    47864
read      321.6   293.7    68.9   119.8   137.6   306.4   376.6   412.2   435.5   462.6   495.9   540.3   663.6  2506.3 14651.6  16545.3    16479
read      353.3   444.1    68.9   125.1   144.0   310.3   392.7   440.8   479.8   530.7   592.2   678.9   912.7  2087.9 14364.8  75032.7    75268
read      320.2   371.6    74.4   133.8   156.9   297.4   339.8   362.6   378.8   399.0   426.4   475.2   815.1  5047.2 15481.2   8729.3     8714
read      320.6   222.3    74.4   128.9   147.8   315.4   371.5   397.7   416.3   436.5   466.4   511.4   631.5  2345.8  9150.5  13006.7    13002
read      362.2   249.1    74.4   128.3   148.5   323.6   407.3   458.2   497.9   547.2   611.1   709.4  1027.3  2125.3  7781.5  77061.3    77147
read      337.4   237.2    74.4   120.1   137.8   301.1   383.9   436.1   477.9   525.2   576.9   645.6   848.7  1713.8  8537.7  43678.0    43518
read      332.8   253.7    74.4   117.8   134.8   299.1   393.5   446.6   481.3   518.4   558.3   614.5   747.0  2039.5  8780.7  27156.0    27206
read      343.7   245.5    68.9   124.4   142.6   311.9   395.2   443.1   481.2   527.2   581.3   660.9   847.8  1909.2  7926.0  55690.7    55859
read      344.7   221.9    68.9   121.9   140.0   312.6   398.5   452.5   494.0   539.8   588.3   653.8   829.0  1488.1  4359.8  37176.7    37448
read      348.2   280.0    68.9   121.4   140.2   314.0   397.0   448.0   489.0   535.9   590.5   667.5   904.4  1972.5 12676.5  45003.3    45026
read      349.4   291.6    74.4   129.6   151.0   307.7   383.0   430.2   467.4   513.7   574.9   672.6   942.8  4126.5 12147.9 100175.3    99974
read      356.8   298.8    68.9   125.0   143.6   316.4   400.8   452.5   492.7   539.4   597.7   684.3   941.8  4393.1  9422.0  64745.3    64632
read      338.1   250.4    74.4   120.1   138.3   303.4   386.2   435.9   474.9   522.4   576.4   651.5   847.6  1686.6 13024.7  49116.7    49061
read      350.4   450.9    68.9   124.4   143.2   304.1   384.0   432.4   470.0   517.6   578.5   671.1   963.5  3695.6 16198.7  80395.3    80418
read      327.8   238.3    74.4   121.0   139.4   316.8   386.6   421.8   446.6   473.1   506.2   553.4   697.1  3061.9  8474.9  16562.7    16471
read      333.8   240.7    74.4   119.6   136.8   301.6   384.8   437.1   477.7   521.7   568.4   631.9   799.5  1420.1 10799.3  35572.0    35694
read      323.8   279.3    74.4   123.5   143.5   313.4   373.6   402.5   423.7   447.6   477.3   530.2   734.4  3042.5 14486.0  13836.0    13935
read      335.3   238.0    74.4   122.5   141.1   297.1   377.0   426.4   463.9   509.1   567.0   650.9   945.9  2105.7  5573.0  79494.0    79838
read      347.7   327.3    74.4   121.3   139.3   309.0   387.7   436.2   477.8   525.3   579.9   655.9   947.7  4040.2  8126.7  48862.0    48842
read      316.9   216.3    74.4   119.4   137.6   300.9   372.3   408.4   433.7   462.5   501.9   556.5   679.5  2389.8  8001.5  17901.3    17708
read      324.9   237.9    74.4   116.2   132.4   290.2   374.3   427.3   464.4   506.2   549.8   609.3   793.8  2493.5  7859.3  31427.3    31401
read      336.0   197.5    68.9   122.6   140.9   302.7   383.9   432.4   468.8   515.6   570.7   653.0   882.3  1675.7  2515.9  61750.0    62091
read      349.5   248.7    68.9   128.0   147.8   306.7   385.0   432.5   471.4   521.1   584.5   682.9  1049.5  2705.0  7514.1  87194.7    87121
read      365.5   504.1    68.9   127.3   147.7   311.3   391.4   440.3   479.4   527.9   588.2   689.4  1138.2  7261.9 13765.2  81638.0    81929
read      340.7   202.2    74.4   124.1   142.0   310.2   391.0   440.6   478.4   523.2   574.8   645.1   861.2  1607.4  6301.1  42229.3    42013
read      366.9   266.7    68.9   131.9   153.1   319.1   398.5   449.0   490.5   543.2   612.5   720.0  1311.0  2853.6  6710.6  90814.0    90709
read      350.8   320.8    74.4   127.3   146.0   311.4   394.7   443.2   480.8   525.9   580.5   668.3   935.8  2657.9  8787.5  67512.0    67578
read      353.7   284.4    68.9   128.5   147.1   317.4   400.8   451.9   492.2   540.1   596.6   678.5   927.2  1870.4 13203.7  58142.7    58116
read      346.8   222.0    74.4   125.5   144.6   309.1   392.2   441.0   480.9   529.7   588.0   674.4   995.8  1867.3  4514.3  68900.7    68886
read      356.6   398.4    74.4   129.4   150.7   308.5   386.5   436.9   477.6   527.5   589.4   684.7  1059.6  3050.2 15069.8  93280.7    93119
read      345.4   298.2    68.9   128.3   148.6   302.9   377.6   425.5   464.0   513.3   575.2   668.6   948.3  3070.8  9225.7  95235.3    95079
read      348.4   284.9    68.9   126.6   145.6   305.2   382.5   430.9   469.5   516.9   577.7   673.0  1096.4  3851.8 10323.6  77131.3    77456
read      307.5   253.1    74.4   118.7   136.0   295.4   357.3   389.7   412.5   437.4   474.3   531.6   689.0  1502.3  7916.1  15800.0    15723
read      316.9   472.7    80.4   131.7   152.8   300.5   344.1   368.3   386.0   405.3   432.8   481.0   702.4  5141.5 30735.6   9898.7     9867
read      356.1   776.4    80.4   135.3   160.0   293.9   335.9   359.1   374.8   396.5   427.1   488.8  1709.3 10172.4 31987.5   8152.0     8176
read      341.6   224.5    74.4   126.0   146.1   306.1   384.8   431.3   467.7   514.8   574.3   664.1   878.8  1926.1  8396.0  89480.7    89745
read      315.3   237.5    80.4   129.1   149.7   307.5   358.5   384.3   401.4   424.7   455.7   503.0   628.0  2093.5 10527.6  11101.3    11058
read      329.2   216.1    63.8   121.8   140.4   294.3   373.3   420.7   457.9   503.8   559.4   639.3   849.1  1616.4  7669.8  80759.3    81413
read      323.7   252.4    74.4   118.0   134.7   299.4   377.1   421.0   450.7   484.2   526.4   583.6   778.6  1916.4 11401.2  21730.7    21659
read      314.6   204.2    74.4   117.7   133.5   287.2   365.3   410.3   443.0   481.4   525.4   583.5   719.6  1678.3  7220.9  27532.7    27181
read      301.6   230.1    74.4   118.2   135.5   288.1   350.3   381.8   403.3   430.4   464.4   516.4   673.1  2002.3  8077.4  17430.0    17420
read      319.3   243.8    74.4   119.5   136.8   294.7   368.3   411.3   440.0   473.8   515.4   571.4   744.6  2469.3  6245.4  23005.3    23028
read      336.1   213.1    74.4   121.1   139.6   303.2   383.7   433.0   472.0   518.8   567.8   635.1   845.6  1576.9  5864.3  33778.7    33694
read      325.6   204.9    74.4   118.3   135.1   295.6   371.9   422.7   461.7   505.7   552.7   616.0   805.5  1470.1  7180.7  32740.0    32735
read      349.8   293.8    68.9   123.4   142.1   313.5   394.0   440.8   478.6   525.3   581.2   664.3   931.1  3866.3 10184.9  57517.3    57645
read      356.6   568.0    74.4   120.5   138.9   306.7   387.0   435.1   473.3   520.6   573.7   651.6   939.5  9175.2 30541.1  45080.7    45216
read      354.9   240.9    74.4   125.9   145.2   323.2   404.0   452.6   490.3   535.4   592.3   678.6   956.4  1942.0  8199.1  57543.3    57659
read      344.7   225.9    68.9   127.4   147.5   311.2   387.5   434.6   473.9   522.9   582.6   674.5   889.1  1462.9  9043.2  85614.7    85443
read      321.9   289.8    74.4   123.9   141.7   310.1   370.6   401.6   423.5   448.2   479.2   528.4   664.4  4296.4  8769.2  14413.3    14390
read      339.7   332.3    74.4   118.8   135.5   295.5   375.5   427.3   465.3   507.1   556.8   636.2  1027.7  7638.0  8736.7  31516.7    31520
read      351.8   338.4    74.4   123.3   142.2   311.6   391.1   438.2   476.3   523.4   579.4   664.2   933.5  4492.8 12268.8  66858.0    67089
read      311.4   230.9    68.9   121.3   139.4   296.5   359.2   392.4   416.4   443.4   477.1   534.3   724.6  2990.1  7837.0  16674.7    16537
read      339.2   519.0    80.4   120.7   139.0   307.1   384.4   425.4   454.5   487.1   525.9   580.7   769.0  3839.4 29457.0  19233.3    18930
read      353.1   389.7    68.9   123.5   141.5   315.4   392.8   439.7   479.6   524.2   576.9   653.8   890.4  4233.7 13602.9  46700.0    46784
read      335.6   245.8    74.4   125.9   146.3   300.7   375.9   424.3   461.8   506.5   565.4   646.3   841.6  1475.3  9785.2  92851.3    93102
read      342.8   310.7    68.9   125.5   145.5   302.7   378.1   425.0   462.4   508.5   568.2   660.2   941.1  2829.1 10947.3  89736.7    89799
read      353.1   373.0    68.9   123.5   142.2   305.4   386.4   432.2   468.5   514.3   573.8   664.6  1237.1  3453.5  9475.2  65916.0    66551
read      358.1   322.6    68.9   129.8   151.2   311.9   388.5   437.4   478.0   529.2   591.8   690.2  1025.1  3888.0  9492.2  93650.7    93104
read      344.0   310.0    68.9   121.8   140.3   309.1   387.6   436.9   477.3   524.4   579.8   657.9   888.5  1607.9 10579.4  44014.0    43768
read      337.3   229.1    68.9   121.6   139.8   305.7   383.1   430.0   466.7   509.8   564.3   638.8   872.3  1878.8  7928.6  53966.7    54006
read      332.6   221.9    74.4   120.7   139.3   300.2   378.7   425.0   460.3   504.7   558.7   635.6   872.7  1817.5  8245.2  64494.7    64618
read      338.6   231.0    68.9   123.5   143.6   302.1   378.1   425.9   462.6   508.6   570.1   660.5   924.9  2006.9  6719.8  86662.0    86482
read      341.4   280.7    74.4   122.5   141.6   302.8   382.3   430.3   466.8   511.7   571.2   662.1   940.6  2360.2 10033.2  77192.7    77459
read      343.3   278.7    74.4   122.5   141.5   307.7   386.3   431.8   468.9   513.9   570.5   656.5  1024.9  1962.7 12142.4  61558.0    61365
read      360.9   485.4    68.9   125.2   144.0   319.1   402.3   450.9   488.2   533.2   588.4   675.9   930.6  5230.5 35167.7  52544.7    52346
read      348.4   231.6    68.9   126.4   146.6   308.7   386.9   434.7   473.2   524.1   586.4   681.1  1025.2  2658.5  3990.7  87314.7    87286
read      338.5   679.4    80.4   118.9   136.1   297.8   365.7   401.9   427.1   455.0   490.4   545.0   758.4  8960.0 36114.4  17288.7    17384
read      360.0   281.6    74.4   132.8   155.2   319.4   400.1   450.0   488.9   537.4   598.2   698.6   956.9  1835.8 10929.9  97992.7    98165
read      336.5   201.1    68.9   122.6   141.0   308.0   387.0   433.3   468.2   512.2   564.3   637.9   868.0  1518.3  5332.0  63370.0    63330
read      290.2   278.3    74.4   139.5   165.9   269.4   304.3   322.5   337.8   355.1   376.4   427.7   831.5  4090.7 10031.1   5843.3     5866
read      345.1   258.7    74.4   120.9   139.2   309.0   389.3   437.4   476.6   521.7   574.3   645.7   987.7  4314.9  7595.1  37398.7    37693
read      344.2   255.8    68.9   123.6   142.7   306.6   383.9   432.3   470.1   517.1   577.3   668.4   965.1  2358.4  7815.6  75286.0    75360
read      332.2   225.7    74.4   119.6   136.7   298.9   379.4   429.7   467.4   512.1   562.7   632.8   839.3  1610.6  9415.7  34808.0    34753
read      350.8   287.8    74.4   124.4   143.5   311.5   392.5   439.7   478.1   524.1   582.0   670.3  1067.5  2144.9 10157.3  60052.0    59823
read      343.4   347.5    74.4   122.0   140.8   302.4   382.7   429.4   465.1   508.8   565.5   647.2   999.0  4606.2 10229.8  68292.0    68266
read      344.6   257.5    74.4   122.0   140.3   310.9   390.0   440.6   479.5   524.0   576.1   646.6   876.2  2202.0  9532.9  39308.0    39383
read      350.0   247.8    74.4   124.1   142.8   311.1   392.1   441.0   480.1   527.1   586.3   682.0  1075.2  2026.1  8837.5  65324.0    65072
read      328.8   268.9    74.4   118.0   135.1   294.5   373.8   423.5   460.9   503.9   549.7   618.7   830.5  2871.1 11518.9  33292.7    33192
read      358.0   510.5    74.4   122.8   141.8   314.1   396.1   444.7   482.1   527.5   583.8   667.6  1002.6  6146.0 23241.3  51673.3    51847
read      333.0   228.2    68.9   122.4   140.6   300.2   378.7   426.2   461.3   504.6   558.2   635.3   844.2  1667.1  7972.8  62530.0    62362
read      348.9   220.0    68.9   127.5   147.0   313.3   394.2   442.9   480.8   528.8   589.6   684.8   928.6  1692.7  6270.8  83940.0    84073
read      333.4   234.1    68.9   121.9   140.4   302.1   381.0   428.6   464.9   508.7   562.9   640.0   814.3  1554.7  9860.1  64144.0    64213
read      333.8   227.8    68.9   120.0   136.7   303.2   392.4   441.9   475.5   512.2   550.0   613.5   806.5  1742.1  7833.8  26752.0    27059
read      337.6   221.9    74.4   121.4   139.9   306.3   384.2   430.3   467.0   513.2   568.6   644.0   901.1  1694.6  7499.7  54644.0    54703
read      361.0   242.7    74.4   132.0   154.1   319.8   399.8   448.6   487.2   536.4   600.7   710.5  1063.0  1978.4  7850.2  98622.0    98366
read      336.8   190.6    68.9   119.2   136.5   304.4   394.0   448.8   487.0   527.0   572.4   634.2   843.1  1514.1  4031.2  29346.7    29565
read      333.6   257.5    74.4   122.8   140.9   297.4   375.2   423.1   460.7   506.7   563.6   641.5   881.6  1968.5 10826.0  74704.7    75000
read      335.0   214.5    74.4   122.1   140.8   304.6   381.8   430.5   467.9   512.4   566.5   641.9   839.7  1710.7  6801.9  62420.0    62235
read      350.2   360.1    74.4   122.9   141.1   308.7   390.6   438.9   479.4   526.4   582.4   662.1   947.4  5009.1  8132.6  47683.3    47788
read      350.3   282.3    68.9   123.6   141.9   304.8   388.4   437.7   476.7   524.7   585.5   679.2  1211.5  3037.3  8052.2  68588.7    68928
read      331.1   241.0    74.4   118.9   135.5   293.3   376.5   431.1   472.3   517.3   566.8   632.7   876.2  1595.6  9185.0  36258.0    36478
read      353.1   347.3    74.4   126.0   145.7   311.4   396.3   447.5   486.9   535.0   596.0   685.5   950.3  2547.1  9906.8  75880.0    76067
read      332.1   183.0    68.9   120.8   139.3   305.5   378.0   422.2   456.9   500.1   553.5   633.1   880.4  1537.5  3220.6  46990.0    47020
read      338.8   267.1    68.9   122.3   142.0   300.4   377.3   425.4   462.5   508.0   568.7   659.7   945.0  2202.7  9772.7  81764.7    81656
read      321.3   285.3    74.4   121.0   139.1   298.4   361.9   397.9   424.1   455.2   494.8   552.9   726.6  3894.9  9425.2  16572.0    16396
read      327.4   258.6    68.9   119.1   135.3   300.0   382.9   427.6   458.7   493.6   534.5   590.6   788.1  1587.4 12139.8  21628.7    21661
read      341.5   281.7    68.9   121.7   140.2   305.2   383.8   430.3   466.6   512.0   570.2   652.1   977.7  1935.4 15343.6  50251.3    50156
read      333.3   214.6    68.9   121.4   138.9   299.7   378.4   427.4   465.1   509.6   566.8   643.1   837.5  1939.2  6449.9  53960.7    54102
read      344.3   227.9    74.4   124.9   143.7   310.6   392.5   442.5   480.2   525.8   582.4   666.0   888.1  1566.5  9043.4  65601.3    65670
read      346.0   778.7    74.4   120.1   137.4   305.0   373.3   410.5   433.4   462.0   497.8   547.1   720.6 10034.8 32302.3  17631.3    17584
read      335.2   229.5    68.9   119.7   136.9   300.3   386.3   439.7   478.6   520.8   565.8   632.5   883.8  1491.8  9279.6  30138.7    30347
read      343.5   249.8    74.4   118.5   135.4   307.6   395.8   442.6   477.1   518.5   573.2   676.0   946.6  2546.0  8962.2  21776.7    21534
read      313.3   225.5    80.4   128.7   148.4   300.8   348.7   375.7   395.1   419.2   451.5   504.7   685.1  2969.7  8610.6  10346.7    10216
read      507.9   538.0    74.4   140.3   169.8   356.9   468.8   556.7   641.2   788.5  1074.8  1484.7  2353.0  4045.9 16245.0  80558.0    80544
read      456.6   687.3    74.4   120.2   138.7   307.3   408.3   493.1   572.3   727.2  1020.0  1305.0  1865.8  8585.3 26117.5  45702.7    45508
read      461.8   743.9    68.9   120.1   139.9   335.9   458.1   553.4   628.1   709.7   805.9   978.8  2682.3  5435.5 31538.2  21518.7    21591
read      412.9   698.5    74.4   121.0   138.8   317.2   386.7   429.8   468.6   526.4   606.1   803.6  3132.2  7409.0 30657.7  15495.3    15435
read      326.0   275.1    74.4   117.4   135.4   297.1   357.7   391.7   419.8   458.8   520.3   629.4   895.0  3822.5 10916.6  14606.7    14502
read      498.1  1107.8    74.4   118.6   137.6   326.8   425.9   503.2   558.7   625.4   720.9   984.8  4140.2 15219.0 35642.4  16326.0    16369
read      343.2   257.4    74.4   120.6   139.3   304.6   374.9   420.5   456.4   501.3   558.4   657.3  1155.1  3121.4  7605.3  42084.0    42077
read      332.6   323.2    74.4   120.6   138.4   302.8   367.8   407.4   440.0   481.3   532.9   617.9   922.1  4086.8  8541.3  38432.0    38334
read      310.0   626.6    74.4   117.0   133.4   277.1   333.5   364.3   386.6   412.1   446.7   506.0   682.0  7859.6 41572.3  17554.7    17694
read      345.6   251.7    68.9   122.5   142.0   309.8   386.6   433.6   469.5   514.2   574.7   672.6   998.5  2308.1  7660.4  74508.0    75056
read      335.9   226.9    68.9   121.7   140.7   307.0   381.3   425.4   458.4   497.9   548.7   635.7   916.2  1617.9  5979.1  53799.3    53845
read      293.0   257.1    74.4   119.9   136.4   280.5   330.2   355.0   372.4   394.2   421.2   463.4   662.2  4587.3  9879.3  13226.7    13319
read      352.2   309.2    74.4   125.8   146.0   314.4   391.9   438.3   474.4   520.3   580.8   677.7   955.3  2933.5 10074.3  77648.7    77808
read      339.6   242.7    74.4   123.1   142.3   312.7   384.5   425.6   458.1   499.8   552.7   634.0   914.2  1708.6 10034.2  44854.0    44423
read      315.1   184.9    74.4   120.6   137.7   292.9   360.9   401.3   430.0   465.5   509.2   573.9   742.2  1556.1  6755.9  25729.3    25669
read      323.2   198.0    74.4   121.1   139.5   298.5   369.4   410.4   442.0   481.2   533.6   612.0   814.2  1327.7  6739.6  66149.3    66463
read      331.3   249.1    68.9   121.4   139.8   307.1   374.6   416.3   447.9   488.4   538.6   607.4   804.5  1614.4 10214.5  35360.7    35396
read      347.9   506.8    74.4   122.4   141.0   306.1   377.3   420.8   454.3   494.3   542.1   626.8  1068.8  5501.2 25775.8  33782.7    33885
read      297.3   263.5    80.4   125.8   143.1   291.0   332.5   355.0   370.9   391.3   416.7   457.6   582.1  3963.8  9957.3  11858.0    11712
read      319.5   179.1    74.4   121.5   139.7   296.9   368.2   409.8   442.4   481.8   529.6   593.4   735.2  1548.4  4365.4  51240.0    51485
read      325.8   233.1    74.4   122.6   141.5   300.9   375.0   418.1   450.5   490.5   538.5   606.1   742.9  1326.4 10134.9  59552.0    59378
read      323.3   209.1    68.9   124.6   144.4   294.2   365.6   409.9   445.0   488.9   543.6   625.8   779.6  1032.7  5441.8  94592.7    94757
read      319.9   162.1    68.9   122.4   141.2   295.2   369.9   415.7   449.3   488.9   536.0   599.8   735.7  1144.9  3056.6  71556.7    71707
read      297.7   345.2    80.4   142.7   166.7   273.7   309.0   327.9   342.6   361.1   386.0   435.5   622.9  7500.3  8833.5   6257.3     6184
read      334.0   217.0    68.9   123.6   141.9   307.3   384.0   430.1   464.5   506.1   557.0   628.3   786.0  1525.8  7060.1  52353.3    52631
read      316.5   231.2    74.4   120.1   137.0   292.9   363.2   406.3   437.0   475.5   521.1   580.0   688.1  1972.6  8093.3  31234.0    31188
read      332.6   233.7    74.4   126.5   146.3   301.3   374.5   419.7   455.3   500.0   557.8   641.2   810.4  1454.4  9604.1  92362.7    92326
read      341.9   210.2    74.4   128.3   148.2   312.3   392.7   439.2   474.6   518.6   575.6   659.6   830.8  1377.0  7572.5  78396.7    78268
read      326.3   188.0    68.9   123.3   142.5   296.9   372.6   418.4   453.9   498.3   551.3   626.5   783.3  1586.9  5147.8  78167.3    78655
read      315.3   251.0    68.9   117.8   134.9   287.3   367.5   413.5   446.4   482.0   522.0   574.3   675.9  1478.4 10081.0  29686.7    29798
read      326.2   226.4    63.8   126.4   146.1   295.9   368.7   412.6   447.8   490.9   546.6   626.9   775.7  1077.0  8737.4  96039.3    96196
read      315.8   234.0    63.8   118.9   137.1   288.7   361.9   405.4   439.6   480.6   528.0   587.7   700.9  1476.3  9533.5  39297.3    39289
read      295.7   240.1    74.4   122.0   139.2   288.1   336.6   361.8   379.1   400.4   429.0   470.9   583.8  3103.8  9413.1  14096.0    13806
read      329.7   209.9    68.9   124.5   144.5   299.0   373.2   418.9   454.7   498.4   554.6   634.6   793.5  1582.4  5857.5  86502.7    86543
read      319.7   196.3    68.9   122.0   140.5   295.1   369.9   412.6   444.1   482.9   531.7   597.8   734.3  1046.3  8102.2  67075.3    67095
read      303.0   222.8    74.4   122.3   140.3   297.9   353.3   381.9   401.3   424.1   452.9   497.5   584.9  1753.8 10037.5  15224.7    15164
read      308.8   229.8    68.9   120.0   136.5   292.7   366.2   403.8   430.0   458.2   492.4   537.8   626.5  1570.6 11753.7  21545.3    21544
read      318.5   213.2    68.9   121.4   140.4   290.5   363.5   407.6   442.4   483.5   536.1   610.2   751.1  1177.3  8952.4  80520.7    80587
read      334.1   426.0    68.9   125.5   145.9   300.6   374.6   419.8   455.2   498.7   551.8   635.1   797.2  1108.3 30584.9  91065.3    90870
read      312.4   274.4    68.9   121.8   139.6   299.1   364.0   398.9   422.6   448.9   480.5   526.8   634.9  2604.8 12678.9  18286.7    18274
read      306.8   229.5    68.9   117.3   134.2   284.0   353.1   394.5   425.3   460.5   503.3   562.2   679.2  1453.4  9117.0  33806.0    33727
read      295.8   292.4    74.4   123.9   141.9   283.3   326.9   349.3   366.0   386.3   413.1   456.9   579.3  5762.1  9722.5  11323.3    11433
read      299.7   170.0    74.4   120.9   137.4   295.4   353.5   384.2   404.1   428.5   459.0   505.7   616.4  1434.2  5026.8  16920.7    17009
read      322.9   173.4    68.9   123.6   142.6   301.3   372.6   415.2   447.0   487.3   536.6   601.5   743.2   988.9  4906.0  61160.7    61531
read      318.2   196.2    68.9   121.6   140.8   292.7   365.7   408.7   442.5   482.9   533.0   599.2   737.3  1004.3  5451.4  77622.7    77691
read      324.7   216.4    68.9   122.6   142.3   297.0   373.0   418.2   452.6   493.7   543.4   617.6   770.5  1640.9  5455.3  74698.7    75329
read      337.2   245.2    68.9   124.9   145.0   304.7   385.5   432.6   468.2   512.1   566.3   646.7   833.5  1211.9 10244.5  80224.7    79936
read      325.5   186.6    68.9   123.4   142.6   298.3   373.4   418.4   453.2   494.8   545.6   618.2   773.1  1211.6  6166.3  74881.3    74872
read      281.6   224.0    80.4   132.9   154.3   271.8   306.8   324.8   339.0   356.7   381.6   425.0   559.3  2890.8  9396.5   7586.0     7464
read      302.6   263.7    74.4   124.8   142.9   294.1   341.1   365.5   382.5   401.5   427.8   470.8   614.3  2546.6 12034.9  12277.3    12219
read      308.2   218.2    68.9   119.5   136.8   291.5   363.3   399.6   424.1   452.9   488.3   537.2   650.4  1660.4 11959.5  19994.7    19906
read      297.0   211.3    74.4   121.0   136.9   286.7   347.9   378.8   399.7   424.4   455.1   501.6   591.8  1840.0  8421.6  17990.7    18108
read      275.1   274.9    80.4   131.0   153.7   257.8   290.5   308.2   319.9   336.5   358.9   404.1   627.9  5539.5 10663.2   6666.0     6498
read      296.8   494.6    80.4   137.8   160.8   262.2   295.6   314.0   327.5   343.8   367.3   413.5   816.3 10275.5 19158.5   5872.0     5794
read      319.1   198.1    74.4   121.1   139.5   296.2   367.8   409.8   442.1   480.3   531.1   594.9   729.9  1115.3  9437.5  53864.7    54376
read      301.9   227.7    74.4   127.0   145.4   296.0   344.8   369.4   387.4   407.6   436.3   483.3   582.8  2679.6  9577.7  12594.0    12545
read      324.2   206.9    68.9   123.1   142.5   294.3   367.5   412.9   448.4   492.2   546.1   624.8   781.7  1115.6  7906.8  85698.0    86110
read      293.8   235.4    74.4   130.4   151.2   287.4   327.8   349.0   364.5   381.7   402.2   438.5   544.2  3809.5  9169.5   9738.0     9730
read      325.7   191.7    68.9   123.8   143.2   297.3   370.0   416.2   452.0   496.5   550.6   627.4   785.4  1112.8  7392.4  82125.3    82140
read      320.7   176.9    68.9   122.3   141.0   293.6   368.2   413.3   448.2   491.2   542.9   615.5   755.0  1071.5  3956.0  78442.0    78511
read      321.6   197.2    68.9   122.0   140.9   296.2   372.9   417.1   449.9   489.3   537.1   601.4   734.1  1056.9  8435.8  68446.0    68231
read      315.2   366.5    74.4   131.2   150.9   303.7   351.8   376.8   394.8   415.0   438.6   485.7   605.6  4290.5 15387.0  11552.0    11420
read      332.0   198.4    68.9   127.6   147.5   302.5   377.2   423.5   459.5   504.9   560.9   638.8   798.3  1136.7  4110.4  89368.0    89777
read      323.9   208.8    68.9   122.5   141.3   294.8   371.2   418.6   453.4   494.8   545.6   617.9   762.7  1203.3  7940.5  75455.3    75189
read      332.1   273.4    68.9   127.5   147.7   298.6   370.6   415.5   450.5   494.8   552.1   630.4   790.2  3017.1 11352.5  95796.7    96119
read      334.4   192.6    68.9   125.4   144.6   307.9   384.3   429.8   465.7   509.2   563.1   635.7   797.0  1099.4  5820.4  69756.7    69998
read      323.4   202.2    68.9   123.0   141.8   295.0   372.2   417.6   451.9   493.0   543.1   614.1   758.3  1480.7  8918.4  79381.3    79345
read      317.2   223.8    68.9   119.7   137.5   301.4   381.9   419.6   443.8   470.2   504.5   549.5   644.3  1487.4  8703.6  21775.3    21991
read      332.3   205.3    68.9   129.1   149.5   301.9   377.3   422.8   457.2   500.7   556.7   637.9   805.7  1057.9  7737.5  99992.0    99920
read      313.5   280.7    74.4   126.2   144.6   306.0   364.8   393.5   413.1   434.7   465.7   509.5   595.9  2879.7  9464.1  15006.7    15067
read      342.6   230.2    68.9   129.3   150.8   307.3   383.9   431.0   469.1   516.6   576.5   665.9   847.7  1820.8 10088.7  96218.0    96201
read      320.5   266.0    68.9   118.5   136.1   289.9   374.6   422.6   455.1   490.6   530.9   582.7   692.1  1591.5 11720.5  28462.0    28442
read      317.5   253.2    68.9   120.1   137.2   293.7   374.5   417.5   445.2   475.1   511.6   559.9   658.3  1733.8 11797.2  23654.0    23738
read      312.0   284.1    74.4   135.6   158.1   301.8   344.2   366.3   381.8   399.7   424.4   465.1   630.5  3986.7 11770.7   9502.0     9437
read      331.3   203.6    68.9   128.1   149.1   300.1   373.1   419.0   455.0   500.0   557.2   640.2   810.1  1224.5  6651.0  96872.0    97039
read      323.9   192.2    68.9   120.6   138.8   297.3   373.9   421.0   455.6   498.1   545.1   607.3   737.6  1417.9  7261.2  39806.0    39843
read      312.5   302.7    74.4   132.0   152.4   305.8   352.3   376.5   393.7   413.1   436.5   481.1   576.0  3972.6 11635.2  11542.0    11616
read      332.9   240.0    68.9   124.2   143.4   306.5   385.1   430.6   465.6   507.7   554.7   622.2   752.6  1309.3  9593.5  56490.0    56350
read      322.4   195.0    68.9   121.1   138.9   299.3   383.7   429.5   460.0   493.7   531.3   580.3   685.1  1454.5  7345.4  24559.3    24650
read      320.3   242.2    74.4   119.9   136.8   288.8   370.0   421.2   458.1   499.1   542.5   598.1   702.3  1487.7  9465.7  33861.3    33825
read      335.1   252.1    74.4   123.9   142.5   308.5   385.5   430.3   466.5   509.4   560.0   631.9   790.4  1261.4  8667.2  54230.7    54193
read      335.7   250.0    68.9   124.1   143.5   304.5   383.9   431.7   467.3   510.4   564.0   637.6   806.8  1468.0 11596.1  76065.3    76287
read      313.0   167.5    68.9   118.6   136.3   287.2   366.7   414.0   446.7   483.4   526.3   580.3   683.1  1386.9  4138.7  30586.0    30507
read      323.0   206.2    68.9   121.2   138.7   295.5   370.0   416.3   452.2   495.4   543.5   604.8   720.7  2795.4  4934.5  43739.3    43736
read      335.0   206.2    68.9   124.9   144.6   305.6   382.5   429.9   466.3   512.0   569.2   647.3   801.4  1068.3  7688.0  81632.0    81903
read      332.4   212.6    68.9   124.7   144.3   303.3   379.0   424.9   460.9   506.3   563.5   642.2   804.1  1068.6  5112.4  80583.3    80570

Total QPS = 50099.6 (39077712 / 780.0s)

Total connections = 64
Misses = 0 (0.0%)
Skipped TXs = 0 (0.0%)

RX 9652195358 bytes :   11.8 MB/s
TX          0 bytes :    0.0 MB/s
Warning! Detected max cpu usage > 95%
CPU Usage Stats (avg/min/max): 100.00%,49.50%,100.00%
