#type       avg     std     min      p5     p10     p50     p67     p75     p80     p85     p90     p95     p99    p999   p9999      QPS   target       ts_start         ts_end
read      268.2   247.8   137.8   181.5   193.8   254.7   282.7   297.9   310.2   323.0   341.4   369.0   436.7   883.3 15486.3  29960.2    30000  1714294919898  1714294930060
read      295.9   342.4   137.8   189.1   202.2   269.5   301.3   319.1   333.5   349.4   372.1   415.0   590.0  4492.3 16143.7  30043.0    30005  1714294931567  1714294941701
read      305.4   399.1   137.8   190.3   204.8   277.7   310.2   328.5   342.0   359.3   381.3   421.0   566.2  7237.2 16526.8  30071.6    30010  1714294943206  1714294953318
read      287.5   367.2   137.8   187.5   199.4   264.0   294.1   311.8   324.3   340.4   361.8   395.4   509.6  4740.1 17103.4  30076.5    30015  1714294954824  1714294964934
read      270.8   275.1   137.8   181.9   194.2   252.2   279.9   295.8   308.3   321.5   341.5   371.9   470.0  2706.2 13955.0  29978.9    30020  1714294966439  1714294976551
read      275.7   327.7   137.8   182.4   194.0   252.9   281.4   297.7   311.0   325.9   345.5   377.7   476.9  4596.1 15922.1  30043.9    30025  1714294978056  1714294988172
read      257.5   313.7   137.8   179.6   189.9   235.0   258.6   272.9   285.0   298.9   318.8   349.7   440.8  3918.3 15767.9  30003.3    30030  1714294989679  1714294999788
read      260.4   315.7   137.8   179.4   190.2   238.8   263.8   278.4   290.7   305.6   324.8   357.2   447.0  3193.0 15778.4  29978.1    30035  1714295001295  1714295011403
read      279.5   353.3   137.8   181.9   194.3   257.5   287.5   304.8   317.3   333.4   353.4   385.5   480.6  4568.3 16678.1  30105.6    30040  1714295012908  1714295023025
read      264.1   316.4   137.8   179.0   190.1   242.9   268.9   284.9   296.4   312.3   332.6   365.0   458.3  3061.3 16479.6  30069.5    30045  1714295024530  1714295034643
read      276.3   315.6   137.8   179.4   191.6   255.3   286.7   304.7   317.7   334.5   355.8   390.2   491.0  2705.7 16054.3  30091.0    30050  1714295036150  1714295046262
read      260.8   286.2   137.8   181.2   191.7   240.2   265.0   279.6   291.5   306.2   325.2   357.0   442.3  3021.9 15666.5  30019.5    30055  1714295047768  1714295057883
read      272.2   244.1   137.8   182.4   194.3   254.3   283.1   299.2   312.3   327.3   346.5   379.0   480.7  2528.1 12795.2  30017.3    30060  1714295059387  1714295069497
read      289.9   326.6   137.8   185.1   198.8   265.8   295.9   313.5   326.1   341.8   363.6   399.6   580.0  4430.9 16212.9  29998.8    30065  1714295071001  1714295081113
read      279.8   291.2   137.8   182.5   196.3   265.8   295.6   312.2   323.3   338.0   356.1   384.5   463.9  1400.1 16324.4  29999.9    30070  1714295082619  1714295092730
read      268.8   262.0   137.8   185.0   195.5   251.8   280.8   297.4   310.8   325.5   344.9   374.2   451.0  1014.7 16036.8  30067.3    30075  1714295094235  1714295104356
read      271.2   225.2   137.8   182.5   195.7   258.7   286.3   301.6   313.1   326.3   343.7   371.3   448.4  1145.2 10658.0  30025.1    30080  1714295105863  1714295115971
