#type       avg     std     min      p5     p10     p50     p67     p75     p80     p85     p90     p95     p99    p999   p9999      QPS   target       ts_start         ts_end
read      278.4   271.6   137.8   188.8   200.9   264.3   293.0   309.5   320.4   335.2   352.5   378.9   445.5  1268.7 15695.3  29925.1    30000  1714294617931  1714294628112
read      291.4   255.1   137.8   190.9   205.6   274.6   305.0   321.6   335.3   350.0   370.7   403.7   521.6  2233.2 12550.9  29957.9    30005  1714294629618  1714294639753
read      297.8   314.1   137.8   191.5   205.8   278.4   310.7   328.9   342.2   359.0   380.1   418.2   542.1  2436.2 16704.4  29995.3    30010  1714294641258  1714294651370
read      275.8   343.7   137.8   184.1   195.9   254.2   282.0   297.7   310.8   325.3   345.0   376.7   471.3  3206.8 16719.3  29995.2    30015  1714294652875  1714294662992
read      263.7   319.3   137.8   181.4   191.8   242.1   267.8   283.5   295.3   311.1   331.4   363.6   451.9  2823.1 16202.1  29979.1    30020  1714294664497  1714294674612
read      268.9   353.7   137.8   178.4   190.4   247.8   274.5   291.0   303.1   317.6   337.8   368.5   461.5  2865.6 16510.0  30130.8    30025  1714294676119  1714294686225
read      282.5   304.5   137.8   184.7   197.0   263.1   293.3   310.8   322.8   338.9   359.4   391.9   500.0  2903.9 16190.1  30063.3    30030  1714294687733  1714294697845
read      270.0   338.9   137.8   178.7   190.4   246.9   274.4   291.6   304.4   319.5   341.0   373.1   481.4  3927.6 16234.6  29945.7    30035  1714294699350  1714294709466
read      283.4   317.2   137.8   186.0   197.9   263.5   293.7   311.2   323.1   338.8   358.7   390.0   490.9  3219.3 16217.2  30012.6    30040  1714294710971  1714294721088
read      275.2   279.0   137.8   183.3   195.9   257.0   285.0   300.7   313.1   327.6   345.9   377.2   478.1  2695.6 14144.5  30124.3    30045  1714294722594  1714294732714
read      277.2   359.1   137.8   181.9   193.4   252.8   282.4   299.4   313.2   329.3   349.9   384.4   491.3  4237.0 16152.2  30035.5    30050  1714294734219  1714294744333
read      262.6   356.0   137.8   178.0   189.2   239.2   264.9   280.0   292.1   307.1   326.5   358.5   448.7  3323.2 16581.3  30025.9    30055  1714294745840  1714294755949
read      284.3   390.5   137.8   184.2   196.4   260.6   290.4   307.7   319.5   335.7   355.8   388.7   501.2  4159.1 19149.9  30070.3    30060  1714294757455  1714294767568
read      274.7   331.7   137.8   180.9   193.4   250.5   277.2   293.5   306.1   320.1   340.7   372.8   523.8  4194.9 16269.4  30010.4    30065  1714294769073  1714294779180
read      275.8   310.0   137.8   183.6   196.0   259.2   287.9   304.3   316.1   330.6   347.6   375.2   461.0  1819.8 16330.5  30073.2    30070  1714294780688  1714294790799
read      274.3   259.8   137.8   182.8   195.4   259.0   288.4   305.1   316.9   332.0   350.2   380.1   462.7  1409.1 15282.4  30032.4    30075  1714294792304  1714294802414
