Random waveform, supplied seed
Total number of intervals = 156 (7434, 67201, 85927, 63953, 31595, 87879, 7287, 62295, 6561, 22532, 60653, 59076, 60154, 22964, 8172, 27652, 37594, 24367, 33771, 84944, 85666, 51918, 34406, 28664, 38289, 20658, 13840, 93419, 98284, 71313, 42089, 46458, 30755, 42889, 93552, 65694, 29574, 51355, 67361, 16287, 81508, 87619, 99068, 51267, 11822, 97494, 97350, 55460, 85984, 82043, 52873, 13911, 49984, 9274, 27187, 18735, 86505, 93039, 75999, 32324, 84255, 81759, 37291, 53818, 30297, 31569, 38927, 10652, 98119, 48176, 34929, 69735, 20753, 84642, 42333, 61587, 77998, 97625, 23781, 66723, 31016, 47394, 95335, 5252, 65908, 16889, 42912, 99898, 26385, 22616, 50605, 90283, 26273, 48521, 34058, 75648, 19482, 15054, 75754, 5187, 17656, 96343, 36665, 85269, 31525, 61798, 12253, 25710, 79937, 7271, 85861, 91467, 72217, 31080, 76878, 84584, 12492, 57106, 96245, 6791, 90728, 5151, 82969, 42635, 99337, 95192, 69200, 49459, 29055, 64324, 5705, 84816, 23714, 74116, 19948, 44213, 19454, 7190, 47657, 44399, 6481, 5807, 83137, 9580, 37385, 33706, 35204, 50438, 48878, 42682, 27416, 64424, 64364, 5481, 26227, 26586)
Average QPS expected = 49484
Timestamp start: 1715819125508
Timestamp end: 1715819906489

#type       avg     std     min      p5     p10     p50     p67     p75     p80     p85     p90     p95     p99    p999   p9999      QPS   target
read      388.4   664.3    74.4   152.7   181.1   335.0   384.0   413.0   435.5   464.6   501.7   568.1  1708.4  7884.9 26945.7   7453.0     7434
read      354.9   318.1    74.4   125.9   145.3   312.9   394.1   442.9   480.7   526.0   583.6   674.7  1034.2  3698.3  8449.3  67135.4    67201
read      376.8   379.8    74.4   132.6   154.1   322.4   404.9   458.3   498.6   548.0   614.2   723.7  1352.9  4218.4 11462.1  85855.0    85927
read      371.4   411.0    74.4   130.1   149.2   312.4   398.4   453.4   496.5   547.9   611.6   713.9  1408.0  4687.1 12468.5  63870.4    63953
read      338.4   267.5    74.4   126.1   143.8   302.1   378.4   431.3   470.5   512.3   560.8   632.8   915.7  2030.7 12534.6  31562.4    31595
read      376.9   315.7    68.9   137.5   160.0   332.3   415.4   466.4   506.0   555.3   622.6   732.0  1105.4  2910.7 10092.8  87814.6    87879
read      394.6   896.2    86.8   149.5   178.9   334.5   387.5   419.2   443.4   470.4   505.1   567.1  1114.1 12406.6 35360.7   7332.2     7287
read      361.9   367.7    68.9   127.6   146.1   313.5   398.0   452.3   494.0   543.2   603.4   691.3  1236.1  3218.4  9669.7  62144.2    62295
read      348.7   640.7    80.4   163.9   191.9   311.7   346.6   366.7   381.3   399.1   426.7   476.2  1344.2  4454.0 35629.2   6567.8     6561
read      429.9   509.6    74.4   125.8   146.1   362.4   489.5   554.8   602.9   659.6   732.6   852.2  1296.5  7318.7 19641.5  22501.4    22532
read      360.5   269.4    74.4   128.2   146.5   313.7   398.8   454.5   497.0   547.4   609.5   701.0  1262.0  2358.0  8749.6  60749.0    60653
read      373.1   507.7    74.4   128.1   146.6   313.9   399.5   453.9   495.5   546.2   609.0   701.2  1286.9  7235.3 28686.7  58964.2    59076
read      363.2   354.9    74.4   127.0   145.4   308.9   394.9   450.7   493.7   545.1   608.7   706.5  1295.2  3903.9 10561.4  59984.2    60154
read      449.1   733.0    74.4   124.9   145.4   361.7   492.4   563.0   616.5   679.1   753.5   870.6  1431.3 10825.1 31211.4  22898.8    22964
read      412.6   863.9    86.8   147.1   177.9   353.3   415.7   452.4   476.4   503.8   541.2   609.8  1384.7  9728.2 35962.4   8214.6     8172
read      368.5   319.5    74.4   124.6   142.8   318.8   433.3   494.3   532.7   573.8   622.9   707.8  1052.4  2623.1 12056.5  27389.4    27652
read      368.2   435.8    68.9   124.4   142.5   310.8   405.4   474.0   520.9   569.6   623.3   698.3  1143.6  4823.3 13055.1  37843.8    37594
read      438.7   754.0    74.4   125.1   144.8   348.4   480.3   546.2   596.0   659.9   747.4   886.6  1359.1 12005.0 31632.4  24509.0    24367
read      359.5   281.9    74.4   124.4   142.4   309.2   403.6   468.7   511.6   558.4   613.3   695.3  1112.8  3065.8  9580.1  33719.2    33771
read      354.7   329.6    74.4   131.2   151.3   311.9   392.8   443.8   483.9   532.1   592.3   684.4   942.3  2637.7 14668.9  84908.6    84944
read      354.7   295.0    74.4   131.8   151.8   311.9   393.5   445.3   485.9   534.6   595.2   685.7   977.8  2276.5  9733.4  85577.6    85666
read      351.9   268.4    74.4   125.6   144.0   310.6   396.3   454.2   498.4   549.9   609.0   685.1   927.7  1662.7  7904.7  51888.6    51918
read      353.3   410.8    74.4   122.1   139.6   302.5   398.9   465.5   508.6   551.8   599.0   663.5   872.9  4174.8 13516.3  34513.0    34406
read      357.9   316.2    74.4   123.1   140.5   306.7   417.6   481.0   519.0   558.2   602.6   675.6  1023.3  2502.2 10625.4  28734.8    28664
read      353.2   287.4    74.4   123.6   141.4   305.8   399.5   466.2   510.7   557.8   609.3   679.7   940.3  1859.2 12132.7  38371.4    38289
read      409.2   571.4    74.4   126.7   146.9   355.3   467.6   520.2   557.3   604.5   670.6   787.3  1273.2  5802.6 31413.4  20754.4    20658
read      430.7   959.1    74.4   132.7   155.7   360.5   443.5   486.8   516.8   551.9   601.6   682.9  1339.4 15135.4 35167.2  13824.8    13840
read      360.0   315.7    68.9   133.7   154.8   314.6   394.2   444.2   483.7   533.1   596.1   693.5  1050.1  3429.5 10993.0  93521.8    93419
read      410.6   519.6    74.4   142.6   168.0   346.6   428.4   479.4   521.7   577.9   656.8   796.2  1589.3  5545.5 18768.6  98025.6    98284
read      376.0   419.1    74.4   130.6   150.4   322.5   409.6   463.7   505.1   554.9   618.9   716.6  1263.1  4492.3 15994.2  71281.8    71313
read      366.1   325.8    74.4   126.1   144.4   313.8   406.0   472.3   519.9   569.7   626.8   708.2  1113.7  3722.9  9486.7  42174.0    42089
read      353.7   299.7    74.4   123.2   141.1   303.1   388.7   449.5   496.2   548.7   608.7   690.1  1172.1  2881.7  8659.4  46411.6    46458
read      351.0   384.5    68.9   121.7   138.8   299.1   403.6   467.5   506.4   546.3   590.4   654.6   898.2  4247.3 14110.8  30840.8    30755
read      345.7   352.4    74.4   122.4   140.3   303.2   384.6   440.1   482.2   527.9   580.2   654.0   911.9  3502.3 12832.8  42867.4    42889
read      349.3   250.5    68.9   131.7   152.5   309.6   387.3   436.1   475.2   523.3   584.9   678.8   957.6  1906.2  8719.0  93720.0    93552
read      345.7   248.0    68.9   126.7   144.9   307.1   391.3   444.3   484.6   532.7   590.3   672.9   908.1  1792.2  8821.6  65733.2    65694
read      351.4   277.2    68.9   122.9   140.4   306.6   407.3   469.9   509.0   548.4   593.6   661.5   924.0  3065.7  9949.7  29591.0    29574
read      347.1   316.8    74.4   123.5   141.6   306.5   388.2   443.0   486.0   535.8   594.3   671.4   916.8  1874.1 11385.8  51415.4    51355
read      351.6   317.3    68.9   127.2   145.6   308.3   392.6   443.9   483.9   532.1   590.5   673.7   943.6  3744.7  8652.4  67250.6    67361
read      416.8   796.9    74.4   127.7   148.2   355.4   444.6   490.0   521.8   560.2   615.3   710.1  1302.6 12200.4 32113.4  16387.4    16287
read      384.5   439.6    68.9   130.9   151.6   320.1   402.6   458.4   501.6   554.9   624.5   742.3  1700.1  4027.9 13762.4  81562.2    81508
read      357.6   237.7    68.9   133.8   154.6   315.9   397.0   449.3   489.6   538.8   602.2   695.7  1018.7  1978.0  8502.4  87728.4    87619
read      371.2   281.6    74.4   138.7   161.8   329.3   409.8   460.0   499.4   547.3   614.1   721.6  1043.4  2380.9  9729.1  99314.2    99068
read      347.4   341.1    74.4   123.0   140.8   303.7   387.8   445.9   491.5   543.1   601.4   677.5   873.4  1940.2 13119.6  51266.4    51267
read      395.1   545.4    80.4   137.4   160.7   355.5   425.6   464.9   492.8   526.1   571.1   648.4  1111.9  7836.1 26899.5  11814.2    11822
read      372.0   329.2    68.9   134.4   156.6   319.1   399.4   452.1   493.3   543.7   611.2   728.3  1426.2  2861.2  8356.6  97324.4    97494
read      352.1   249.0    74.4   133.5   154.7   312.2   389.8   438.5   477.0   525.2   585.9   679.8   973.9  2092.9  7445.4  97436.0    97350
read      353.8   287.5    74.4   127.0   145.5   313.8   399.0   453.6   495.5   544.4   603.8   684.4   927.6  2063.2 12451.8  55519.0    55460
read      356.0   313.6    74.4   131.3   151.5   309.4   390.3   441.5   481.5   530.9   593.5   689.1  1066.5  2689.1  8561.7  86150.0    85984
read      374.3   483.0    74.4   131.6   152.2   318.3   400.2   453.0   493.4   542.0   606.1   705.8  1207.1  5732.2 22051.2  82102.8    82043
read      351.0   305.7    74.4   127.7   145.8   315.3   395.8   446.0   483.9   528.8   584.1   666.9   908.5  2319.6 10702.3  52904.4    52873
read      410.2  1023.8    74.4   127.8   146.1   332.1   399.1   442.4   476.5   519.4   577.5   666.8  1411.1 15636.3 39069.1  13788.2    13911
read      361.4   271.6    68.9   128.9   147.6   321.4   405.7   459.1   499.1   546.2   604.4   693.5  1104.6  1904.8  8151.1  49853.8    49984
read      407.7   816.6    74.4   138.5   165.5   349.9   416.6   455.0   480.7   509.0   547.7   623.6  1193.2 12438.9 31662.9   9295.0     9274
read      379.8   536.8    80.4   124.8   142.7   314.0   417.3   477.9   516.4   559.3   613.4   714.0  1089.4  8460.6 20667.7  27161.4    27187
read      533.5  1350.8    74.4   129.9   151.5   391.4   514.6   589.3   636.3   685.8   749.7   872.3  2631.7 20466.0 36376.0  18663.0    18735
read      389.1   365.1    68.9   136.4   158.6   331.3   415.7   468.8   510.8   565.1   636.8   764.1  1574.2  3202.1  9344.4  86359.4    86505
read      373.4   326.0    74.4   137.9   160.6   327.8   409.6   461.1   501.3   551.1   619.1   729.1  1091.0  2219.1 12971.4  92988.2    93039
read      358.6   354.5    74.4   129.9   149.6   314.8   398.5   450.7   490.1   537.1   596.2   686.5   962.2  2773.4 15521.0  76056.0    75999
read      343.4   241.4    74.4   123.9   141.2   305.7   395.0   453.5   493.1   534.5   582.7   650.4   855.9  1606.9  9582.9  32352.2    32324
read      352.1   289.3    74.4   129.9   150.2   311.5   391.5   440.9   480.0   528.7   589.3   682.2   964.3  2223.5 10908.9  84407.2    84255
read      366.8   338.9    74.4   131.7   152.5   321.6   403.2   455.8   496.1   545.8   611.0   707.9  1021.6  3324.2 12211.1  81667.6    81759
read      363.7   377.0    74.4   125.1   143.4   313.0   410.5   477.1   523.4   570.8   622.9   693.4   954.3  3629.5 10949.9  37503.2    37291
read      348.0   229.7    68.9   125.9   144.2   309.0   393.8   449.3   492.4   542.4   601.2   678.7   887.0  1779.9  7837.7  54001.0    53818
read      351.3   426.4    74.4   124.9   142.6   307.2   400.4   460.6   499.2   540.1   586.4   651.1   852.0  4158.4 14353.6  30200.6    30297
read      362.8   424.0    74.4   128.5   146.3   310.9   412.1   477.1   517.3   559.5   607.5   674.6   906.5  5641.7 15122.2  31430.2    31569
read      348.2   275.7    74.4   127.6   145.2   307.8   389.5   445.1   488.1   536.7   591.6   671.4   944.9  1885.9 10198.5  39004.0    38927
read      510.2  1622.9    86.8   139.4   163.1   349.8   415.3   453.9   480.9   513.8   560.4   645.8  4396.2 26198.8 39164.2  10763.2    10652
read      398.0   526.9    74.4   140.2   164.8   339.0   419.2   468.8   510.3   565.0   639.1   762.7  1341.1  6218.0 20375.8  98270.2    98119
read      352.1   239.7    74.4   125.1   143.3   309.6   397.4   457.7   503.3   555.9   614.3   692.4   933.5  1708.7  8095.9  48295.8    48176
read      358.6   311.6    74.4   125.1   142.8   310.2   407.3   476.8   520.6   566.2   618.4   687.5   920.6  2889.0  8501.3  34887.8    34929
read      354.5   284.6    74.4   129.2   148.2   313.9   399.4   452.0   491.6   538.4   596.3   683.0   988.4  2278.5  7886.4  69739.0    69735
read      657.2  2281.3    74.4   128.7   149.0   357.5   469.0   522.6   559.6   607.8   680.8   877.0 12862.3 31673.7 39649.6  20709.0    20753
read      403.6   547.8    68.9   136.7   158.9   337.7   423.5   477.5   522.2   578.2   651.3   783.5  1685.5  4110.5 27571.4  84543.8    84642
read      371.2   451.4    68.9   126.4   144.9   317.9   410.8   476.0   524.6   576.5   631.2   707.6  1044.9  3965.2 28220.0  42388.0    42333
read      363.0   315.2    74.4   129.7   148.8   319.7   406.4   460.7   502.0   550.9   611.6   696.5  1015.8  3332.8  9225.3  61442.8    61587
read      365.0   341.0    74.4   131.0   150.9   313.7   397.7   452.1   494.1   544.5   608.8   705.3  1273.2  3045.7  9318.0  77989.6    77998
read      363.0   296.4    68.9   136.7   158.6   320.4   398.7   448.2   487.3   536.4   600.2   701.1  1023.7  2768.8  8341.5  97649.0    97625
read      471.9  1402.1    74.4   128.2   147.4   344.6   463.6   522.0   562.8   613.7   689.2   834.2  1480.1 22715.3 43610.3  23741.6    23781
read      431.8   575.5    74.4   133.2   154.5   334.5   427.9   488.9   535.8   592.5   674.2   987.0  2026.9  6033.9 24940.5  66755.4    66723
read      372.2   399.2    74.4   124.3   142.1   312.4   419.2   485.2   526.3   569.9   622.6   713.5  1218.0  4646.3 12199.8  30993.8    31016
read      379.7   394.4    74.4   128.8   147.7   328.1   417.5   476.0   519.4   569.5   630.5   727.7  1292.3  4174.9 15865.8  47355.2    47394
read      378.5   353.4    74.4   137.0   159.6   327.9   409.7   461.4   500.9   549.7   619.6   734.7  1198.6  3867.4 12012.7  95215.4    95335
read      386.3   980.6    86.8   164.9   197.1   311.9   349.7   371.7   389.7   411.2   444.5   511.7  1789.5 17407.8 34312.8   5250.4     5252
read      387.3   425.1    74.4   129.4   148.4   315.2   400.4   456.1   499.6   552.2   623.2   760.5  1813.3  4200.1 13231.5  65723.0    65908
read      355.7   413.1    74.4   128.4   147.4   330.8   409.1   450.4   476.6   506.0   542.7   602.6   900.8  3523.5 19441.5  16777.6    16889
read      359.0   369.7    74.4   124.8   142.8   311.9   398.0   456.3   499.4   548.1   604.1   682.2   983.5  4233.6 12746.7  42840.2    42912
read      345.1   259.5    68.9   133.5   154.7   308.3   383.9   432.1   469.6   515.1   575.1   665.5   895.4  1567.2  8821.6  99954.2    99898
read      351.5   439.2    74.4   123.3   140.2   307.7   408.1   464.9   499.3   535.6   577.3   634.3   815.8  5270.4 13841.9  26415.0    26385
read      350.0   279.9    74.4   124.7   142.7   316.0   417.2   470.0   502.0   535.1   573.7   628.6   804.6  3614.0 10393.6  22629.0    22616
read      347.8   256.3    74.4   126.2   144.6   311.9   392.3   443.8   484.6   532.1   588.2   668.2   911.9  1943.4  8765.3  50768.6    50605
read      364.1   348.7    74.4   133.3   154.8   319.9   399.3   450.1   489.3   537.6   601.2   698.5   993.0  3873.1 11066.5  90016.4    90283
read      358.0   555.7    74.4   123.0   140.2   305.6   399.2   454.7   490.9   528.8   572.1   633.9   903.4  8002.1 27834.1  26291.8    26273
read      348.5   427.0    68.9   124.2   142.1   310.0   391.7   445.6   487.7   536.3   590.9   666.8   875.2  1972.3 18852.8  48532.4    48521
read      357.4   286.8    74.4   124.8   142.6   312.1   409.2   474.3   516.7   561.6   611.6   681.6   943.3  2230.6 11960.7  33979.4    34058
read      349.4   288.3    74.4   129.2   147.9   310.8   393.6   445.0   484.2   531.3   589.0   674.3   908.1  2119.3  9943.8  75613.0    75648
read      357.5   471.8    74.4   128.1   146.7   329.6   421.3   466.7   494.2   523.1   555.5   605.9   778.7  4063.8 19393.9  19451.6    19482
read      347.9   261.8    74.4   133.4   154.1   336.0   409.2   446.1   469.0   494.4   524.6   571.1   726.4  2964.7 10651.9  15027.4    15054
read      357.8   334.8    68.9   130.2   149.5   314.3   397.8   450.3   490.0   537.9   598.1   685.9   945.3  3435.7 11629.3  75637.4    75754
read      331.4   417.9    93.8   171.5   199.4   301.3   334.4   353.7   368.3   387.4   414.5   469.0   786.6  8113.0 15480.3   5243.4     5187
read      359.2   399.5    74.4   129.7   149.8   336.6   423.3   464.8   490.5   517.8   549.3   598.7   753.1  4390.3 12334.2  17647.8    17656
read      355.2   352.7    68.9   132.7   153.8   309.3   387.3   436.8   475.4   523.0   583.6   676.8  1007.6  3357.6 12109.6  96449.6    96343
read      340.2   264.5    68.9   120.3   137.2   292.7   389.1   458.4   503.2   548.7   595.7   660.2   832.5  1526.4 10118.2  36710.0    36665
read      342.6   265.6    74.4   128.4   147.6   301.0   379.1   429.7   469.2   517.9   578.6   666.1   950.1  2391.7  8257.7  85627.8    85269
read      347.0   301.9    74.4   121.2   138.6   297.9   401.2   466.7   505.9   546.0   590.5   649.6   861.0  3719.0 10175.1  31640.8    31525
read      338.5   202.1    68.9   124.9   143.1   304.8   386.3   436.7   476.4   523.0   579.9   655.2   856.3  1610.1  5060.7  61798.6    61798
read      340.0   294.5    80.4   137.4   159.7   332.1   390.1   419.0   438.7   461.0   487.5   526.2   637.4  4105.8 12315.6  12274.0    12253
read      344.7   295.2    74.4   122.1   139.5   305.9   410.3   467.3   500.6   534.7   573.0   625.8   765.5  3184.4  9862.4  25597.4    25710
read      349.4   271.5    74.4   129.5   149.1   307.9   391.1   443.6   483.3   531.0   588.6   675.0   943.0  2684.6  8033.2  79867.4    79937
read      338.1   306.9    80.4   159.0   186.8   320.9   360.8   382.1   397.0   416.6   443.7   491.3   687.3  4128.4 12419.2   7190.6     7271
read      364.4   303.9    68.9   134.9   156.2   321.6   405.1   457.9   497.3   545.6   609.6   706.1   990.6  2472.6  9937.0  85619.4    85861
read      348.4   243.6    68.9   132.3   153.3   308.8   387.3   436.6   475.1   523.1   583.8   674.1   935.2  2024.9  8040.9  91541.8    91467
read      338.5   251.2    74.4   127.6   145.8   300.4   383.2   434.8   474.2   521.8   579.0   654.2   826.0  2213.1  8131.3  72338.2    72217
read      349.0   306.0    74.4   121.6   139.2   299.9   410.7   478.3   517.5   557.5   599.1   654.5   800.3  2121.9 13517.9  31007.6    31080
read      354.8   376.9    68.9   129.7   149.3   307.2   391.5   444.4   484.8   533.7   593.1   678.7   994.5  3154.7 13482.9  76560.6    76878
read      351.7   230.9    68.9   132.0   152.7   313.1   394.6   446.7   487.1   535.4   594.2   682.9   912.4  1791.2  8018.3  84811.0    84584
read      360.7   470.8    80.4   139.6   162.4   340.5   401.1   433.1   454.7   477.9   506.1   549.3   739.9  7635.8 21747.5  12473.2    12492
read      344.8   254.7    68.9   126.3   144.8   304.0   386.4   442.0   486.3   538.0   596.9   673.0   867.6  1901.2  8465.7  56971.6    57106
read      355.9   306.0    74.4   134.5   156.5   315.0   394.1   443.3   480.9   527.7   588.6   682.7   949.3  2587.0 12490.2  96228.2    96245
read      327.6   307.2    86.8   159.6   187.8   314.0   350.5   371.4   386.7   402.8   430.2   471.7   611.1  4017.8 14837.9   6814.0     6791
read      350.7   279.7    68.9   133.0   153.7   310.6   390.0   440.8   479.6   526.9   586.9   675.0   916.0  2026.8  8864.1  90530.2    90728
read      344.7   647.0    80.4   169.4   196.6   298.3   331.3   349.6   364.8   383.6   412.4   475.4  1357.1  9022.5 31262.8   5141.6     5151
read      350.8   314.8    68.9   129.6   149.3   306.5   388.2   439.7   480.2   528.6   587.8   677.0   945.4  3170.5 12344.7  82590.4    82969
read      342.5   244.0    74.4   121.8   139.8   300.7   389.0   451.5   497.3   545.3   595.7   663.1   834.9  1652.7  8925.6  42845.6    42635
read      343.1   285.5    68.9   132.1   152.7   302.5   377.1   425.2   463.6   510.8   571.3   658.7   943.2  2066.4  8641.4  99201.0    99337
read      351.4   269.1    68.9   133.7   154.7   311.2   389.4   438.9   478.3   526.0   586.4   677.4   927.8  1974.2  9901.8  95271.8    95192
read      342.8   248.4    68.9   129.4   147.8   305.2   387.3   437.7   477.5   525.2   580.9   657.9   861.2  1958.8  7971.1  69248.6    69200
read      352.0   331.2    74.4   127.0   145.3   307.7   392.7   450.7   495.9   545.8   603.4   677.3   873.3  2883.0 11774.6  49493.0    49459
read      360.5   527.3    74.4   125.1   142.6   304.3   414.0   478.0   515.6   552.7   593.6   653.8   868.7  5792.1 30699.1  29090.8    29055
read      348.4   338.5    74.4   130.3   149.0   305.7   389.7   442.4   483.3   531.4   589.5   670.9   906.1  2025.3 11013.6  64282.2    64324
read      326.6   362.4    86.8   168.5   197.0   302.3   335.2   353.9   367.9   385.9   410.4   460.8   732.6  6691.0 13042.3   5755.2     5705
read      347.6   222.1    74.4   131.3   151.4   309.6   389.9   440.9   481.2   529.4   588.5   676.4   904.7  1910.4  6315.3  84437.0    84816
read      354.6   380.3    68.9   121.8   139.9   314.9   418.1   470.8   502.5   535.5   573.3   627.5   823.9  5064.2 12520.4  23653.4    23714
read      338.5   245.0    68.9   128.3   146.9   300.3   381.3   433.1   472.7   520.0   576.5   654.5   859.2  1760.0  9197.9  74203.8    74116
read      354.7   238.8    74.4   126.6   145.1   332.4   431.7   477.8   505.3   534.9   569.7   620.7   772.2  2040.6  8149.9  19901.2    19948
read      344.5   255.4    68.9   121.6   139.4   299.8   387.1   451.8   500.8   552.1   605.4   675.5   876.1  1656.9  8864.9  44302.6    44213
read      363.2   494.3    74.4   125.6   144.7   329.7   422.7   468.0   494.9   523.2   555.0   608.0   779.4  7154.3 20711.6  19473.6    19454
read      341.6   433.5    86.8   161.7   190.0   321.6   361.6   383.3   398.7   419.6   447.6   492.9   624.4  6636.7 16143.6   7260.4     7190
read      352.2   233.4    74.4   124.6   143.1   311.5   401.2   460.8   504.9   553.3   610.4   686.2   915.5  1844.8  7074.8  47653.4    47657
read      346.2   263.6    68.9   124.0   142.3   307.6   390.3   445.7   488.0   535.7   590.6   668.7   892.9  1916.3  8426.8  44516.2    44399
read      311.5   356.1    86.8   149.9   175.5   289.3   324.0   343.8   358.6   374.1   400.0   452.2   632.6  5261.9 13842.8   6411.4     6481
read      341.3   438.3    86.8   166.5   196.7   312.7   347.7   367.8   382.6   400.2   429.5   482.9   704.5  7890.5 15170.5   5825.0     5807
read      331.1   207.4    68.9   129.0   148.3   299.5   376.4   425.5   463.6   507.6   561.5   632.6   766.7  1163.6  8049.1  82870.0    83137
read      341.3   332.4    80.4   150.5   175.8   332.8   378.8   400.7   418.0   436.7   462.7   502.4   619.3  4070.6 16789.5   9606.4     9580
read      337.3   269.6    68.9   123.7   141.9   297.1   390.2   452.0   494.2   535.7   579.2   633.9   743.2  1625.5 12000.1  37399.6    37385
read      335.4   243.7    74.4   121.5   139.3   294.0   393.0   457.6   496.5   534.8   575.8   630.1   743.4  1786.3  9887.2  33705.2    33706
read      335.2   237.5    68.9   120.3   138.0   293.6   394.4   459.4   499.7   539.6   580.4   632.2   731.6  1594.6  9202.0  35315.8    35204
read      333.3   204.5    74.4   124.1   142.6   302.5   381.8   434.9   476.5   522.9   573.1   633.0   748.8  1198.4  6728.2  50698.0    50438
read      330.5   220.4    68.9   122.6   140.8   296.8   375.0   430.7   474.4   521.8   573.0   634.0   745.9  1398.9  7834.4  49055.6    48878
read      333.9   225.1    68.9   122.7   140.8   297.1   382.7   444.9   489.0   533.8   580.7   635.9   741.1  1434.2  5946.5  42650.8    42682
read      339.7   229.7    74.4   122.7   141.1   303.3   412.3   469.8   501.7   534.2   570.9   619.9   717.2  1690.6  9747.9  27320.2    27416
read      335.4   187.3    68.9   128.7   147.6   304.1   386.3   438.1   477.6   522.5   575.0   639.5   751.2  1012.9  5236.3  64431.2    64424
read      329.4   199.8    68.9   128.4   146.8   300.7   378.3   426.7   463.9   507.4   559.2   625.3   736.0  1143.3  6967.1  64169.0    64364
read      331.2   392.4    93.8   171.2   199.6   303.4   335.4   353.3   367.1   384.4   407.6   464.4   759.2  6566.4 17694.2   5477.8     5481
read      336.8   191.1    74.4   124.0   142.3   305.6   411.3   465.1   496.4   527.9   562.0   608.2   702.7  1604.6  4725.1  26273.4    26227
read      340.7   247.6    68.9   122.2   140.4   304.6   416.4   472.1   503.6   535.5   571.0   618.4   711.1  1888.9  9407.6  26488.8    26586

Total QPS = 49479.3 (38593828 / 780.0s)

Total connections = 64
Misses = 0 (0.0%)
Skipped TXs = 0 (0.0%)

RX 9532675516 bytes :   11.7 MB/s
TX          0 bytes :    0.0 MB/s
Warning! Detected max cpu usage > 95%
CPU Usage Stats (avg/min/max): 100.00%,50.25%,100.00%
