Random waveform, supplied seed
Total number of intervals = 164 (7434, 67201, 85927, 63953, 31595, 87879, 7287, 62295, 6561, 22532, 60653, 59076, 60154, 22964, 8172, 27652, 37594, 24367, 33771, 84944, 85666, 51918, 34406, 28664, 38289, 20658, 13840, 93419, 98284, 71313, 42089, 46458, 30755, 42889, 93552, 65694, 29574, 51355, 67361, 16287, 81508, 87619, 99068, 51267, 11822, 97494, 97350, 55460, 85984, 82043, 52873, 13911, 49984, 9274, 27187, 18735, 86505, 93039, 75999, 32324, 84255, 81759, 37291, 53818, 30297, 31569, 38927, 10652, 98119, 48176, 34929, 69735, 20753, 84642, 42333, 61587, 77998, 97625, 23781, 66723, 31016, 47394, 95335, 5252, 65908, 16889, 42912, 99898, 26385, 22616, 50605, 90283, 26273, 48521, 34058, 75648, 19482, 15054, 75754, 5187, 17656, 96343, 36665, 85269, 31525, 61798, 12253, 25710, 79937, 7271, 85861, 91467, 72217, 31080, 76878, 84584, 12492, 57106, 96245, 6791, 90728, 5151, 82969, 42635, 99337, 95192, 69200, 49459, 29055, 64324, 5705, 84816, 23714, 74116, 19948, 44213, 19454, 7190, 47657, 44399, 6481, 5807, 83137, 9580, 37385, 33706, 35204, 50438, 48878, 42682, 27416, 64424, 64364, 5481, 26227, 26586, 86286, 24452, 26832, 29795, 46224, 84587, 63389, 46953)
Average QPS expected = 49561
Timestamp start: 1715791160838
Timestamp end: 1715791981817

#type       avg     std     min      p5     p10     p50     p67     p75     p80     p85     p90     p95     p99    p999   p9999      QPS   target
read      401.8   876.6    80.4   140.4   170.2   327.4   380.5   411.5   436.6   468.0   509.9   600.1  2007.2 10143.6 31929.5   7430.4     7434
read      376.3   350.9    68.9   132.5   152.8   320.7   406.1   459.7   500.3   547.6   612.1   727.9  1405.7  4341.9  9458.3  67001.6    67201
read      419.0   482.6    74.4   140.4   166.0   349.0   438.9   494.7   537.5   592.0   672.6   834.8  1637.1  7284.3 12902.9  85758.4    85927
read      371.6   333.8    68.9   132.0   152.2   325.0   411.2   464.3   503.9   548.9   610.8   717.9  1188.2  2967.3 11767.0  63734.4    63953
read      363.3   485.6    74.4   126.2   144.5   323.2   402.1   453.4   491.7   533.9   585.7   669.4   994.7  4754.1 26283.3  31550.2    31595
read      372.9   310.3    68.9   136.3   159.4   328.6   413.5   464.3   503.3   550.5   615.6   726.4  1056.2  2872.0 10165.2  87849.4    87879
read      450.4  1219.9    80.4   144.4   172.9   319.5   368.6   398.2   423.2   454.7   498.2   614.6  3894.8 18746.6 38292.5   7295.8     7287
read      355.0   281.4    74.4   130.9   150.5   318.8   401.6   452.6   489.9   533.1   586.6   669.8   917.6  2339.8 10237.5  62163.6    62295
read      395.2  1107.2    80.4   144.4   172.9   308.4   354.3   379.8   400.2   428.7   470.6   567.0  2253.1 13723.5 42174.9   6531.0     6561
read      409.4   549.0    68.9   127.2   145.6   326.9   426.2   490.0   536.6   597.1   702.8   879.5  1575.7  6114.2 28096.3  22479.2    22532
read      386.4   413.1    68.9   128.0   148.2   326.1   413.9   468.1   510.4   563.2   633.2   774.7  1529.0  4073.0 16042.2  60756.6    60653
read      380.3   372.2    68.9   128.1   148.3   328.5   414.3   467.1   507.0   556.0   621.6   740.3  1454.1  3588.0 12417.6  59207.4    59076
read      378.5   403.9    68.9   127.6   147.6   325.3   411.9   465.1   505.3   552.2   617.4   737.4  1397.6  4067.2 11958.1  60061.4    60154
read      383.4   529.0    68.9   118.7   137.0   317.0   409.0   468.8   512.5   571.8   667.1   830.5  1260.0  4996.6 28979.3  23054.8    22964
read      360.8   623.3    80.4   133.6   158.8   313.7   363.9   392.6   415.0   444.7   485.7   554.3  1372.0  7605.9 23736.3   8192.0     8172
read      389.0   660.2    74.4   125.1   143.4   326.2   412.0   467.5   506.2   548.5   604.3   716.6  1263.4  8525.2 31783.9  27531.0    27652
read      361.8   355.3    74.4   125.4   144.3   321.4   402.4   454.4   494.4   538.2   589.9   679.6  1111.1  3471.1 10491.7  37672.0    37594
read      392.2   422.8    74.4   122.6   140.9   324.2   424.7   488.5   533.8   591.8   688.6   860.6  1297.0  4270.8 18361.0  24386.2    24367
read      376.5   468.7    74.4   124.8   143.6   322.8   405.5   461.0   502.4   548.3   608.8   727.3  1263.2  6537.2 19089.5  33852.6    33771
read      364.0   295.6    68.9   133.1   155.2   321.7   403.3   454.4   493.5   541.4   607.3   719.3  1026.9  2007.5  9893.8  85024.6    84944
read      371.8   320.8    68.9   134.6   157.1   325.6   408.8   460.5   500.1   548.6   616.1   726.1  1098.6  2953.9  9733.8  85774.4    85666
read      361.4   375.9    68.9   128.5   147.7   320.6   401.9   452.6   491.0   535.7   590.3   679.9  1021.8  3723.3 11930.0  51970.0    51918
read      371.7   469.5    68.9   126.0   144.6   323.7   402.2   455.6   495.3   540.4   593.8   685.9  1220.8  5478.8 21401.0  34479.2    34406
read      347.5   353.2    74.4   121.4   139.0   312.2   395.2   447.2   484.6   524.2   570.8   638.1   915.3  3399.5 11677.7  28635.4    28664
read      355.0   356.7    68.9   121.6   140.4   317.7   397.4   447.4   485.9   530.0   583.6   668.4   996.5  3482.2 12733.8  38272.4    38289
read      389.0   370.8    74.4   121.9   140.7   330.9   431.6   494.0   538.8   598.0   684.9   821.5  1157.3  4405.9 11884.0  20678.2    20658
read      434.3  1069.8    74.4   123.5   142.9   337.7   413.9   463.0   498.9   541.5   598.8   698.8  1899.1 12642.3 36441.5  13830.4    13840
read      426.7   514.6    68.9   141.5   170.0   365.4   456.4   511.2   553.1   607.1   684.1   835.6  1303.9  7111.4 19492.9  93211.0    93419
read      388.5   339.0    68.9   139.2   164.6   340.3   426.5   478.2   517.5   567.4   635.9   768.0  1133.8  3463.4 12475.1  98109.4    98284
read      377.2   372.5    74.4   132.8   153.9   329.8   415.6   467.9   508.7   559.1   624.2   730.7  1101.3  3975.0 12110.0  71160.8    71313
read      380.5   542.3    74.4   124.5   143.0   319.7   403.4   457.6   499.1   546.1   606.7   718.2  1424.0  7411.9 28510.2  42071.8    42089
read      364.5   347.0    68.9   126.9   145.8   325.3   409.3   462.1   502.1   547.6   604.8   690.9  1034.2  3597.6 11426.5  46417.4    46458
read      349.4   309.3    68.9   120.1   138.5   313.2   393.3   446.3   485.7   527.3   576.8   652.6   994.5  3824.6 10017.5  30822.6    30755
read      357.6   443.3    68.9   121.5   140.1   312.9   392.4   442.1   481.6   526.0   580.0   665.9  1075.5  5749.9 16909.4  43089.4    42889
read      378.4   381.1    68.9   136.2   160.0   330.4   412.4   464.0   503.3   552.3   620.5   733.7  1111.2  3139.3 14291.2  93768.8    93552
read      362.1   313.7    74.4   130.4   150.2   323.2   406.6   458.1   496.3   542.2   600.4   690.6  1010.0  2509.6 10838.9  65714.0    65694
read      339.3   253.1    68.9   119.6   137.4   309.7   388.5   438.7   476.2   516.6   563.3   635.1   909.3  1630.3  8276.9  29577.0    29574
read      352.0   309.6    68.9   122.1   141.3   314.5   395.9   446.2   484.9   529.9   584.9   674.7   992.3  2088.5 10740.2  51487.4    51355
read      357.7   363.0    68.9   125.0   145.0   316.0   398.9   449.7   488.3   535.1   594.3   689.8  1015.8  2847.6 11011.1  67306.6    67361
read      404.8   672.8    68.9   121.1   140.2   337.1   424.8   480.2   520.2   567.6   630.1   734.0  1414.2  8404.7 31278.3  16205.6    16287
read      385.2   505.1    68.9   128.1   150.0   325.4   408.7   462.6   505.1   557.2   629.5   755.7  1480.2  3913.0 23528.4  81311.2    81508
read      370.4   336.6    68.9   129.1   151.3   323.9   405.3   457.2   497.5   547.2   616.3   729.2  1144.2  2913.9  9890.2  87643.0    87619
read      378.3   246.9    68.9   140.5   165.8   336.4   418.2   468.3   507.2   557.3   626.1   741.1  1089.7  1962.8  7094.1  98752.4    99068
read      363.3   260.2    68.9   127.8   147.1   326.4   411.3   463.1   502.5   548.4   606.7   697.3  1064.5  1948.1  8284.8  51105.2    51267
read      396.4   608.7    80.4   128.4   148.3   343.5   421.9   472.4   506.9   544.9   591.8   672.5  1243.2  8710.9 30945.6  11863.2    11822
read      402.3   350.6    63.8   140.6   166.6   342.4   425.5   479.1   523.1   578.6   656.8   801.8  1651.6  3042.8  9791.7  97510.2    97494
read      363.2   289.8    68.9   130.5   153.8   319.3   398.3   448.7   488.4   537.3   602.8   712.8  1072.4  2538.1 10094.4  97455.8    97350
read      362.4   322.3    68.9   123.8   143.5   321.6   405.5   457.5   496.2   542.0   600.2   692.4  1051.8  3840.0 10719.0  55455.2    55460
read      366.4   310.2    68.9   128.9   150.7   322.4   403.6   455.1   494.5   542.0   608.1   724.8  1119.7  2308.0 10553.1  86096.2    85984
read      373.3   308.0    68.9   130.6   153.0   328.1   413.6   465.9   505.5   553.1   618.5   729.1  1077.9  3442.3 10184.6  81761.0    82043
read      388.4   432.5    68.9   129.3   149.0   331.2   420.5   475.3   516.4   565.5   630.1   743.5  1487.2  5081.1 12403.5  52709.6    52873
read      392.4   722.4    74.4   125.8   145.2   333.6   404.7   450.6   485.5   527.0   583.3   682.3  1353.8  9402.7 35146.8  13897.0    13911
read      379.3   382.3    68.9   128.1   147.5   333.0   420.3   473.1   513.4   560.7   623.4   733.4  1262.6  3390.6  8736.8  49910.6    49984
read      395.0   986.7    74.4   130.7   153.1   318.8   370.2   399.9   424.2   455.8   499.1   581.7  1660.4 13823.0 35759.0   9297.6     9274
read      351.8   278.4    68.9   120.4   138.0   313.5   394.6   446.1   484.7   526.3   578.7   676.6  1034.3  3204.2  9865.6  27100.8    27187
read      384.0   366.5    74.4   122.0   140.4   334.0   426.5   485.8   530.6   588.0   666.7   779.2  1161.7  3957.0 10784.7  18776.4    18735
read      415.5   421.4    63.8   139.0   164.4   346.6   433.2   488.8   532.2   588.1   670.9   841.8  1748.9  4030.2 10207.3  86481.6    86505
read      386.9   356.1    74.4   137.8   162.7   338.3   423.9   475.9   515.8   566.4   634.9   759.6  1157.2  2649.0 12900.8  92943.6    93039
read      366.6   325.6    68.9   131.6   152.6   322.0   406.2   458.9   498.7   545.3   608.7   715.0  1068.0  2939.5  9859.1  75856.4    75999
read      361.3   259.7    74.4   128.4   146.8   327.3   408.5   460.6   499.2   543.0   595.0   676.1  1040.4  2429.7  9039.3  32583.4    32324
read      375.4   358.6    68.9   133.7   156.4   327.9   410.6   461.5   500.9   549.8   618.8   734.3  1109.5  3843.2 12358.2  84299.4    84255
read      379.1   301.5    68.9   135.2   158.1   334.1   420.5   473.4   513.2   562.6   629.6   744.2  1098.5  2730.8  9328.4  81757.8    81759
read      350.5   232.4    74.4   126.6   144.9   321.0   399.4   448.2   486.2   528.9   579.2   655.9   920.7  1742.8  8100.9  37141.0    37291
read      380.5   375.8    74.4   132.4   152.4   338.8   424.4   474.9   513.6   560.5   620.4   719.3  1171.2  3554.6 13565.4  53822.8    53818
read      352.0   337.6    74.4   126.7   144.5   319.9   397.1   446.4   484.8   526.6   575.2   649.5   994.0  1975.5 15318.0  30320.4    30297
read      352.5   273.7    74.4   126.6   144.4   319.1   399.0   449.6   488.2   529.8   580.1   655.9   987.1  2358.3 10510.4  31489.6    31569
read      363.8   397.9    74.4   130.3   149.1   322.6   403.5   455.5   495.7   540.4   593.5   678.4  1016.5  3725.1 11946.6  38732.4    38927
read      373.8   690.4    80.4   134.1   154.8   321.2   376.9   411.7   440.3   478.0   524.9   599.5  1205.3  8857.3 37494.7  10628.6    10652
read      390.6   328.3    68.9   137.8   163.8   339.6   420.6   470.5   510.6   564.6   640.2   779.8  1389.2  2942.3 11226.9  98018.8    98119
read      362.3   317.2    74.4   126.1   145.2   324.1   404.7   455.9   494.5   539.8   598.4   693.2  1073.3  2504.0  8783.0  48156.4    48176
read      364.4   433.2    68.9   122.4   140.7   322.3   404.8   459.5   499.6   543.4   595.2   681.2  1063.4  3395.7 15689.5  34890.8    34929
read      358.7   284.2    68.9   127.4   147.1   317.8   402.5   454.9   494.6   541.3   602.0   699.4  1015.7  2409.0  9585.4  69823.0    69735
read      391.5   433.4    74.4   123.3   142.0   333.1   430.5   489.4   531.9   586.0   667.8   804.2  1317.8  3926.9 13257.0  20679.2    20753
read      431.2   396.9    68.9   139.2   165.0   348.0   439.6   498.7   544.8   606.6   701.5   963.1  1886.6  3201.9 11836.8  84693.6    84642
read      350.3   235.0    68.9   127.0   145.5   320.1   398.1   446.5   484.6   528.8   581.7   665.4   920.6  1690.3  8094.9  42440.4    42333
read      363.1   292.8    74.4   130.4   149.9   322.8   405.6   457.0   495.6   540.5   597.3   694.9  1082.6  2695.8  9301.9  61628.4    61587
read      383.7   392.5    74.4   135.0   156.3   336.5   423.3   475.7   515.5   564.8   630.3   740.4  1113.5  3753.3 15619.8  78063.4    77998
read      389.9   350.1    74.4   139.3   164.0   341.9   429.1   481.2   520.9   571.1   638.6   766.3  1118.3  3845.3 10757.6  97702.2    97625
read      388.4   549.2    74.4   128.4   146.8   322.6   408.6   462.9   500.0   541.4   596.3   732.1  1619.6  7054.8 23585.8  23809.8    23781
read      371.8   309.1    68.9   131.8   152.0   330.4   416.1   468.1   507.4   553.6   616.1   718.6  1100.1  2534.2  9449.0  66759.4    66723
read      352.1   361.1    68.9   125.5   143.3   312.6   390.9   441.9   481.5   524.0   573.6   649.2  1005.7  3720.4 12829.9  31078.0    31016
read      374.3   396.7    74.4   129.9   149.1   330.8   414.8   466.0   504.0   547.8   605.5   695.7  1154.9  4774.7 15541.5  47396.4    47394
read      370.8   306.2    68.9   137.1   159.7   327.2   410.5   462.2   501.3   548.3   614.3   723.9  1050.9  2226.6  9507.6  95334.2    95335
read      343.5   781.4    86.8   152.8   181.4   289.4   323.9   344.9   361.9   381.7   408.4   470.0  1454.6  9405.7 31239.4   5199.8     5252
read      370.1   345.7    68.9   131.5   151.1   328.1   414.6   466.3   504.8   549.8   609.7   709.0  1061.3  2992.5 13015.3  65614.8    65908
read      338.6   303.3    74.4   128.4   145.9   319.4   389.1   426.5   454.3   485.8   523.4   581.9   807.6  2899.7 12851.3  16943.6    16889
read      361.9   386.2    74.4   127.0   145.8   322.9   404.5   455.6   493.9   537.1   589.4   674.3  1045.6  3121.8 13373.9  42906.4    42912
read      389.4   298.3    74.4   142.2   168.2   348.1   432.1   482.8   522.1   572.3   640.9   766.4  1090.2  1845.5 11113.5  99818.0    99898
read      352.5   356.4    74.4   127.1   144.8   317.6   399.6   450.2   487.5   526.0   570.7   637.8   942.3  3395.5 10920.7  26461.8    26385
read      348.0   314.3    80.4   127.0   144.9   318.8   398.0   445.1   478.5   513.7   554.4   623.7   911.1  2921.6 11269.7  22669.4    22616
read      374.4   389.3    74.4   130.3   149.7   335.2   419.8   470.5   508.6   553.4   610.5   696.1  1016.0  3992.5 13553.3  50426.2    50605
read      375.4   278.7    74.4   137.2   159.9   333.5   418.0   469.8   508.9   556.5   621.5   731.3  1050.4  2077.2 10133.0  90322.2    90283
read      347.2   266.5    74.4   126.7   144.3   316.4   396.6   445.4   482.5   521.3   566.2   631.9   889.6  2544.1 10157.3  26268.4    26273
read      366.7   316.5    74.4   128.8   147.7   327.6   411.2   462.7   501.3   545.5   601.3   689.3  1103.5  3272.8 10232.2  48766.6    48521
read      373.1   508.5    68.9   128.4   147.3   330.3   411.0   462.5   499.9   541.6   592.8   672.7  1075.1  5384.6 27890.1  33984.4    34058
read      376.0   312.6    74.4   133.1   153.8   333.1   420.0   473.0   513.4   560.8   625.3   732.7  1083.8  2644.5 10130.8  75790.0    75648
read      334.7   313.0    74.4   126.0   143.4   309.3   379.8   419.0   448.3   482.9   523.2   583.5   857.2  3166.9 13587.5  19399.6    19482
read      340.6   478.1    68.9   128.5   146.1   316.9   379.0   412.3   436.2   466.6   502.8   558.1   798.7  5810.3 24615.5  15033.2    15054
read      376.5   290.3    74.4   134.0   155.0   332.6   421.4   474.7   514.9   563.5   628.3   733.8  1089.4  2694.7  8807.0  75667.0    75754
read      319.3   491.1    80.4   151.3   178.8   282.9   316.7   336.7   351.5   370.6   398.8   460.9   888.8  8542.3 14406.2   5180.8     5187
read      346.0   542.5    74.4   125.9   143.4   313.5   383.2   419.8   446.7   479.4   518.1   579.8   827.0  7509.6 30181.9  17666.8    17656
read      379.0   278.8    74.4   140.3   164.2   337.6   422.4   473.4   512.5   561.5   627.9   737.5  1039.3  2080.6  9974.0  96166.0    96343
read      371.5   398.0    74.4   128.5   147.4   328.9   411.7   465.2   504.4   548.7   603.0   687.9  1129.1  4181.8 10245.4  36576.8    36665
read      364.3   291.6    74.4   131.9   153.1   320.7   401.3   453.4   493.7   543.0   607.3   711.1  1098.3  2446.1 11550.4  85069.4    85269
read      343.4   288.1    74.4   124.6   142.4   310.7   389.6   438.9   478.5   519.9   567.1   635.7   873.5  2251.4 11437.1  31535.4    31525
read      350.6   284.8    63.8   125.8   144.4   310.4   391.6   439.7   478.7   525.2   583.5   677.0  1033.6  2167.5  9306.4  61725.4    61798
read      342.5   391.3    74.4   125.4   144.0   317.9   370.1   398.1   420.7   449.7   490.6   561.0  1152.2  5299.3 12757.5  12317.0    12253
read      334.8   329.4    68.9   117.3   134.4   303.8   382.3   427.9   462.5   499.5   541.6   605.2   846.0  4405.8  9815.1  25766.2    25710
read      347.3   238.3    63.8   124.4   144.7   309.9   388.7   436.6   475.4   523.1   584.8   685.9   986.7  1981.4  8374.3  80053.6    79937
read      313.2   359.7    80.4   134.0   157.7   290.5   328.3   348.8   365.6   386.3   416.0   474.2   792.6  5907.2 13294.0   7268.0     7271
read      364.3   300.7    68.9   131.1   153.6   320.4   400.9   451.7   491.4   540.0   606.1   715.5  1061.0  2514.4 10568.8  85520.4    85861
read      367.8   373.5    68.9   132.9   155.6   319.7   399.8   450.4   489.6   538.3   602.8   711.8  1125.3  3207.5 11888.4  91754.4    91467
read      361.1   279.2    68.9   131.2   151.7   320.5   403.4   454.4   493.8   540.2   599.9   698.0  1043.9  2160.2  9773.6  72200.4    72217
read      347.5   400.0    74.4   119.1   136.6   305.5   389.7   442.8   484.2   526.9   575.0   646.2   909.9  4479.8 17744.7  31262.2    31080
read      350.7   258.1    63.8   125.1   145.7   311.3   392.5   441.9   481.6   529.7   590.0   686.5   998.9  2090.7  8280.0  76972.4    76878
read      345.5   244.7    68.9   128.2   148.4   308.7   387.5   435.2   473.6   519.9   579.3   673.0   921.5  1797.4  7630.5  84248.8    84584
read      327.8   392.0    80.4   129.4   147.6   313.9   365.8   394.2   414.6   437.4   472.5   529.2   743.7  4086.3 14830.9  12419.6    12492
read      357.7   402.3    68.9   125.7   144.8   318.2   401.2   451.7   490.1   534.5   588.9   674.5   952.2  2316.7 14706.8  57210.0    57106
read      348.7   245.9    68.9   130.3   152.6   309.0   386.0   434.0   472.1   519.4   580.1   679.3   968.1  2313.3  7537.1  95967.4    96245
read      326.0   413.4    80.4   141.8   169.5   297.9   336.9   358.8   374.1   395.7   425.5   484.2   760.4  7027.8 14905.5   6857.4     6791
read      356.9   259.6    68.9   132.5   154.2   317.3   398.7   448.9   487.2   533.3   594.1   691.1   965.9  2126.5  9225.1  90290.2    90728
read      325.5   551.4    74.4   149.6   178.5   283.6   318.5   339.8   355.9   374.5   402.5   460.6   857.5  8290.4 21193.0   5149.6     5151
read      362.1   322.3    68.9   132.1   153.2   318.8   400.4   451.4   490.7   537.9   600.9   701.9  1032.9  2855.2  9888.1  82826.2    82969
read      381.3  1158.9    68.9   123.6   142.3   320.7   404.4   456.2   495.0   538.9   591.8   673.0   973.1  7877.1 59714.0  42616.2    42635
read      383.8   351.5    68.9   139.3   164.6   336.5   417.6   467.8   507.4   558.1   629.0   748.5  1140.8  3035.4  9480.6  99359.6    99337
read      374.1   511.0    68.9   135.4   159.1   326.7   408.1   458.6   497.2   544.9   612.4   726.7  1065.6  2489.4 20213.9  95114.0    95192
read      354.2   318.2    68.9   126.5   146.3   313.1   396.8   447.8   486.5   532.1   590.5   683.5   994.8  2672.6 14565.5  69371.6    69200
read      355.2   368.9    68.9   123.6   142.2   316.9   400.8   453.5   493.5   538.6   591.9   674.8   940.3  2098.3 14718.1  49461.2    49459
read      346.4   309.0    68.9   119.3   136.5   310.8   394.5   445.6   484.4   524.8   572.4   642.7   948.8  3717.3 12088.6  28917.4    29055
read      353.5   344.2    74.4   128.5   147.9   315.2   397.8   447.6   485.2   529.6   585.1   672.5   965.7  2245.5 12142.5  64165.6    64324
read      337.0   505.7    86.8   150.1   178.1   293.2   332.6   355.4   371.9   393.2   424.8   492.7  1327.3  7985.2 19049.6   5715.2     5705
read      357.9   281.6    68.9   132.3   153.5   316.9   398.2   448.4   487.3   534.9   595.5   692.3   987.1  2344.8 10466.9  84613.2    84816
read      341.1   300.6    68.9   123.1   140.5   309.7   393.3   438.7   473.2   507.5   546.6   609.0   838.7  4189.7 11545.7  23866.4    23714
read      350.9   270.9    68.9   127.6   147.4   311.1   394.5   443.6   481.4   527.5   585.2   676.8  1008.8  2154.2  8909.8  73961.4    74116
read      338.7   361.7    74.4   122.9   140.3   313.2   390.9   430.6   460.5   493.6   532.5   590.3   820.4  3970.8 12915.0  20003.6    19948
read      346.6   265.0    68.9   123.7   142.0   310.8   391.7   441.0   481.4   526.7   579.1   657.5   941.3  3012.3  8084.6  44171.6    44213
read      334.3   295.6    68.9   120.4   137.9   312.4   390.3   430.7   461.2   495.0   534.8   594.2   837.4  2105.8 15829.9  19461.4    19454
read      332.7   625.5    80.4   138.7   163.3   294.8   333.1   354.3   369.6   389.3   415.8   469.2   907.5  9208.7 25071.9   7124.0     7190
read      347.2   240.2    68.9   125.7   143.9   315.2   396.5   445.6   484.4   529.0   582.1   662.3   918.3  1707.9  8519.0  47666.6    47657
read      354.2   302.2    68.9   127.2   145.9   322.3   403.0   451.2   488.6   531.8   585.1   664.9   927.6  2169.2 10893.8  44437.4    44399
read      326.8   412.0    80.4   144.1   170.9   298.3   336.0   357.7   373.0   394.2   423.5   479.8   776.2  7762.2 15531.8   6450.6     6481
read      327.6   389.5    80.4   151.5   181.3   302.8   339.6   361.3   376.1   396.4   425.8   482.4   692.5  6225.5 12969.1   5793.8     5807
read      346.2   211.2    68.9   128.2   149.6   314.3   393.8   441.1   478.4   525.0   584.5   676.7   865.7  1321.3  5951.2  83130.2    83137
read      325.4   344.1    68.9   133.4   154.1   314.5   358.4   382.0   398.2   418.8   446.5   498.5   632.5  5277.6 12717.9   9655.2     9580
read      341.1   240.9    68.9   121.6   140.2   314.9   393.9   441.0   480.0   522.2   570.9   637.8   806.6  1810.2 10761.7  37519.0    37385
read      335.3   237.8    68.9   120.6   138.6   308.5   389.6   437.4   476.0   516.9   562.8   629.0   796.8  1564.0  8695.9  33449.6    33706
read      340.9   250.1    68.9   121.8   140.2   311.6   394.3   443.6   482.6   523.9   570.4   637.7   816.1  1614.2 10319.0  35195.2    35204
read      347.0   232.8    74.4   127.6   146.4   319.9   402.2   450.5   487.0   528.8   579.4   652.2   815.2  1277.4  9177.2  50497.8    50438
read      348.1   250.2    68.9   128.2   147.0   320.6   401.6   450.6   487.6   530.2   580.9   653.7   830.1  1498.5  9764.6  48861.4    48878
read      344.8   280.0    74.4   126.8   145.5   316.3   395.9   442.9   480.5   521.8   570.5   638.0   806.1  1876.9 12662.6  42646.8    42682
read      333.7   223.9    68.9   124.2   142.3   309.5   390.2   435.5   470.7   507.5   548.7   610.3   748.5  1671.0  7821.1  27275.6    27416
read      346.5   238.4    68.9   129.5   149.2   317.8   398.5   446.2   482.8   526.0   579.4   657.5   830.7  1392.9  9127.6  64405.4    64424
read      347.6   219.1    74.4   129.8   149.5   319.0   400.9   449.4   486.3   529.6   582.7   661.4   838.1  1359.9  8126.7  64247.0    64364
read      334.9   620.5    74.4   152.8   185.5   297.4   331.2   350.1   365.1   383.0   408.0   464.3  1308.8  7359.4 31199.9   5496.8     5481
read      336.2   247.1    68.9   125.9   144.3   311.3   395.6   442.3   476.0   510.7   549.0   606.3   736.3  2064.3  8779.9  26127.2    26227
read      332.1   244.9    74.4   125.1   143.1   308.4   389.0   433.5   467.1   502.0   540.6   594.7   740.8  1941.3  9840.4  26518.6    26586
read      348.6   238.7    68.9   132.1   153.7   314.7   395.3   444.0   481.2   526.2   584.2   674.4   861.6  1322.3  8764.6  86709.2    86286
read      335.4   233.2    74.4   122.0   140.2   313.5   395.6   440.2   472.8   508.7   548.9   608.9   745.1  1869.5  8955.7  24588.8    24452
read      335.0   255.8    68.9   120.3   138.1   310.9   391.9   437.5   473.6   510.6   551.3   613.7   757.7  2055.4 10601.4  26903.2    26832
read      337.7   227.1    68.9   121.1   139.3   311.5   396.1   444.7   481.6   520.3   564.4   626.6   778.5  1587.4  9383.6  29876.4    29795
read      347.5   221.3    68.9   123.4   143.1   321.2   403.4   452.2   490.2   532.6   582.8   655.3   827.9  1491.1  6967.3  46289.8    46224
read      348.2   251.3    68.9   129.0   150.2   315.0   394.1   442.5   480.3   526.3   584.0   673.9   866.2  1473.2 11027.0  84564.0    84587
read      348.0   222.3    68.9   127.3   146.7   318.8   401.6   451.2   488.7   532.3   585.8   666.3   851.3  1375.4  7478.1  63459.0    63389
read      347.4   213.9    68.9   126.2   145.3   321.5   402.8   453.0   491.3   534.0   584.4   657.2   817.0  1403.5  7126.9  46933.2    46953

Total QPS = 49543.8 (40625936 / 820.0s)

Total connections = 64
Misses = 0 (0.0%)
Skipped TXs = 0 (0.0%)

RX 10034605698 bytes :   11.7 MB/s
TX          0 bytes :    0.0 MB/s
Warning! Detected max cpu usage > 95%
CPU Usage Stats (avg/min/max): 100.00%,49.49%,100.00%
