Random waveform, supplied seed
Total number of intervals = 180 (7434, 67201, 85927, 63953, 31595, 87879, 7287, 62295, 6561, 22532, 60653, 59076, 60154, 22964, 8172, 27652, 37594, 24367, 33771, 84944, 85666, 51918, 34406, 28664, 38289, 20658, 13840, 93419, 98284, 71313, 42089, 46458, 30755, 42889, 93552, 65694, 29574, 51355, 67361, 16287, 81508, 87619, 99068, 51267, 11822, 97494, 97350, 55460, 85984, 82043, 52873, 13911, 49984, 9274, 27187, 18735, 86505, 93039, 75999, 32324, 84255, 81759, 37291, 53818, 30297, 31569, 38927, 10652, 98119, 48176, 34929, 69735, 20753, 84642, 42333, 61587, 77998, 97625, 23781, 66723, 31016, 47394, 95335, 5252, 65908, 16889, 42912, 99898, 26385, 22616, 50605, 90283, 26273, 48521, 34058, 75648, 19482, 15054, 75754, 5187, 17656, 96343, 36665, 85269, 31525, 61798, 12253, 25710, 79937, 7271, 85861, 91467, 72217, 31080, 76878, 84584, 12492, 57106, 96245, 6791, 90728, 5151, 82969, 42635, 99337, 95192, 69200, 49459, 29055, 64324, 5705, 84816, 23714, 74116, 19948, 44213, 19454, 7190, 47657, 44399, 6481, 5807, 83137, 9580, 37385, 33706, 35204, 50438, 48878, 42682, 27416, 64424, 64364, 5481, 26227, 26586, 86286, 24452, 26832, 29795, 46224, 84587, 63389, 46953, 90536, 12508, 38491, 97806, 11813, 39665, 53571, 63215, 78767, 8615, 67903, 16398, 53434, 38068, 9130, 69227)
Average QPS expected = 49317
Timestamp start: 1715643142684
Timestamp end: 1715644043298

#type       avg     std     min      p5     p10     p50     p67     p75     p80     p85     p90     p95     p99    p999   p9999      QPS   target
read      452.4   665.2   173.5   243.2   266.1   398.7   440.2   462.9   480.0   502.1   537.3   625.8  1943.5  8219.1 30323.5   7480.8     7434
read      427.9   389.3   148.8   218.6   234.0   367.4   447.4   496.7   535.8   587.4   658.3   774.7  1242.0  3868.8 14327.3  67255.6    67201
read      448.1   475.6   160.7   221.7   240.0   381.8   458.5   506.1   546.0   599.0   673.3   803.1  1345.2  5992.4 15242.7  85705.2    85927
read      420.8   377.5   148.8   214.8   230.3   365.1   446.5   496.1   534.2   583.7   651.6   753.5  1150.3  4099.1 12342.1  63991.0    63953
read      435.6   488.4   160.7   211.5   226.7   367.2   469.5   527.8   569.1   617.9   673.6   763.4  1205.5  5739.6 24003.1  31696.4    31595
read      454.1   435.9   160.7   224.7   245.0   394.0   471.8   522.2   563.0   616.7   689.3   824.6  1314.7  4999.3 14383.4  87654.8    87879
read      451.4   828.3   173.5   241.3   265.1   394.1   434.6   457.5   472.3   495.8   529.0   608.4  1442.5 10885.2 32082.0   7304.2     7287
read      430.4   380.7   160.7   218.7   234.3   370.4   453.8   504.7   545.0   599.9   673.2   788.0  1236.8  3446.5 13265.9  62416.6    62295
read      449.7   754.2   173.5   245.8   271.0   387.8   426.9   449.4   465.5   488.0   520.4   611.8  1697.7  9423.2 31145.0   6580.0     6561
read      435.4   416.8   160.7   216.5   231.6   386.7   489.8   535.1   566.9   605.3   651.8   727.4  1071.0  6741.1 13711.5  22299.8    22532
read      432.5   407.0   148.8   216.7   232.0   367.1   450.7   502.9   544.4   600.5   674.2   788.9  1281.7  4785.3 14966.5  60647.4    60653
read      426.3   418.7   148.8   214.8   230.3   364.5   448.0   499.1   539.1   591.8   663.7   770.1  1182.7  5328.2 13615.0  59112.2    59076
read      424.0   444.2   148.8   214.9   230.3   363.4   443.5   493.9   533.9   587.3   659.0   766.2  1186.7  4347.8 15019.4  60286.6    60154
read      422.9   285.0   160.7   212.4   227.3   377.8   479.3   525.8   556.3   594.4   640.7   720.4  1076.7  4113.0 10578.0  22830.0    22964
read      434.7   692.4   173.5   235.2   256.3   392.6   435.4   460.0   477.4   501.1   538.9   629.7  1173.1  6036.5 32256.9   8219.6     8172
read      450.5   484.6   160.7   214.1   230.4   378.0   496.8   557.7   602.0   647.9   708.3   816.8  1153.1  5683.5 15778.0  27633.6    27652
read      429.8   306.4   160.7   211.0   226.9   359.6   467.4   538.7   588.8   645.0   700.6   779.1  1178.3  3495.6  9287.1  37761.4    37594
read      427.8   470.7   160.7   212.4   227.3   372.8   480.5   530.6   563.5   601.1   645.0   713.1  1040.2  5763.2 15429.4  24185.8    24367
read      429.6   415.8   160.7   211.5   226.7   359.2   465.4   528.9   573.8   625.4   679.2   751.3  1148.3  4724.9 13647.5  33751.0    33771
read      433.6   479.3   160.7   220.4   238.0   376.9   453.8   501.2   539.9   590.6   660.6   782.9  1131.8  4146.8 17090.9  84998.0    84944
read      432.3   454.8   148.8   219.5   236.6   372.5   448.1   494.7   532.2   581.3   647.5   771.3  1196.7  5969.4 16063.8  85879.0    85666
read      424.4   313.7   148.8   214.7   230.2   365.5   450.4   504.5   547.8   608.0   678.4   778.6  1204.0  3264.1  9399.0  51881.2    51918
read      435.2   515.0   160.7   210.8   226.3   362.9   465.4   528.5   574.2   626.6   684.1   777.2  1192.9  5724.3 28188.9  34361.6    34406
read      429.1   381.3   160.7   210.0   225.2   365.0   476.8   535.5   576.7   621.9   673.9   748.6  1119.5  4784.9 13409.0  28635.2    28664
read      433.9   507.9   160.7   210.6   226.4   366.4   458.5   517.8   561.5   616.9   678.3   773.2  1220.3  6191.2 23557.4  38364.0    38289
read      424.8   432.2   160.7   213.8   229.3   385.6   479.2   522.2   549.1   584.0   626.5   691.9   989.0  4844.5 17227.7  20644.0    20658
read      471.1   875.2   160.7   223.0   239.8   413.6   480.7   512.9   535.7   564.0   607.2   690.4  1416.5  9666.2 36563.4  13908.4    13840
read      433.1   302.3   160.7   224.4   244.2   385.5   458.9   503.9   541.4   590.6   661.5   784.7  1135.5  2194.4 12415.9  93444.4    93419
read      494.1   451.5   148.8   236.4   263.8   431.7   518.1   577.9   625.2   684.0   767.0   902.2  1254.6  5305.5 16755.6  98100.8    98284
read      425.1   409.5   148.8   214.2   231.3   369.5   447.6   494.9   532.4   581.7   650.2   764.3  1140.5  4734.4 14806.6  71429.2    71313
read      432.7   473.2   160.7   212.6   228.4   362.3   458.5   521.9   570.3   626.9   687.6   779.1  1151.0  4839.7 21550.1  42142.0    42089
read      422.1   257.0   160.7   213.9   229.8   363.1   454.2   514.2   561.1   620.9   686.3   779.2  1128.9  1959.1  8708.6  46510.2    46458
read      441.0   497.3   160.7   212.3   228.1   372.2   480.4   540.5   583.9   631.8   685.9   772.9  1125.2  7065.2 14965.3  30825.0    30755
read      428.9   373.6   148.8   212.5   228.1   363.2   454.8   513.8   561.4   619.7   682.7   774.5  1219.4  5596.5 11549.8  42620.8    42889
read      455.5   466.9   160.7   224.9   247.1   399.3   475.2   525.1   566.4   619.6   693.5   833.7  1207.3  3896.1 20152.1  93432.2    93552
read      423.5   371.9   160.7   215.7   232.1   370.5   450.8   498.6   536.5   586.2   654.6   763.8  1091.1  3611.7 12624.5  65836.2    65694
read      431.2   389.3   160.7   212.4   228.1   367.6   481.1   540.1   581.8   626.9   677.8   750.1  1076.5  3991.5 12999.3  29515.0    29574
read      432.1   376.5   148.8   215.4   231.6   366.0   454.6   510.8   557.0   618.6   688.9   794.1  1239.0  4786.4 12349.9  51211.6    51355
read      420.3   355.9   148.8   214.7   230.9   365.7   446.9   495.4   533.1   582.4   650.0   758.2  1101.9  3780.6 12898.5  67227.4    67361
read      437.9   468.4   160.7   219.7   235.6   413.9   491.6   526.5   548.8   578.7   615.7   675.9   965.5  6745.0 21208.0  16262.4    16287
read      431.5   391.2   148.8   218.8   236.0   373.3   450.5   498.0   536.7   587.1   657.5   779.2  1255.0  4755.1 11146.3  81505.0    81508
read      434.9   375.3   148.8   220.9   239.7   380.7   457.1   503.5   542.2   591.2   660.3   776.4  1143.1  4977.7 12208.7  87737.2    87619
read      489.6   416.4   160.7   237.7   264.7   428.4   513.1   571.5   616.9   673.1   746.9   874.8  1257.0  5871.0 12661.3  98917.6    99068
read      435.6   450.5   160.7   214.7   230.4   369.6   458.0   513.3   558.4   617.6   687.3   794.8  1254.3  4954.1 13905.2  51360.4    51267
read      458.5   638.4   173.5   227.2   245.6   412.6   471.8   502.0   525.6   554.3   605.6   703.3  1244.0  9791.2 30160.6  11772.8    11822
read      514.8   436.9   160.7   243.0   274.0   450.5   543.7   607.3   656.4   717.4   797.7   934.2  1320.0  4820.3 14681.3  97438.6    97494
read      474.4   442.4   160.7   231.3   257.0   414.0   493.6   546.0   588.8   641.7   719.5   855.4  1375.4  4442.0 18361.2  97431.6    97350
read      434.8   436.1   160.7   215.8   231.8   371.2   456.7   509.1   553.2   612.7   685.1   793.5  1243.9  4854.8 11872.9  55362.2    55460
read      446.9   493.4   160.7   220.4   239.2   386.1   463.9   511.6   550.4   601.7   674.6   801.6  1261.7  5719.4 16230.2  85992.2    85984
read      430.6   367.0   160.7   218.9   236.6   376.5   455.0   502.3   541.4   592.3   664.3   786.8  1172.0  3066.7 13682.3  81821.0    82043
read      439.3   497.5   160.7   214.9   231.0   370.3   455.3   509.2   554.5   614.2   685.5   795.4  1290.2  5394.9 25417.6  52839.0    52873
read      436.6   446.8   160.7   222.1   239.0   409.9   473.9   504.9   528.2   554.1   594.5   676.1  1017.0  6376.2 18284.9  13942.0    13911
read      441.3   506.2   160.7   215.3   231.1   371.4   461.3   518.1   564.5   623.9   692.9   799.9  1226.8  6260.3 25748.6  50073.4    49984
read      445.5   556.5   160.7   233.2   253.2   406.3   453.3   477.6   496.6   519.6   552.8   640.3  1215.9  8351.0 24538.8   9354.2     9274
read      443.3   565.7   160.7   212.3   228.0   374.6   482.4   537.9   577.8   620.7   670.6   749.1  1178.1  8621.1 30199.0  27023.6    27187
read      429.0   292.0   160.7   215.8   231.3   400.1   485.2   524.8   551.9   588.0   634.5   720.3  1077.2  2560.0 12347.2  18697.2    18735
read      451.4   567.2   148.8   220.5   240.3   387.5   462.7   508.4   546.5   596.7   668.1   793.7  1258.8  8918.7 23790.1  86262.4    86505
read      441.8   370.9   160.7   222.1   243.1   389.2   463.7   510.9   550.5   601.8   673.1   794.3  1169.7  4025.9 13317.1  93029.4    93039
read      430.6   497.8   160.7   217.0   233.6   368.1   447.7   495.6   532.7   581.6   650.4   767.6  1261.1  5804.8 27777.6  76206.6    75999
read      434.4   427.1   148.8   211.7   227.5   366.5   478.8   542.9   588.4   637.0   689.0   771.3  1109.7  4183.0 13863.5  32305.4    32324
read      425.9   441.0   148.8   218.6   235.6   373.0   447.7   493.5   529.6   576.7   641.0   753.3  1101.7  4569.2 16624.3  84191.6    84255
read      433.7   473.5   160.7   218.3   235.5   374.4   452.6   500.1   538.6   588.3   658.1   779.7  1229.8  4399.9 18648.2  81749.0    81759
read      427.7   321.6   148.8   211.5   227.4   364.4   467.7   531.1   578.8   631.5   687.9   773.0  1119.7  3426.7 10302.9  37391.0    37291
read      424.6   392.1   148.8   213.9   229.7   365.4   448.8   501.4   544.2   599.5   667.7   766.0  1125.1  4321.6 14411.9  53705.8    53818
read      429.0   354.9   160.7   211.0   226.3   367.0   477.0   535.4   577.1   623.2   675.1   750.8  1143.4  4365.7 13338.7  30362.8    30297
read      431.2   502.7   160.7   209.5   224.8   363.2   468.9   528.7   570.0   616.8   668.5   743.1  1121.2  6546.1 25123.5  31635.6    31569
read      435.7   488.6   160.7   211.7   227.5   367.3   460.5   520.2   566.0   620.2   678.4   771.6  1250.2  5097.4 20272.6  38882.0    38927
read      484.4   839.0   173.5   229.3   249.2   412.2   465.7   494.2   514.4   542.4   589.1   707.0  2158.6 12224.4 32323.3  10667.2    10652
read      511.8   481.1   148.8   242.4   272.3   445.1   537.5   599.4   647.5   707.0   784.8   912.7  1338.2  6124.0 17262.4  97789.8    98119
read      439.6   418.8   148.8   216.3   232.8   365.6   454.5   513.5   563.7   626.9   699.2   812.6  1370.2  4934.0 13552.1  48305.4    48176
read      453.3   514.9   160.7   215.0   231.5   371.1   481.8   548.2   598.6   649.9   707.7   799.2  1318.7  6392.9 21738.1  34969.4    34929
read      422.8   339.7   160.7   216.6   232.9   368.3   448.6   497.1   535.5   586.4   655.1   767.2  1170.0  2970.7 13976.6  69456.6    69735
read      444.4   543.7   160.7   213.5   229.0   394.2   494.8   539.1   570.1   605.4   647.1   720.5  1135.4  8552.4 25079.4  20773.2    20753
read      436.4   422.6   148.8   219.4   237.0   378.8   456.9   504.6   544.2   595.9   670.5   804.0  1261.6  2725.1 17928.1  84370.6    84642
read      418.0   282.0   160.7   209.7   225.4   357.7   450.5   509.5   555.5   612.1   672.9   756.9  1121.3  2971.0  9262.0  42534.0    42333
read      414.8   277.4   160.7   211.4   227.2   360.8   440.8   489.8   528.8   580.3   649.5   759.8  1240.4  2340.9  8887.7  61506.8    61587
read      424.6   449.0   160.7   213.8   230.6   365.8   442.1   487.9   523.7   571.6   638.4   755.1  1216.0  5035.7 15989.4  77979.4    77998
read      493.6   438.2   148.8   233.1   259.6   427.1   516.0   577.1   624.9   685.7   769.8   912.2  1402.2  4918.5 15509.9  97663.2    97625
read      430.5   530.5   160.7   210.1   225.5   373.2   481.3   528.9   560.6   597.0   638.9   706.0  1005.6  8361.0 23123.0  23769.2    23781
read      415.6   287.6   160.7   214.1   230.1   360.0   439.1   488.7   527.5   578.7   647.3   758.5  1199.0  2785.8  8647.2  66788.6    66723
read      431.5   429.6   148.8   209.5   225.1   360.9   477.5   537.9   579.3   624.5   675.2   746.5  1125.2  5700.0 17267.4  30935.6    31016
read      416.4   357.1   148.8   211.4   226.8   355.2   441.9   502.3   547.1   605.7   670.0   750.7  1107.3  2790.6 12713.8  47624.6    47394
read      478.6   433.1   160.7   231.0   255.7   416.6   499.5   555.3   601.9   660.6   740.3   871.9  1316.8  4449.8 15993.4  95454.0    95335
read      432.0   769.0   173.5   250.4   277.3   370.5   403.5   424.6   438.8   459.9   489.4   558.5  1543.0  9828.3 32223.7   5247.4     5252
read      421.0   347.4   148.8   214.3   230.0   362.1   442.9   492.7   531.4   582.2   652.7   761.4  1258.0  3975.8 10377.9  65868.0    65908
read      434.1   463.6   160.7   216.4   232.0   405.2   483.7   519.3   542.7   572.7   611.7   678.3  1003.2  6585.8 26228.2  16828.2    16889
read      421.2   328.0   148.8   210.4   226.2   359.5   452.2   512.3   558.9   616.2   677.9   765.0  1130.2  2656.1 10551.5  43088.2    42912
read      547.6   450.5   148.8   253.8   290.0   481.7   588.9   655.6   704.8   763.2   841.2   974.8  1455.6  4057.3 17141.0  99846.2    99898
read      423.6   446.7   160.7   210.2   225.5   365.3   478.6   531.5   567.1   607.0   652.1   719.0  1009.8  4097.7 16147.5  26407.4    26385
read      436.6   495.7   160.7   213.5   228.9   385.8   492.3   538.3   570.7   607.5   649.6   718.5  1032.3  7166.0 21707.0  22522.6    22616
read      485.8   664.8   160.7   216.4   232.6   375.6   469.6   534.8   589.5   655.4   736.4   958.2  2105.7  7434.6 31063.1  50749.0    50605
read      510.5   544.8   160.7   230.9   255.8   425.4   519.9   584.1   634.8   702.9   805.1   997.7  1663.7  6769.8 25254.3  90361.2    90283
read      429.7   348.0   160.7   212.0   227.8   374.5   486.4   538.8   575.9   617.1   665.0   739.9  1090.2  3435.3 13726.2  26157.2    26273
read      439.2   414.2   160.7   215.2   231.1   368.1   460.8   521.2   571.0   632.9   704.4   819.3  1289.6  4518.5 12903.9  48524.4    48521
read      426.7   313.5   160.7   211.4   227.0   363.2   470.6   533.2   577.8   627.8   682.6   763.8  1113.0  3058.0 12437.4  34000.2    34058
read      429.4   442.1   160.7   216.7   232.8   370.1   448.3   495.8   533.7   584.1   652.6   768.7  1204.2  5029.2 15837.4  75647.4    75648
read      429.7   370.0   160.7   214.3   229.8   394.9   485.2   525.6   551.8   587.1   629.2   699.0  1053.6  4939.5 12826.6  19492.8    19482
read      435.6   526.0   160.7   219.6   235.6   403.2   471.7   504.1   526.5   549.8   590.0   669.2  1100.0  8247.9 28387.4  15097.8    15054
read      424.8   398.7   160.7   216.6   232.7   368.1   446.0   493.2   530.3   578.8   645.9   763.5  1181.2  5336.7 12105.0  75864.8    75754
read      477.0  1121.5   173.5   252.8   280.4   379.6   416.8   436.4   454.5   473.6   508.0   599.5  2625.2 15798.1 32417.8   5148.4     5187
read      443.2   488.4   160.7   218.7   234.1   407.2   489.7   527.5   552.2   584.4   627.0   704.3  1116.4  8336.4 16554.0  17564.0    17656
read      505.9   509.2   148.8   237.5   265.1   436.4   526.8   588.8   636.6   696.9   781.3   917.1  1356.2  7061.3 26214.9  96465.8    96343
read      451.4   527.1   160.7   211.6   227.2   364.1   470.2   536.8   587.3   642.0   704.1   814.3  1475.1  7625.9 24907.9  36668.0    36665
read      472.9   611.0   148.8   223.1   243.0   393.4   473.9   527.6   571.7   628.1   709.3   858.7  1610.2  8004.6 30404.7  85025.4    85269
read      440.0   424.4   160.7   211.7   227.1   369.0   478.8   540.2   585.3   633.2   687.0   777.3  1192.5  4993.1 14307.0  31434.2    31525
read      420.7   322.3   148.8   215.6   231.1   366.3   448.4   498.5   538.5   592.4   664.1   770.8  1142.9  2454.3 12539.6  61660.4    61798
read      440.2   515.1   173.5   225.5   243.2   410.0   470.8   499.6   520.4   544.9   586.5   675.5  1054.7  6983.3 27392.5  12381.0    12253
read      423.3   323.6   160.7   210.9   226.3   372.8   479.9   531.1   565.7   606.2   652.3   727.2  1064.0  2731.6 14189.4  25846.6    25710
read      447.0   432.9   160.7   219.8   237.4   377.9   457.5   506.0   546.7   600.3   676.6   817.1  1604.1  4800.8 14725.3  80003.0    79937
read      441.5   610.4   173.5   242.4   266.6   404.8   447.9   469.3   487.7   507.3   541.0   608.4  1114.1  8777.8 31785.3   7226.8     7271
read      458.6   664.7   160.7   223.2   243.1   391.9   471.6   523.7   566.2   621.6   697.3   833.4  1270.0  7390.6 14764.2  85617.4    85861
read      445.1   385.5   160.7   224.0   244.1   391.2   467.3   516.3   556.3   607.9   677.5   798.6  1238.3  3318.2 14993.5  91409.8    91467
read      433.2   441.3   160.7   217.1   233.1   369.9   449.4   497.6   536.4   587.3   659.3   779.5  1321.6  5774.4 14159.4  72115.2    72217
read      431.7   352.6   160.7   212.4   228.0   368.6   481.0   540.9   585.6   631.9   682.9   757.5  1089.9  4064.0 11912.9  31147.0    31080
read      450.7   586.6   148.8   219.6   236.8   378.6   458.8   506.9   545.6   596.7   670.2   796.2  1344.2  8347.9 29946.9  76753.8    76878
read      445.7   456.7   160.7   221.4   240.5   386.9   465.0   514.0   555.3   609.0   683.8   811.9  1199.8  4364.2 18840.5  84534.6    84584
read      442.1   369.9   160.7   223.3   241.4   413.7   474.5   504.3   527.0   551.9   594.3   694.0  1249.7  4721.3 13795.2  12595.8    12492
read      431.4   438.3   148.8   216.1   232.3   373.7   454.5   503.4   542.5   596.4   668.6   780.4  1190.7  4428.5 15969.7  56962.4    57106
read      535.7   465.2   160.7   247.0   279.8   463.8   566.7   637.4   691.0   753.9   836.6   966.0  1431.9  5283.2 15752.2  96368.8    96245
read      444.4   678.5   160.7   242.7   266.6   389.7   429.0   451.5   467.1   489.1   519.2   593.5  1484.4  9425.1 30593.3   6808.8     6791
read      491.2   495.4   160.7   230.5   254.5   418.8   503.7   562.6   611.9   675.2   761.5   917.9  1617.6  4622.1 20183.4  90755.6    90728
read      525.5  1521.5   173.5   249.3   276.9   379.4   417.7   438.9   457.2   477.9   508.4   615.9  3952.5 30868.5 38994.1   5211.6     5151
read      526.1   832.2   148.8   227.8   250.2   416.0   506.3   568.1   618.2   680.8   772.2   959.1  2120.2 12421.0 32321.4  82756.4    82969
read      459.7   681.0   160.7   215.9   231.9   374.3   472.0   536.6   587.9   647.9   717.4   852.8  1440.4  5945.5 33846.1  42534.2    42635
read      601.0   689.3   160.7   286.2   325.4   521.1   639.8   707.2   753.4   807.7   878.2   998.1  1457.6 12392.2 31080.4  99157.4    99337
read      525.4   536.0   160.7   241.6   270.7   448.7   544.5   610.2   661.6   725.1   807.9   952.5  1484.7  8499.9 19420.3  95084.0    95192
read      434.2   429.9   160.7   215.2   231.5   372.1   454.2   502.6   540.6   590.8   661.2   777.8  1385.1  4755.2 16501.7  69154.8    69200
read      425.3   328.4   148.8   213.6   229.7   371.3   456.1   508.7   551.1   607.7   674.8   770.8  1131.8  2298.6 10233.7  49524.6    49459
read      428.5   398.6   160.7   211.0   226.8   367.6   469.7   525.9   563.5   607.3   658.8   738.2  1169.9  4911.8 13766.3  29061.2    29055
read      427.1   471.8   160.7   215.4   231.0   367.3   450.5   499.8   538.3   589.8   658.6   763.8  1123.9  4053.9 17473.2  64363.6    64324
read      429.8   545.1   173.5   252.5   279.9   383.7   419.9   440.2   457.0   475.4   504.9   577.1  1403.2  7688.4 27996.9   5697.2     5705
read      476.1   595.2   148.8   224.7   244.9   396.2   478.0   531.0   574.8   631.5   712.8   860.6  1666.6  8733.7 28566.4  84660.8    84816
read      442.2   511.3   148.8   215.4   230.8   385.4   497.2   547.1   583.2   621.7   667.3   738.8  1122.6  5052.3 30548.4  23682.8    23714
read      425.4   387.0   148.8   218.5   234.3   369.6   449.4   497.1   534.2   582.9   650.1   760.9  1101.8  5429.1 12755.8  74367.2    74116
read      453.5   607.6   160.7   217.3   232.8   396.5   492.1   534.3   563.6   598.7   641.0   718.3  1151.8  8273.0 25808.5  20010.8    19948
read      444.2   474.9   148.8   214.4   230.1   368.9   463.4   525.8   573.9   632.0   697.5   802.4  1389.4  5011.3 17524.2  44073.2    44213
read      424.3   336.2   160.7   215.5   231.2   392.8   488.0   528.2   553.7   585.3   624.2   682.8   935.3  4518.3  9919.5  19512.4    19454
read      395.1   384.4   173.5   237.1   259.4   375.2   410.8   430.1   444.2   461.0   483.0   520.4   687.5  4736.2 17045.2   7236.8     7190
read      415.1   453.6   160.7   211.5   227.3   360.3   440.8   492.4   532.5   582.8   642.8   722.4   979.3  4377.6 16528.5  47618.6    47657
read      410.9   337.5   160.7   210.9   226.4   356.1   442.0   500.0   543.4   598.0   658.4   733.3   957.9  2285.5 12677.6  44440.6    44399
read      430.1   789.7   173.5   242.0   267.1   375.4   410.3   429.7   443.9   461.4   485.4   534.1  1432.9  9886.8 32428.9   6475.0     6481
read      408.6   479.5   173.5   246.7   272.5   371.4   403.2   422.3   434.5   452.2   471.2   518.1  1354.4  8340.7 19042.6   5828.6     5807
read      425.6   424.9   160.7   218.0   234.5   370.2   444.8   489.6   524.9   571.4   634.9   744.9  1366.1  3986.0 14814.4  82862.2    83137
read      430.0   500.6   173.5   232.6   252.3   403.8   453.2   478.4   497.2   519.5   549.0   622.5   877.7  7649.1 24663.1   9625.6     9580
read      443.9   417.9   160.7   216.2   232.1   380.0   483.2   543.9   591.9   645.7   704.2   788.7  1142.9  4648.2 13471.2  37549.8    37385
read      436.1   475.2   160.7   211.6   226.9   363.1   467.9   531.3   575.7   625.9   680.3   752.4  1183.6  7167.3 20564.2  33583.0    33706
read      415.0   334.4   148.8   210.2   225.7   360.8   456.0   513.1   553.5   603.8   658.4   730.4   971.3  2347.7 12807.8  35191.2    35204
read      408.8   395.4   148.8   211.8   227.3   360.8   439.1   488.8   527.4   576.2   638.2   714.7   907.6  3405.5 13489.6  50452.6    50438
read      421.7   434.3   160.7   213.0   229.2   366.4   450.6   503.7   544.3   597.6   661.1   738.8   985.0  4051.5 22415.6  48734.4    48878
read      408.5   339.4   160.7   210.5   225.7   356.7   441.8   499.5   541.8   594.6   654.8   727.4   936.3  1729.3 12672.5  42786.0    42682
read      437.5   598.2   160.7   211.9   227.4   367.5   474.2   528.6   564.6   606.8   654.3   719.7  1021.2  9320.1 25026.7  27313.2    27416
read      405.7   382.8   148.8   213.6   229.1   361.4   437.8   482.7   516.7   560.1   619.8   706.9   895.3  2999.2 14896.7  64254.6    64424
read      407.4   454.3   148.8   212.0   227.7   359.5   436.4   481.4   514.6   556.2   615.8   701.6   909.6  3916.0 16176.7  64346.0    64364
read      397.8   456.6   173.5   248.4   275.2   365.2   397.0   415.2   428.5   444.9   467.0   507.8   910.0  7574.4 19454.6   5486.2     5481
read      411.8   237.1   160.7   212.6   229.1   370.2   483.4   530.3   559.3   592.2   634.3   688.4   795.0  1591.0 10611.9  26249.6    26227
read      409.1   246.2   148.8   211.3   227.2   364.3   477.9   525.5   553.9   588.0   630.1   684.8   803.7  2293.8  9827.4  26568.2    26586
read      386.4   223.9   148.8   214.9   231.0   355.5   423.0   461.3   489.9   524.6   572.9   653.1   817.4  1474.4  8418.3  86281.6    86286
read      408.0   243.6   160.7   211.4   227.5   372.0   479.5   523.7   549.4   580.0   617.3   669.7   777.0  2402.4  8127.0  24403.8    24452
read      406.7   275.3   148.8   211.6   228.3   367.3   468.4   516.1   544.2   576.0   613.3   666.1   771.9  3306.0 12140.1  26973.0    26832
read      416.5   802.9   160.7   210.7   227.0   362.3   482.4   538.4   572.6   610.0   653.3   708.5   806.6  1881.1 12052.1  29862.4    29795
read      401.8   225.8   148.8   212.2   228.4   357.1   443.5   499.4   539.8   587.7   644.7   714.2   836.3  1167.1  7592.3  46142.4    46224
read      385.0   203.6   148.8   214.3   230.3   353.4   422.3   461.6   491.3   527.2   576.1   656.0   816.7  1556.9  6403.4  84413.0    84587
read      397.4   218.1   148.8   213.6   229.4   358.7   437.2   483.9   518.9   560.9   618.4   699.2   854.1  1358.3  8648.6  63481.4    63389
read      399.5   240.8   160.7   212.3   228.3   354.5   439.0   494.6   535.1   582.3   640.0   709.0   837.6  1186.8 12047.2  46895.2    46953
read      387.4   194.4   160.7   217.0   233.6   358.9   424.9   462.4   490.8   525.0   572.5   650.8   821.7  1361.1  6231.7  90463.8    90536
read      414.2   288.3   160.7   226.5   244.7   410.0   466.7   491.8   507.5   527.4   547.9   586.2   706.2  4254.5 10147.4  12501.6    12508
read      404.1   219.2   148.8   210.8   226.7   358.0   453.4   511.4   548.4   593.0   645.3   708.4   841.2  1331.0  8515.9  38528.0    38491
read      400.5   218.8   148.8   221.8   241.0   373.0   436.6   473.8   502.6   538.5   587.8   668.2   831.5  1240.9  9693.5  97885.2    97806
read      405.7   337.9   160.7   225.9   244.4   397.5   448.5   471.4   488.7   506.0   531.2   568.9   685.0  4813.9 13634.0  11829.4    11813
read      402.3   223.2   148.8   211.4   227.7   360.6   451.0   505.6   542.5   583.5   632.1   692.1   806.8  1329.1  9572.3  39717.4    39665
read      398.8   238.8   148.8   212.0   228.3   359.6   439.9   488.6   524.6   567.9   625.1   699.3   845.5  1265.7  9396.0  53606.6    53571
read      398.0   210.2   148.8   212.8   228.6   357.1   436.4   484.3   519.6   562.3   621.7   706.4   882.8  1708.8  8910.5  63265.6    63215
read      391.5   208.8   148.8   214.5   230.4   357.2   431.1   472.2   504.0   541.9   593.8   676.4   837.5  1351.8  8314.0  79018.4    78767
read      400.8   321.6   160.7   236.3   256.5   388.8   431.5   452.7   466.3   483.4   502.9   537.9   658.6  5613.2 12608.9   8566.8     8615
read      389.2   223.6   148.8   211.9   227.6   353.8   430.3   473.3   505.7   543.6   594.7   676.0   820.6  1230.3  7861.1  67837.2    67903
read      420.8   348.3   160.7   220.9   238.0   411.1   484.2   515.5   535.7   558.1   586.6   632.7   744.1  4062.8 14388.5  16487.6    16398
read      398.6   235.8   148.8   212.8   229.0   359.9   439.5   487.8   524.2   566.9   622.1   695.8   831.6  1413.4  9404.7  53516.0    53434
read      403.0   258.7   148.8   210.6   226.5   356.0   449.5   507.4   544.6   588.7   640.2   704.3   823.0  1434.4 11927.9  38070.4    38068
read      401.7   358.4   160.7   232.1   251.7   390.2   432.3   453.0   466.2   483.2   503.2   538.3   675.1  5700.9 14426.7   9144.0     9130
read      388.4   197.4   148.8   212.0   228.1   355.4   430.0   471.4   503.1   540.1   589.3   667.4   811.1  1285.2  8250.6  68863.8    69227

Total QPS = 49305.7 (44375112 / 900.0s)

Total connections = 64
Misses = 0 (0.0%)
Skipped TXs = 0 (0.0%)

RX 10960652664 bytes :   11.6 MB/s
TX          0 bytes :    0.0 MB/s
Warning! Detected max cpu usage > 95%
CPU Usage Stats (avg/min/max): 99.99%,48.48%,100.00%
