Random waveform, random seed
Total number of intervals = 90 (69457, 99296, 77060, 6813, 81873, 45784, 19463, 75773, 37382, 67024, 57101, 23424, 49743, 45692, 73875, 67987, 97283, 56051, 33188, 75717, 53939, 83544, 7260, 92723, 92098, 30781, 95251, 17252, 49442, 23063, 64662, 72228, 30537, 83012, 92316, 93310, 71274, 50926, 79752, 21428, 31016, 48736, 28278, 15892, 9365, 27539, 43137, 87404, 90223, 65436, 68274, 74868, 28851, 54363, 69028, 22900, 74504, 86639, 65069, 69964, 73081, 15085, 30772, 39084, 79734, 12877, 67310, 16652, 48567, 51243, 80904, 17247, 72717, 75276, 41345, 74297, 25275, 83705, 54872, 85782, 97470, 67678, 37435, 12173, 9455, 32442, 81107, 94019, 30163, 61358)
Average QPS expected = 55504
Timestamp start: 1715292537478
Timestamp end: 1715293438017

#type       avg     std     min      p5     p10     p50     p67     p75     p80     p85     p90     p95     p99    p999   p9999      QPS   target
read      437.6   493.1   148.8   208.8   225.3   359.7   436.1   485.7   523.9   573.1   645.0   826.2  1765.4  6061.7 18810.6  69475.1    69457
read      501.0   523.6   148.8   231.6   259.4   428.0   517.1   576.3   624.1   686.5   777.8   932.6  1472.2  5870.3 21723.2  99257.2    99296
read      419.3   396.7   148.8   208.5   224.4   353.0   427.4   473.3   509.4   557.2   628.3   788.1  1600.9  3274.3 12128.1  77056.4    77060
read      518.9  1405.9   160.7   215.9   238.2   368.2   422.1   454.3   478.2   509.9   571.4   785.4  3392.7 28751.0 32435.5   6767.5     6813
read      484.7   650.2   148.8   211.7   230.2   380.2   460.7   511.8   556.6   618.9   725.1  1045.8  1957.4  8667.8 29266.7  81605.9    81873
read      397.8   356.4   137.8   202.5   216.3   345.5   424.9   473.6   510.8   556.6   613.5   711.0  1154.0  2219.4 13253.5  45810.1    45784
read      535.3   935.9   160.7   206.3   222.4   418.2   530.5   612.0   673.7   740.5   829.5   997.3  1815.9 10430.1 37042.9  19358.0    19463
read      415.9   384.7   148.8   208.1   224.4   356.6   431.7   478.0   514.0   561.1   628.8   765.7  1386.8  3253.0 15304.9  75834.6    75773
read      403.0   469.6   148.8   201.3   215.2   342.8   428.9   483.1   521.0   564.0   616.2   701.4  1147.5  5410.9 21620.9  37313.8    37382
read      425.4   541.2   148.8   206.9   222.6   354.5   430.3   477.0   512.6   559.3   626.5   762.0  1529.6  7568.6 26454.0  67002.2    67024
read      405.3   358.1   148.8   205.8   221.2   348.8   424.7   471.6   508.9   556.0   619.8   731.2  1245.1  3676.2 14445.6  57085.6    57101
read      531.0   833.1   148.8   209.2   224.9   413.5   538.4   631.4   708.4   788.7   886.8  1048.0  1621.3 11728.1 36422.9  23386.4    23424
read      405.0   360.3   148.8   205.9   220.9   347.2   424.4   474.3   514.3   562.4   623.6   726.8  1221.4  3915.0 12844.3  49792.9    49743
read      401.4   403.8   148.8   204.6   219.3   343.0   421.6   472.6   511.9   558.2   616.9   716.9  1191.3  3898.9 14436.0  45691.0    45692
read      404.9   388.9   148.8   206.7   222.4   347.1   418.7   463.5   498.4   542.9   606.0   729.2  1348.6  3124.1 15274.5  73653.7    73875
read      404.9   405.9   148.8   206.1   221.4   349.3   424.1   469.9   506.2   550.8   614.3   726.9  1174.8  3750.4 14738.2  67836.9    67987
read      464.3   395.9   148.8   224.0   247.1   401.7   484.1   537.2   579.9   634.7   716.4   862.3  1357.2  4337.9 14570.8  97259.1    97283
read      403.3   368.9   148.8   206.9   222.3   350.7   426.6   472.5   508.4   553.0   614.5   719.4  1178.0  2903.8 14327.6  56164.1    56051
read      406.9   449.5   148.8   204.2   218.3   348.4   436.4   489.0   525.3   566.6   617.8   708.7  1148.7  4299.4 19917.8  33142.0    33188
read      420.1   415.6   148.8   209.5   225.9   356.6   430.6   476.3   511.9   558.7   626.7   766.7  1545.9  4109.7 13513.4  75698.3    75717
read      407.7   419.1   148.8   205.9   221.2   350.7   427.7   475.5   512.7   559.8   621.9   730.7  1203.8  3690.9 14966.6  53879.9    53939
read      414.4   385.2   148.8   208.7   225.4   356.4   428.5   473.0   508.4   554.9   622.9   757.3  1381.8  3885.9 12825.8  83388.8    83544
read      468.0  1023.2   160.7   212.7   233.1   361.2   413.0   445.3   469.7   503.4   552.7   705.2  2679.1 14563.1 32350.7   7224.4     7260
read      439.8   358.0   148.8   214.9   233.8   375.5   451.9   500.2   539.6   591.1   671.8   840.8  1553.8  3410.9 11634.0  92541.3    92723
read      418.6   413.6   148.8   210.7   228.4   361.6   432.6   477.1   511.9   558.4   625.2   756.2  1278.0  4063.6 16089.1  92168.4    92098
read      403.2   411.8   148.8   203.9   218.0   347.3   436.0   486.7   521.0   558.9   606.2   692.1  1092.9  5382.1 14937.7  30798.3    30781
read      424.0   383.7   148.8   213.4   231.9   368.5   440.4   486.3   522.7   571.0   640.4   784.6  1246.1  3669.2 15005.5  95226.4    95251
read      546.2  1086.7   160.7   207.0   223.7   421.1   527.5   599.5   653.2   714.4   793.5   940.6  2152.3 15194.7 37055.8  17266.4    17252
read      405.5   379.4   148.8   205.7   220.4   346.6   424.4   475.1   514.7   562.0   622.8   727.9  1235.8  3890.8 13814.9  49558.6    49442
read      510.2   539.9   148.8   210.7   226.7   414.8   540.2   629.5   703.2   785.6   882.9  1039.6  1548.8  5794.5 27049.2  23021.4    23063
read      424.8   402.1   148.8   209.6   225.1   356.8   434.6   485.2   524.5   573.9   640.7   782.0  1637.2  3457.4 14503.0  64612.2    64662
read      407.7   411.4   148.8   207.4   222.6   348.3   421.8   466.9   502.8   547.3   612.2   733.6  1294.0  4597.7 13983.6  72226.0    72228
read      406.5   386.1   148.8   205.0   219.6   348.1   441.5   494.4   529.7   569.0   618.2   707.3  1137.1  3784.4 13107.4  30589.9    30537
read      415.3   366.7   148.8   209.9   226.5   357.5   431.0   476.5   511.7   558.3   626.2   755.6  1385.9  3714.8 13820.5  82983.0    83012
read      437.4   436.3   148.8   216.8   235.7   378.4   453.7   500.5   538.6   587.5   660.5   800.4  1278.9  4687.1 19037.3  92292.0    92316
read      455.6   506.2   148.8   216.1   235.2   381.4   458.4   507.8   549.5   607.0   692.4   857.6  1553.3  6378.7 18889.6  93312.9    93310
read      428.3   534.1   148.8   206.6   222.1   353.4   430.4   479.9   519.8   570.5   641.8   806.2  1539.0  5573.3 25285.1  71325.3    71274
read      401.7   361.2   148.8   205.4   219.7   343.9   420.0   469.0   507.6   554.5   616.0   720.0  1269.6  3090.7 13070.4  51007.7    50926
read      464.2   613.4   148.8   210.2   226.8   363.9   436.5   486.0   526.1   580.5   671.8  1065.0  1826.0  9025.0 23537.9  79832.2    79752
read      543.4   924.1   160.7   208.9   225.1   414.0   532.2   616.3   686.9   766.2   868.1  1057.4  1859.9 12855.5 31906.6  21485.4    21428
read      414.8   438.8   148.8   205.5   219.8   348.1   441.6   494.4   530.7   571.9   626.1   746.5  1261.9  4536.4 15790.9  30930.4    31016
read      401.8   401.4   148.8   204.7   219.1   344.8   422.0   471.1   509.2   556.5   616.7   717.1  1192.6  3831.7 14718.7  48756.6    48736
read      557.0   760.7   160.7   209.6   226.3   401.8   548.8   664.0   763.2   871.7  1004.3  1223.4  2087.5 10312.6 31402.7  28223.7    28278
read      562.4  1086.0   160.7   209.7   227.8   422.3   533.2   603.1   651.2   706.8   787.1   978.6  3471.3 13900.1 36200.0  15975.4    15892
read      559.7  1559.4   160.7   212.1   231.5   384.1   452.7   495.1   527.7   567.4   624.5   795.0  4491.6 29193.4 38322.7   9363.4     9365
read      572.0   976.1   148.8   208.3   224.5   400.7   544.5   654.5   747.2   851.5   972.8  1175.5  2230.9 13553.7 32409.4  27525.3    27539
read      401.6   385.9   148.8   205.2   219.6   346.6   426.1   477.0   515.5   560.6   618.3   716.1  1170.3  2687.9 13689.1  43045.8    43137
read      415.9   357.8   148.8   212.3   228.9   360.3   431.5   476.5   511.4   557.6   625.9   754.6  1410.8  2934.7 15478.5  87393.3    87404
read      409.3   379.2   148.8   212.2   228.7   357.1   425.5   468.6   503.1   547.2   611.3   729.7  1175.9  3934.1 12816.5  90228.7    90223
read      418.1   426.4   148.8   210.3   226.0   360.0   437.4   485.6   522.4   568.9   631.8   745.8  1252.6  4548.0 14849.6  65529.5    65436
read      401.5   350.3   148.8   207.8   223.2   348.0   420.4   465.4   501.0   545.2   607.1   719.3  1219.1  2897.8 12414.6  68242.1    68274
read      436.1   653.5   148.8   210.0   226.3   358.7   433.1   478.6   514.2   559.9   625.2   756.9  1596.6 11565.0 30219.2  74880.8    74868
read      563.4   888.5   148.8   205.2   221.0   392.6   536.5   649.7   755.0   870.7  1006.9  1234.7  2191.0 13208.3 31778.6  28831.8    28851
read      403.9   342.8   148.8   204.2   218.5   349.5   426.0   472.9   508.7   554.3   618.0   733.4  1264.2  2978.3 13193.8  54309.3    54363
read      406.8   335.1   148.8   205.5   220.6   350.0   425.5   470.0   504.6   548.3   613.1   736.5  1429.8  3288.7 10808.3  68991.2    69028
read      535.0   881.1   148.8   206.5   222.2   412.7   533.1   619.5   690.3   769.6   866.2  1025.8  1878.5 12594.1 31752.3  22942.4    22900
read      439.3   555.0   148.8   207.7   223.7   358.1   434.6   482.6   519.6   567.8   639.7   809.6  1788.9  7490.0 25583.4  74477.2    74504
read      426.3   446.3   148.8   211.2   228.5   361.7   433.9   480.1   517.1   565.1   633.3   778.6  1505.2  5300.4 15561.9  86692.3    86639
read      426.1   506.8   148.8   206.9   222.3   348.7   424.7   472.5   512.2   562.9   633.7   792.4  1688.2  6056.3 25777.3  65130.0    65069
read      411.7   428.9   148.8   205.9   221.6   347.0   419.0   464.0   500.2   545.9   613.2   743.6  1553.3  4467.1 13793.8  69958.9    69964
read      426.5   448.1   148.8   209.6   225.8   357.0   431.4   478.9   516.5   565.0   633.8   787.8  1610.4  5019.5 14692.6  73009.7    73081
read      524.7  1015.2   148.8   207.3   224.3   413.8   512.4   577.8   624.0   676.4   743.6   894.8  1853.7 14807.2 36600.4  15032.3    15085
read      416.1   486.2   148.8   203.4   216.8   347.5   441.5   494.5   530.2   571.8   628.3   769.3  1244.7  5529.2 24388.3  30739.8    30772
read      400.2   359.1   148.8   203.3   216.5   343.4   427.8   481.6   519.8   562.8   617.5   709.3  1160.2  3889.4 11007.1  39095.3    39084
read      428.1   407.3   148.8   210.6   227.1   361.8   435.9   483.2   520.1   568.2   637.6   794.6  1632.6  3947.7 14812.4  79621.6    79734
read      531.3  1144.5   160.7   213.3   230.2   404.9   495.9   550.1   590.0   636.6   702.5   870.1  2985.1 14450.6 37022.1  12831.4    12877
read      409.3   314.7   148.8   208.8   224.3   354.0   429.9   476.7   513.4   559.7   624.6   743.9  1309.4  2866.0 10042.2  67273.2    67310
read      561.5  1226.4   148.8   209.6   226.6   414.1   511.0   577.8   628.4   687.4   767.4   954.4  3036.9 19972.9 35589.4  16692.1    16652
read      413.8   466.6   148.8   206.7   221.8   351.6   429.8   479.8   518.3   564.8   624.6   732.5  1272.2  6514.0 17452.4  48458.9    48567
read      402.1   304.1   148.8   206.1   221.4   350.7   427.2   474.8   511.9   557.5   617.2   716.9  1205.4  2563.0  9820.8  51089.1    51243
read      400.3   329.1   148.8   207.1   223.1   352.0   425.4   469.4   503.8   546.4   607.7   716.8  1096.2  2694.1 13639.1  80999.7    80904
read      500.3   769.8   148.8   202.8   217.5   409.7   507.2   576.5   631.7   692.0   768.4   906.2  1576.9 10994.4 31635.2  17225.0    17247
read      400.7   454.8   148.8   205.5   220.4   345.7   418.6   462.9   496.7   538.9   598.1   707.8  1180.2  3536.7 24063.6  72670.9    72717
read      396.0   299.8   148.8   206.5   222.2   347.9   419.3   463.5   497.8   540.4   599.0   704.3  1112.4  2799.5 10121.3  75152.5    75276
read      390.8   343.6   148.8   204.2   218.7   340.9   420.1   470.5   507.1   548.0   595.9   674.5  1029.4  3119.8 10894.8  41351.0    41345
read      362.8   191.5   148.8   203.9   218.8   335.6   400.8   438.2   466.5   500.3   542.0   602.1   732.6  1082.3  8497.0  74306.7    74297
read      369.7   239.7   148.8   202.9   217.0   339.7   425.4   464.9   488.6   512.5   540.2   580.9   686.9  1980.9 10568.2  25231.4    25275
read      362.2   166.6   148.8   204.4   219.8   336.4   399.1   435.1   462.7   495.7   537.6   599.4   738.5  1308.3  5342.8  83916.2    83705
read      372.2   314.0   148.8   203.0   217.4   338.3   410.1   453.1   485.6   523.6   567.4   624.8   743.5  1333.7 22289.9  54942.1    54872
read      359.4   165.0   148.8   202.5   217.2   333.4   396.7   432.7   460.4   493.5   536.1   601.2   741.7  1117.7  5217.0  85714.7    85782
read      360.4   177.5   148.8   205.8   221.6   336.9   396.1   430.3   456.1   486.8   526.8   588.6   730.9  1047.7  6027.7  97583.4    97470
read      365.6   180.4   148.8   205.4   221.0   336.5   403.5   442.4   470.9   506.1   549.3   613.9   740.9  1235.5  6311.8  67559.9    67678
read      367.8   223.2   148.8   202.9   216.6   330.9   409.8   459.1   491.7   525.1   560.7   607.0   713.5  1874.9  8860.2  37403.2    37435
read      361.8   284.5   148.8   210.1   224.9   355.6   399.1   419.6   432.7   448.9   466.7   498.2   591.8  3399.8 12758.7  12149.3    12173
read      361.0   378.9   148.8   212.9   229.6   345.8   380.7   397.8   410.2   425.4   443.8   474.5   600.0  5773.5 15530.6   9454.8     9455
read      365.9   226.2   148.8   198.7   212.4   329.0   414.7   462.1   491.9   522.0   553.5   597.8   699.1  1893.9  9881.3  32340.8    32442
read      360.8   171.9   148.8   200.9   216.2   334.4   397.9   434.1   461.6   494.7   537.2   603.4   748.0  1390.8  5490.4  81147.1    81107
read      358.9   167.7   148.8   205.1   221.2   336.0   394.6   428.2   453.6   483.8   523.9   586.0   725.8  1056.7  5697.5  94006.0    94019
read      367.8   187.6   148.8   200.8   214.4   331.5   423.0   470.3   499.2   528.4   560.3   602.7   692.7  1528.6  7857.1  30082.7    30163
read      365.1   189.7   137.8   203.3   217.7   334.0   402.3   443.6   475.1   512.3   557.3   617.9   739.7  1284.8  8059.4  61511.9    61358

Total QPS = 55488.4 (49939520 / 900.0s)

Total connections = 64
Misses = 0 (0.0%)
Skipped TXs = 0 (0.0%)

RX 12335061687 bytes :   13.1 MB/s
TX          0 bytes :    0.0 MB/s
Warning! Detected max cpu usage > 95%
CPU Usage Stats (avg/min/max): 99.96%,49.49%,100.00%
ubuntu@client-measure-658s:~/memcache-perf-dynamic$
ubuntu@client-measure-658s:~/memcache-perf-dynamic$ ./mcperf -s 10.0.16.2 --loadonly && ./mcperf -s 10.0.16.2 -a 10.0.16.5 --noload -T 16 -C 4 -D 4 -Q 1000 -c 4 -t 900 --qps_interval 10 --qps_min 5000 --qps_max 100000
Random waveform, random seed
Total number of intervals = 90 (82637, 61728, 63376, 29285, 25167, 72652, 28070, 32793, 81036, 41117, 51176, 6230, 65650, 48350, 99495, 6911, 24778, 8063, 6156, 63212, 21089, 41933, 85379, 72638, 70521, 28377, 71361, 79315, 96323, 84179, 48837, 17842, 85312, 90072, 86652, 91155, 53563, 32684, 61433, 44283, 49375, 39529, 55882, 59180, 92309, 68403, 49363, 29463, 83036, 30439, 53158, 55167, 10060, 33880, 22853, 50004, 62353, 29229, 44731, 83359, 41684, 81298, 76906, 70949, 96154, 81747, 24903, 5679, 24792, 52806, 41645, 84449, 15099, 74019, 12437, 74568, 25502, 11262, 81858, 83392, 18023, 88075, 65546, 19204, 85734, 54525, 37891, 67982, 12228, 80835)
Average QPS expected = 52819
^C
ubuntu@client-measure-658s:~/memcache-perf-dynamic$ ./mcperf -s 10.0.16.2 --loadonly && ./mcperf -s 10.0.16.2 -a 10.0.16.5 --nolubuntu@client-measure-658s:~/memcache-perf-dynamic$ ./mcperf -s 10.0.16.2 --loadonly && ./mcperf -s 10.0.16.2 -a 10.0.16.5 --noload -T 16 -C 4 -D 4 -Q 1000 -c 4 -t 900 --qps_interval 10 --qps_min 5000 --qps_max 100000[^Cperf -s 10.0.16.2 -a 10.0.16.5 --nolubuntu@client-measure-658s:~/memcache-perf-dynamic$
ubuntu@client-measure-658s:~/memcache-perf-dynamic$ ./mcperf -s 10.0.16.2 --loadonly && ./mcperf -s 10.0.16.2 -a 10.0.16.5 --noload -T 16 -C 4 -D 4 -Q 1000 -c 4 -t 900 --qps_interval 10 --qps_min 5000 --qps_max 100000 | tee /dev/tty > out
Random waveform, random seed
Total number of intervals = 90 (50567, 25910, 24952, 67999, 17688, 75793, 89580, 93697, 22608, 16311, 17731, 27460, 51876, 75979, 84416, 36247, 92964, 52146, 60181, 8748, 9887, 63374, 93139, 58979, 41361, 57652, 56483, 73801, 51838, 17122, 59088, 63352, 6925, 58692, 58004, 85201, 34499, 76469, 50643, 67849, 59483, 57951, 57683, 8197, 67569, 99244, 49321, 81673, 10348, 22140, 29522, 20827, 91889, 36805, 71611, 8119, 88312, 57189, 67068, 43589, 85109, 8544, 16706, 95948, 55593, 40874, 56143, 73310, 58477, 60716, 63590, 8215, 78321, 13869, 19401, 67372, 24760, 77731, 68230, 97502, 46696, 50120, 19965, 50347, 30870, 66131, 64141, 57166, 66298, 26074)
Average QPS expected = 51710
