Random waveform, random seed
Total number of intervals = 90 (50621, 81599, 93117, 63906, 8885, 39176, 18723, 77868, 7672, 73235, 43102, 68989, 27213, 81586, 67547, 12590, 86343, 21634, 75560, 63556, 14527, 42782, 92246, 57638, 21671, 33584, 89532, 41145, 43342, 6884, 40615, 65331, 14515, 45539, 71964, 44990, 66140, 30208, 66392, 77051, 49748, 40302, 22609, 27691, 35387, 78711, 17700, 76223, 5595, 37943, 95290, 17136, 10282, 56183, 73310, 56213, 10120, 80861, 47200, 52077, 39452, 90573, 53781, 76295, 64443, 90668, 38329, 19195, 24272, 39851, 56324, 64133, 24236, 16576, 6375, 43042, 99901, 77858, 31926, 54903, 36257, 65255, 58644, 15503, 23074, 50984, 7435, 83527, 20065, 24209)
Average QPS expected = 47963
Timestamp start: 1715273885892
Timestamp end: 1715274786381

#type       avg     std     min      p5     p10     p50     p67     p75     p80     p85     p90     p95     p99    p999   p9999      QPS   target
read      461.6   494.3   160.7   220.5   236.5   378.6   471.3   528.7   572.6   626.4   707.0   891.0  1661.5  5961.4 17705.5  50714.7    50621
read      461.2   455.3   160.7   224.6   244.1   390.2   469.7   522.2   564.2   619.9   705.1   876.2  1552.2  5246.2 15101.2  81729.7    81599
read      564.5   533.3   160.7   243.9   275.4   472.5   584.6   663.7   730.8   818.9   936.1  1116.1  1595.4  6800.4 21735.0  92977.0    93117
read      426.0   409.6   160.7   216.7   231.8   362.3   441.5   492.5   532.1   581.5   648.4   787.1  1368.8  3789.6 13909.6  63802.7    63906
read      436.2   558.9   173.5   230.4   250.7   398.9   458.9   493.1   517.5   545.5   582.1   637.0   923.9  7594.7 27624.6   8880.1     8885
read      430.6   400.5   160.7   219.2   233.8   366.8   463.8   519.9   559.2   604.5   664.7   782.3  1218.0  3587.8 12599.5  39257.7    39176
read      475.3   512.3   160.7   222.0   239.1   418.1   511.3   574.8   622.2   677.8   744.3   844.6  1070.7  7553.8 28944.3  18773.0    18723
read      457.2   579.0   148.8   221.4   239.2   382.5   459.4   507.0   546.0   596.8   675.0   844.8  1579.7  6919.8 29993.1  77983.7    77868
read      422.7   426.1   173.5   236.2   257.2   392.6   443.9   472.0   494.8   520.5   551.9   606.7   813.4  7251.0 15756.0   7706.6     7672
read      430.9   395.2   160.7   221.8   238.1   367.6   443.7   491.7   530.1   579.3   648.8   790.0  1395.4  4454.9 13644.5  73110.0    73235
read      428.6   398.5   160.7   219.6   234.0   365.5   457.8   512.5   552.4   599.3   659.5   770.3  1231.0  3449.3 13524.1  42992.7    43102
read      439.5   428.9   160.7   223.1   239.9   371.1   451.3   500.6   540.5   591.4   665.4   811.1  1456.9  4314.9 15182.2  69055.1    68989
read      506.9   510.1   160.7   225.6   242.7   421.2   541.5   621.6   690.4   779.1   878.4  1019.9  1318.2  5308.6 16002.8  27218.6    27213
read      457.0   503.8   160.7   226.4   245.8   386.2   462.0   509.6   549.1   601.5   680.0   841.0  1510.6  6953.1 18162.0  81481.1    81586
read      428.8   352.8   160.7   222.9   239.4   367.9   447.5   497.5   537.0   586.1   655.0   784.6  1255.6  3912.2 12150.5  67597.6    67547
read      473.6   464.1   160.7   233.7   253.6   431.5   513.1   560.6   592.9   629.8   676.3   747.3  1039.1  6321.6 16546.9  12574.9    12590
read      461.9   450.0   160.7   231.8   253.7   398.6   473.9   522.8   561.9   614.9   695.1   863.1  1396.1  3997.8 15865.7  86147.2    86343
read      519.2   544.5   160.7   233.8   253.8   451.3   557.8   631.8   689.8   756.5   839.2   957.5  1269.7  6244.9 25050.3  21616.2    21634
read      440.8   430.6   160.7   225.9   243.8   377.1   453.7   501.5   540.0   590.0   664.7   807.2  1356.8  4510.8 15258.1  75597.1    75560
read      436.3   409.3   160.7   222.4   238.9   371.5   452.7   503.0   542.3   591.6   663.8   805.2  1342.6  3797.6 14947.7  63576.8    63556
read      484.3   587.7   160.7   226.8   246.2   432.4   522.4   578.8   617.8   661.8   716.9   799.1  1055.1  9475.9 30263.3  14507.5    14527
read      443.0   465.4   160.7   221.6   237.6   376.6   468.6   524.2   564.9   613.7   678.4   802.5  1263.2  4690.6 16357.4  42799.1    42782
read      471.8   422.9   160.7   232.7   256.3   411.0   490.6   542.0   584.8   640.1   726.2   877.3  1300.9  4066.8 16498.5  92212.7    92246
read      436.2   404.7   160.7   222.6   239.0   372.7   459.4   513.6   555.7   607.2   676.5   797.5  1239.5  3928.9 17690.8  57714.8    57638
read      491.4   435.8   160.7   225.8   243.7   428.8   531.5   600.6   659.5   731.9   814.9   933.4  1171.0  4274.2 18170.8  21721.7    21671
read      437.4   396.1   160.7   222.4   238.2   373.7   476.3   531.9   570.1   613.9   671.7   779.7  1193.6  3697.2 15163.3  33673.7    33584
read      480.6   445.0   160.7   235.0   258.1   412.0   493.4   546.6   591.3   650.4   738.1   896.3  1481.2  5354.2 17952.8  89515.7    89532
read      438.5   387.8   160.7   222.5   238.5   372.4   468.7   526.2   567.3   615.4   677.3   791.5  1227.7  4058.9 15280.8  41164.7    41145
read      435.0   390.3   160.7   220.4   235.7   370.9   461.6   516.3   557.3   605.9   670.0   788.6  1268.0  4474.5 14473.2  43320.1    43342
read      449.6   775.2   173.5   238.2   261.8   396.2   445.0   471.0   491.4   513.4   545.5   603.4  1073.7 10736.0 32573.9   6904.6     6884
read      444.2   403.9   160.7   222.5   238.7   374.1   472.6   531.3   573.6   622.3   686.0   807.3  1277.7  4654.3 13740.0  40619.1    40615
read      519.3   672.1   160.7   225.8   245.3   403.3   498.9   561.3   613.4   685.2   811.7  1131.1  2112.6  8942.9 30152.0  65264.1    65331
read      510.5   546.5   160.7   230.2   251.7   440.6   536.0   590.7   629.6   676.8   744.8   906.9  1763.7  7684.5 29530.0  14524.5    14515
read      437.8   451.1   160.7   219.1   233.9   368.7   461.7   516.6   557.7   606.9   673.8   806.3  1302.6  4700.2 16797.4  45595.0    45539
read      444.3   398.0   160.7   222.1   239.4   375.2   456.2   507.2   547.9   601.3   679.3   839.6  1553.3  3851.5 12875.1  71978.0    71964
read      432.1   409.7   160.7   219.8   235.0   366.0   457.3   512.4   554.0   602.6   665.1   777.2  1258.5  4549.4 14519.9  44861.4    44990
read      426.5   418.0   148.8   218.5   233.4   366.4   446.7   495.5   533.4   581.0   646.0   774.7  1239.3  4189.6 12707.8  66176.1    66140
read      435.4   512.9   160.7   220.9   236.0   371.2   475.8   527.7   562.1   600.4   650.0   740.9  1136.1  5665.0 28541.2  30116.5    30208
read      439.9   525.0   160.7   220.4   236.6   369.4   448.4   496.8   535.7   585.9   657.1   798.3  1501.3  5032.2 25097.9  66392.6    66392
read      452.0   612.5   160.7   221.0   238.3   377.9   456.1   503.6   541.5   590.6   664.4   811.2  1445.1  8371.7 30946.8  77000.8    77051
read      433.4   414.0   160.7   219.3   234.1   371.4   459.6   511.8   551.5   600.4   666.5   789.4  1284.8  3824.0 14863.0  49810.4    49748
read      428.6   348.5   160.7   219.5   234.2   368.0   462.1   517.7   557.5   604.1   664.1   769.5  1218.9  3815.0 11469.7  40314.4    40302
read      492.4   413.8   160.7   222.5   239.7   427.3   533.9   608.3   670.7   742.0   826.3   942.2  1187.7  4251.4 12237.9  22668.4    22609
read      502.9   476.1   160.7   220.2   236.1   412.5   532.9   617.6   696.4   788.7   895.0  1039.2  1324.4  4731.1 14973.1  27707.6    27691
read      438.7   452.3   160.7   222.0   237.7   371.1   472.2   527.7   565.7   609.3   666.1   772.6  1211.6  5204.1 18465.5  35278.2    35387
read      464.5   622.7   160.7   224.7   243.4   384.3   460.4   507.9   547.1   599.3   680.0   862.7  1673.5  8723.7 30758.8  78569.7    78711
read      483.5   423.7   160.7   229.7   249.2   433.6   527.0   590.1   636.5   690.3   755.8   852.4  1082.0  4940.0 15429.3  17697.7    17700
read      439.8   485.1   148.8   220.6   237.4   373.7   451.2   498.4   535.8   584.6   656.1   799.5  1369.3  6076.4 14965.0  76227.0    76223
read      429.3   737.9   160.7   243.1   270.8   381.8   421.6   443.7   460.2   479.9   507.2   562.2  1037.3  9351.5 32026.2   5620.2     5595
read      429.5   342.4   160.7   218.4   232.6   370.3   466.3   520.7   559.1   603.8   662.5   773.7  1247.1  2962.4  9587.1  37891.4    37943
read      535.7   543.0   160.7   244.4   274.7   452.6   545.3   609.7   662.8   734.9   841.4  1036.3  1668.5  5756.7 21056.8  95315.7    95290
read      510.8   669.2   173.5   229.8   248.8   433.8   529.0   592.5   638.0   692.4   758.7   863.4  1453.2  9860.7 30631.5  17141.1    17136
read      463.3   534.9   173.5   235.3   254.9   419.7   493.0   533.8   561.9   592.6   632.4   692.8  1035.6  7960.3 25674.5  10301.8    10282
read      433.0   377.9   160.7   218.6   233.2   366.9   454.9   508.0   548.5   598.5   669.4   804.7  1389.1  3210.8 13944.2  56207.3    56183
read      479.1   875.2   160.7   219.4   236.2   377.9   460.8   511.5   551.4   603.4   678.0   826.9  1694.2 12865.7 32105.4  73340.3    73310
read      423.6   334.8   160.7   218.0   232.6   365.3   451.5   503.4   542.8   590.4   655.2   771.3  1255.5  2623.0 14176.0  56169.8    56213
read      447.2   484.4   173.5   231.6   251.1   409.6   476.5   513.9   541.2   573.9   614.4   676.7   935.3  7072.9 14972.4  10166.0    10120
read      441.3   498.1   160.7   218.8   235.2   371.4   449.1   498.1   537.7   589.4   668.4   819.4  1500.5  5059.5 19379.7  80675.7    80861
read      431.6   352.8   160.7   218.5   233.0   365.4   459.1   514.6   555.2   603.8   669.0   792.8  1288.3  4056.0 10893.4  47315.4    47200
read      432.1   383.9   160.7   219.1   234.1   368.5   458.9   514.1   555.1   604.7   669.6   788.6  1243.9  3864.0 13552.7  52207.8    52077
read      434.8   423.5   160.7   218.7   233.0   367.9   468.6   525.7   564.9   610.0   670.0   786.4  1250.9  4803.5 14528.7  39441.7    39452
read      456.8   424.2   160.7   226.7   247.8   396.4   474.9   526.4   568.1   623.2   703.2   847.1  1234.4  4385.1 15819.7  90397.5    90573
read      446.3   446.7   160.7   220.0   236.1   373.4   463.1   518.4   560.6   612.5   683.4   835.3  1464.1  4835.4 14529.8  53836.7    53781
read      431.2   413.6   160.7   221.2   238.1   370.1   445.2   491.9   529.2   576.8   642.9   775.6  1429.3  4158.2 14562.0  76423.8    76295
read      430.7   381.1   148.8   220.3   236.6   369.4   451.6   501.4   539.9   587.8   655.2   782.8  1289.8  4024.2 13046.3  64465.0    64443
read      457.9   411.2   160.7   228.2   250.3   399.5   476.0   525.1   564.1   615.9   690.0   832.0  1298.5  4818.2 14136.5  90800.9    90668
read      429.8   352.1   160.7   219.4   234.3   371.2   469.2   523.5   560.8   604.1   660.4   758.3  1164.8  4007.8 12427.4  38314.8    38329
read      486.1   385.5   160.7   228.0   246.5   432.5   531.9   597.8   649.2   709.7   779.2   880.2  1116.1  4380.9 11322.3  19156.5    19195
read      515.0   489.1   160.7   225.1   242.8   430.0   545.1   627.8   698.5   779.8   874.5  1010.6  1370.0  5350.4 17967.1  24313.0    24272
read      434.6   344.4   160.7   219.2   234.4   374.0   470.8   525.2   563.1   607.7   668.5   786.7  1256.4  3876.4 10090.7  39837.5    39851
read      433.4   422.4   160.7   215.8   231.4   366.2   451.1   502.5   541.0   587.2   651.7   783.0  1484.1  4961.9 15603.1  56428.1    56324
read      403.7   244.4   160.7   215.6   230.6   358.5   437.1   484.2   519.0   561.5   618.2   716.7  1034.1  2034.4  8568.2  64092.1    64133
read      482.4   393.3   160.7   225.8   244.6   427.6   522.5   582.9   630.8   690.2   770.1   910.5  1229.4  4077.5 12680.5  24229.8    24236
read      475.6   568.6   160.7   226.4   245.0   425.4   510.9   563.1   600.6   642.9   701.1   804.0  1099.3  8087.0 31254.9  16537.7    16576
read      414.5   540.3   173.5   236.8   262.8   385.2   425.2   447.2   462.9   482.5   507.5   559.0   900.0  6363.6 20070.1   6401.9     6375
read      407.6   242.9   148.8   218.0   232.6   364.3   452.2   501.4   535.8   574.6   623.3   702.6   920.4  1742.9  8040.1  43021.3    43042
read      482.3   380.4   148.8   237.2   264.3   428.9   510.3   566.2   611.9   670.7   748.8   868.3  1098.6  4586.5 11076.9  99983.4    99901
read      394.5   216.8   160.7   218.3   233.5   357.3   427.8   468.8   500.7   539.1   589.8   676.5   896.4  2030.3  8034.8  77942.3    77858
read      407.8   264.1   160.7   217.6   231.9   367.0   461.7   508.6   538.9   573.0   615.4   682.3   867.6  2541.7 11967.3  31829.3    31926
read      396.0   214.2   148.8   215.4   230.0   356.5   437.2   484.2   518.0   556.6   606.2   683.0   872.9  1665.3  8058.3  54877.0    54903
read      405.4   264.6   160.7   215.9   230.4   362.5   457.1   506.9   539.6   576.0   620.6   688.1   870.4  1567.8 12303.0  36202.8    36257
read      399.4   244.7   148.8   215.3   230.0   358.3   437.2   482.6   515.7   554.5   606.6   691.5   923.0  2022.4  8557.2  65307.8    65255
read      402.6   241.7   148.8   215.1   229.8   359.3   441.2   488.3   522.3   562.0   613.5   699.7   955.2  2165.0  8726.0  58690.7    58644
read      398.7   281.5   160.7   221.7   237.6   398.1   455.1   479.8   496.2   513.8   537.4   574.3   686.7  2939.8 12745.3  15534.6    15503
read      396.6   252.9   148.8   214.1   228.9   374.8   465.5   500.1   522.2   544.8   574.4   617.8   730.7  2172.8 11728.5  23082.8    23074
read      386.1   214.9   148.8   211.3   226.7   347.0   426.1   475.6   511.6   550.0   592.6   654.1   798.7  1257.4  8577.6  50959.7    50984
read      385.9   396.5   173.5   237.0   258.2   371.0   401.6   418.6   429.6   443.2   462.0   493.8   624.8  6274.6 14832.4   7416.9     7435
read      365.0   193.8   148.8   212.3   227.2   335.0   397.7   433.8   461.4   494.8   537.9   603.1   743.0  1444.7  7563.8  83588.3    83527
read      393.7   277.3   160.7   217.8   232.3   382.4   457.6   487.7   506.5   527.7   549.4   587.5   682.2  2600.9 12097.5  20131.7    20065
read      390.1   240.1   160.7   214.7   229.5   364.0   456.6   492.1   513.9   536.8   564.2   602.2   694.6  1645.0 10716.6  24217.7    24209

Total QPS = 47966.0 (43169444 / 900.0s)

Total connections = 64
Misses = 0 (0.0%)
Skipped TXs = 0 (0.0%)

RX 10662852668 bytes :   11.3 MB/s
TX          0 bytes :    0.0 MB/s
Warning! Detected max cpu usage > 95%
CPU Usage Stats (avg/min/max): 99.95%,49.49%,100.00%
