Random waveform, supplied seed
Total number of intervals = 446 (7434, 67201, 85927, 63953, 31595, 87879, 7287, 62295, 6561, 22532, 60653, 59076, 60154, 22964, 8172, 27652, 37594, 24367, 33771, 84944, 85666, 51918, 34406, 28664, 38289, 20658, 13840, 93419, 98284, 71313, 42089, 46458, 30755, 42889, 93552, 65694, 29574, 51355, 67361, 16287, 81508, 87619, 99068, 51267, 11822, 97494, 97350, 55460, 85984, 82043, 52873, 13911, 49984, 9274, 27187, 18735, 86505, 93039, 75999, 32324, 84255, 81759, 37291, 53818, 30297, 31569, 38927, 10652, 98119, 48176, 34929, 69735, 20753, 84642, 42333, 61587, 77998, 97625, 23781, 66723, 31016, 47394, 95335, 5252, 65908, 16889, 42912, 99898, 26385, 22616, 50605, 90283, 26273, 48521, 34058, 75648, 19482, 15054, 75754, 5187, 17656, 96343, 36665, 85269, 31525, 61798, 12253, 25710, 79937, 7271, 85861, 91467, 72217, 31080, 76878, 84584, 12492, 57106, 96245, 6791, 90728, 5151, 82969, 42635, 99337, 95192, 69200, 49459, 29055, 64324, 5705, 84816, 23714, 74116, 19948, 44213, 19454, 7190, 47657, 44399, 6481, 5807, 83137, 9580, 37385, 33706, 35204, 50438, 48878, 42682, 27416, 64424, 64364, 5481, 26227, 26586, 86286, 24452, 26832, 29795, 46224, 84587, 63389, 46953, 90536, 12508, 38491, 97806, 11813, 39665, 53571, 63215, 78767, 8615, 67903, 16398, 53434, 38068, 9130, 69227, 37496, 83925, 51037, 33690, 51474, 73708, 98618, 81977, 91567, 48236, 91726, 52458, 70467, 71151, 65016, 42057, 78821, 60720, 39911, 10628, 73736, 7334, 91868, 76670, 10405, 26019, 55530, 29615, 66057, 55281, 21177, 88239, 70227, 23421, 97104, 6235, 58045, 23729, 40897, 53312, 87262, 81836, 92274, 47252, 75747, 80994, 98224, 7737, 37514, 10640, 90490, 92514, 89245, 73823, 46565, 21419, 66915, 31667, 72255, 99535, 9226, 67844, 71413, 97328, 55113, 53743, 15253, 90605, 25767, 93458, 95080, 88399, 95681, 33003, 98809, 64610, 51183, 20194, 7602, 46677, 5577, 23035, 57516, 62851, 38431, 25729, 19443, 19461, 42341, 5691, 40223, 29941, 41162, 43863, 20318, 93421, 48578, 40595, 17677, 78948, 9703, 9686, 7968, 15830, 8192, 79410, 76582, 54634, 72177, 15101, 8167, 44130, 53047, 97171, 81360, 77277, 38294, 11165, 74155, 12255, 52404, 17057, 6005, 85707, 79742, 58322, 26212, 69487, 29507, 51412, 67374, 55125, 53048, 12192, 36138, 60799, 36368, 39729, 95693, 40999, 65037, 12633, 50117, 62765, 12379, 49369, 39111, 52692, 24539, 61591, 47864, 16479, 75268, 8714, 13002, 77147, 43518, 27206, 55859, 37448, 45026, 99974, 64632, 49061, 80418, 16471, 35694, 13935, 79838, 48842, 17708, 31401, 62091, 87121, 81929, 42013, 90709, 67578, 58116, 68886, 93119, 95079, 77456, 15723, 9867, 8176, 89745, 11058, 81413, 21659, 27181, 17420, 23028, 33694, 32735, 57645, 45216, 57659, 85443, 14390, 31520, 67089, 16537, 18930, 46784, 93102, 89799, 66551, 93104, 43768, 54006, 64618, 86482, 77459, 61365, 52346, 87286, 17384, 98165, 63330, 5866, 37693, 75360, 34753, 59823, 68266, 39383, 65072, 33192, 51847, 62362, 84073, 64213, 27059, 54703, 98366, 29565, 75000, 62235, 47788, 68928, 36478, 76067, 47020, 81656, 16396, 21661, 50156, 54102, 65670, 17584, 30347, 21534, 10216, 80544, 45508, 21591, 15435, 14502, 16369, 42077, 38334, 17694, 75056, 53845, 13319)
Average QPS expected = 50126
Timestamp start: 1715813961654
Timestamp end: 1715814742664

#type       avg     std     min      p5     p10     p50     p67     p75     p80     p85     p90     p95     p99    p999   p9999      QPS   target
read      346.5   283.3    80.4   146.3   175.2   322.5   369.8   396.7   416.8   441.1   479.4   539.9   861.6  4549.9  7744.4   7483.4     7434
read      363.2   325.9    74.4   127.5   145.9   308.4   391.5   442.1   483.8   534.3   595.9   697.8  1589.6  3117.2 12130.1  67134.3    67201
read      367.8   477.4    74.4   130.2   150.3   310.3   388.0   437.0   478.2   529.8   593.2   690.5  1170.4  6470.2 12664.9  85993.7    85927
read      354.4   265.1    68.9   128.6   147.2   316.9   401.3   453.4   493.8   541.8   603.1   685.4   941.9  1909.8 11446.3  63758.3    63953
read      346.9   360.2    74.4   122.2   139.0   303.2   394.7   452.6   495.5   538.7   585.0   647.4   842.1  5053.5  9315.5  31536.0    31595
read      414.6   435.1    74.4   135.4   159.0   339.1   424.6   479.7   526.3   587.2   678.5   869.2  1877.3  3842.2 11915.6  87961.1    87879
read      408.9  1086.4    86.8   143.7   171.2   313.5   359.3   385.5   404.0   428.7   467.4   546.3  2033.5 12814.9 36131.6   7339.4     7287
read      469.8   809.6    74.4   132.0   153.6   335.7   429.8   494.1   545.5   615.2   740.5  1293.2  2474.8  8183.7 32401.9  62075.4    62295
read      407.8  1143.4    86.8   153.1   183.2   318.0   361.7   386.2   403.7   429.6   467.0   538.1  2537.8 24572.8 36849.1   6632.0     6561
read      428.8   660.6    80.4   126.0   145.2   343.3   460.6   526.6   574.1   638.3   732.7   890.6  1595.3  5833.9 35190.0  22338.3    22532
read      351.8   276.1    74.4   126.5   145.3   314.0   398.5   449.1   488.4   534.4   590.2   673.7   931.7  2351.4  9346.4  60729.7    60653
read      347.1   253.7    74.4   125.4   144.1   309.5   391.8   441.2   481.8   529.2   586.2   667.6   932.4  2220.5  6874.8  59424.6    59076
read      365.2   473.9    74.4   126.9   145.5   315.8   400.7   450.7   490.0   535.8   593.2   685.1  1128.9  6382.4 26681.7  60469.7    60154
read      375.0   444.9    74.4   122.9   141.3   321.9   419.9   476.2   513.5   554.5   615.9   749.7  1172.1  3065.7 11052.1  23004.6    22964
read      367.0   618.2    80.4   141.1   168.4   322.3   373.0   402.9   425.0   452.1   489.3   545.5  1282.9  6833.1 30789.4   8229.7     8172
read      405.7   693.3    74.4   124.2   142.6   320.9   426.6   488.4   529.2   575.8   636.9   774.4  1395.2  9869.6 31629.8  27749.7    27652
read      354.3   238.5    74.4   124.9   143.3   318.1   403.1   458.6   501.9   548.0   601.7   674.9   922.3  1732.5  8941.2  37547.4    37594
read      361.5   437.1    74.4   122.9   141.3   307.0   399.2   452.4   488.7   526.9   572.5   639.9  1381.0  5455.0 12312.3  24352.6    24367
read      334.8   210.4    68.9   125.1   144.2   298.8   387.6   441.4   483.5   525.6   571.1   632.4   755.7  1443.5  8810.0  33804.0    33771
read      343.7   238.3    68.9   129.9   150.2   312.0   392.0   438.5   474.9   519.2   575.7   661.5   817.7  1419.2 12055.5  85096.0    84944
read      425.9   729.8    74.4   137.4   160.9   344.6   432.7   488.6   532.7   586.5   659.4   796.8  1850.1  7930.4 31320.0  85692.6    85666
read      382.1   519.1    74.4   128.0   147.9   334.5   421.6   473.3   513.4   559.6   619.5   707.8  1080.4  6541.2 21959.8  52040.6    51918
read      354.2   287.4    74.4   127.2   145.9   312.0   400.6   459.5   502.5   546.3   598.2   670.6   888.0  2705.1  9744.8  34368.0    34406
read      356.8   262.5    74.4   129.2   147.5   316.2   415.0   474.1   514.0   555.6   604.4   672.8   867.8  2073.9  7735.4  28622.9    28664
read      343.2   236.8    74.4   125.7   144.3   302.5   387.3   441.6   483.8   529.5   580.0   647.1   904.2  2360.7  7568.7  38153.1    38289
read      391.7   522.8    74.4   128.7   147.8   329.6   425.9   482.1   521.5   569.4   642.5   784.2  1187.2  6834.7 30577.7  20662.3    20658
read      370.5   366.5    80.4   129.1   149.8   338.3   412.2   456.4   491.0   531.4   582.2   661.2  1011.6  3188.2 18676.3  13877.7    13840
read      428.9   548.5    68.9   136.3   161.7   335.3   421.2   479.6   527.7   588.1   677.9   913.9  1972.9  7264.4 19311.6  93370.9    93419
read      392.6   397.2    74.4   134.5   158.2   329.9   414.3   467.8   507.6   558.9   627.5   770.1  1589.0  5219.5 10964.2  98265.1    98284
read      368.5   468.6    68.9   124.9   144.3   308.2   393.8   446.2   485.9   534.1   595.1   699.3  1423.5  6688.7 12895.3  71518.3    71313
read      362.5   431.9    68.9   123.4   142.6   307.9   394.2   452.7   497.1   545.8   604.8   694.5  1137.6  6117.7 11666.3  41888.6    42089
read      369.2   321.8    68.9   125.5   145.3   319.9   408.9   465.5   507.8   558.3   620.0   718.8  1274.1  2575.3 10469.9  46565.7    46458
read      370.2   343.7    68.9   128.2   147.0   317.1   415.9   477.3   518.6   562.9   615.2   696.7  1124.5  3609.0 14558.7  30635.4    30755
read      388.6   642.5    68.9   125.6   145.3   321.3   412.9   472.2   516.9   567.0   627.7   724.4  1304.8 12223.3 26137.4  43069.7    42889
read      358.6   316.4    68.9   130.7   151.9   315.6   397.8   449.2   489.2   537.2   600.9   698.9   999.8  2229.8  8573.3  93333.1    93552
read      340.0   223.1    68.9   122.3   141.0   306.3   388.2   437.1   476.8   523.1   578.6   657.2   863.8  1900.3  7638.6  65660.0    65694
read      340.6   353.0    74.4   127.8   145.1   297.5   387.2   440.4   480.7   519.9   562.7   623.8   820.4  2583.0 15791.5  29666.3    29574
read      365.6   370.6    68.9   124.9   144.5   317.9   404.7   460.2   503.3   554.0   616.4   702.6  1130.3  3586.5 11966.0  51345.7    51355
read      362.6   392.4    68.9   125.5   145.3   317.1   404.4   457.9   497.9   545.2   606.6   693.8   968.8  3887.6 11907.5  67457.7    67361
read      353.1   344.0    80.4   129.0   147.7   326.0   397.9   436.8   466.2   496.5   536.1   603.5   852.0  4882.9 12649.0  16209.7    16287
read      363.6   246.0    74.4   130.4   151.8   322.4   406.5   459.6   500.4   548.7   612.6   713.9  1047.6  2034.3  7483.1  81631.4    81508
read      361.1   309.2    68.9   129.4   150.9   315.7   397.8   448.9   489.2   536.9   597.9   697.2  1172.0  2233.6  9296.2  87317.7    87619
read      367.1   293.8    74.4   134.9   158.5   324.6   405.1   456.8   497.0   545.3   609.1   714.5  1026.2  1921.7 12152.4  99392.6    99068
read      365.7   413.0    68.9   124.7   144.4   321.6   408.4   461.1   501.6   549.4   609.1   689.9   981.7  4560.0 10238.7  51644.0    51267
read      356.1   297.5    80.4   131.9   153.4   333.1   393.6   427.6   454.6   486.2   526.3   596.7   949.9  4689.1  9305.7  11818.3    11822
read      390.8   293.0    74.4   141.3   167.4   342.3   425.6   478.2   520.6   573.0   642.2   759.9  1195.5  2971.0  9831.6  97734.3    97494
read      396.8   468.8    68.9   134.7   158.9   332.0   413.4   464.9   506.4   561.7   639.1   778.4  1612.4  6077.0 14687.0  97421.1    97350
read      368.2   498.8    68.9   124.1   144.1   319.4   405.3   458.2   499.8   547.5   605.8   688.1   970.5  6583.4 21545.9  55537.7    55460
read      344.0   285.2    68.9   125.3   144.9   302.2   382.1   431.0   470.9   518.7   580.7   674.7   914.4  2606.3 10587.6  86315.4    85984
read      344.3   224.5    68.9   125.2   145.2   308.5   390.0   438.8   477.2   524.2   582.9   671.7   891.1  2039.3  7782.6  82090.9    82043
read      339.2   215.9    68.9   121.0   140.0   303.4   385.0   436.5   479.4   529.0   586.9   666.5   860.6  1773.0  5406.9  52912.0    52873
read      378.7   489.1    80.4   129.2   148.6   334.2   402.9   443.3   476.4   512.5   560.9   650.1  1452.7  8079.6 18333.6  14046.3    13911
read      361.7   229.1    74.4   126.8   146.1   326.3   414.0   468.1   507.2   554.2   613.1   696.4   995.6  1702.9  7655.2  50301.1    49984
read      352.6   398.1    74.4   134.6   159.1   318.1   374.4   405.7   429.4   462.1   504.5   570.3  1137.9  5227.6 15508.6   9325.1     9274
read      357.9   374.8    80.4   126.1   144.0   304.5   400.3   459.5   499.2   538.1   582.4   659.0  1146.4  4200.2  7906.0  27276.0    27187
read      445.0   941.0    74.4   133.0   153.3   353.5   455.1   512.0   552.0   602.6   671.2   788.8  1626.6 13293.0 35645.8  18630.9    18735
read      352.9   263.9    68.9   129.2   149.6   312.0   393.5   444.2   483.4   530.6   591.6   691.2   975.6  1892.3  9125.3  86521.7    86505
read      355.1   259.5    68.9   130.3   151.8   315.2   395.0   444.0   482.6   530.2   591.9   691.4   976.8  2713.4  9109.5  93008.0    93039
read      336.7   227.4    68.9   122.9   141.7   301.8   384.9   434.0   471.8   518.3   575.2   658.9   859.1  1482.9  6831.3  75908.0    75999
read      340.8   260.2    68.9   128.8   147.6   303.0   383.9   436.0   477.4   520.8   568.8   635.7   868.5  2284.4 10568.7  32086.3    32324
read      366.1   274.9    68.9   130.1   152.1   320.1   405.9   460.0   501.5   550.1   616.6   724.0  1117.0  2065.0 10526.2  83816.0    84255
read      373.1   273.6    74.4   133.5   155.3   334.2   419.6   471.9   510.6   558.7   623.8   727.8  1060.3  1831.4 10167.0  81940.6    81759
read      359.8   296.5    74.4   129.3   149.7   319.1   407.8   463.5   504.2   549.2   602.7   678.2   910.1  2402.2 12655.4  37396.6    37291
read      353.6   243.2    68.9   123.8   143.1   316.8   403.7   457.8   498.3   544.5   601.1   685.2   945.8  1704.0  6944.9  53623.4    53818
read      373.5   720.4    74.4   125.4   144.2   305.5   399.3   458.6   499.3   539.9   585.8   650.0   987.6 10822.0 35509.1  30392.6    30297
read      357.8   256.9    68.9   126.3   144.9   310.8   406.7   469.5   512.3   557.3   608.7   682.9  1070.8  2164.9  9831.3  31744.0    31569
read      358.1   255.1    68.9   125.2   144.7   312.4   400.1   462.3   508.0   557.1   613.5   694.4  1103.6  2011.7  8930.9  38858.3    38927
read      400.8   960.4    80.4   131.9   154.6   327.7   388.0   421.6   447.2   480.9   523.2   595.3  1380.2 13334.0 31763.2  10830.3    10652
read      370.0   349.6    74.4   134.5   157.1   323.9   405.2   458.2   497.7   545.4   610.9   724.8  1038.7  3030.3 10189.5  98140.0    98119
read      347.9   224.7    74.4   123.9   143.1   314.0   397.9   450.6   492.6   539.3   594.3   671.5   866.6  1584.6  7932.4  47837.7    48176
read      342.6   231.0    68.9   127.7   146.0   304.5   389.3   442.2   486.9   533.3   585.2   658.4   858.2  1581.6  6959.0  34706.9    34929
read      356.8   331.0    74.4   126.5   146.1   316.6   400.0   451.7   491.5   539.5   599.5   687.1   991.8  2146.9 10059.8  70025.1    69735
read      391.0   500.0    74.4   129.7   148.5   333.5   436.6   493.9   532.4   580.4   652.4   789.0  1167.2  4936.4 30325.4  20861.1    20753
read      364.4   310.3    68.9   128.8   149.7   314.4   399.9   453.3   493.2   541.0   602.9   702.9  1174.0  3719.2  7805.9  84363.4    84642
read      353.5   473.7    74.4   124.4   144.7   302.9   384.9   436.6   479.5   528.9   585.0   663.9   945.6  6355.5 14656.4  42092.6    42333
read      347.5   260.8    68.9   123.1   142.5   310.5   393.8   444.5   484.3   531.6   587.1   671.3   916.8  1931.6  9351.0  61775.4    61587
read      338.6   228.3    68.9   123.2   142.3   302.9   384.1   432.3   469.1   514.9   572.7   662.2   902.5  1794.3  8392.4  77777.1    77998
read      376.7   424.6    74.4   133.1   156.6   325.7   408.1   458.3   497.3   545.1   610.6   720.7  1083.0  4422.1 15505.0  98141.7    97625
read      412.9   696.0    68.9   126.4   146.3   329.3   430.6   491.0   533.1   586.7   665.4   818.0  1511.7 10719.2 30504.0  23958.9    23781
read      431.1   556.5    74.4   133.1   154.8   340.3   433.0   495.2   543.0   602.8   687.4   922.3  2138.5  7701.4 30177.7  66787.4    66723
read      345.9   434.0    74.4   120.5   137.4   300.7   390.9   449.0   489.4   530.6   578.1   643.2   858.8  4274.4 16634.9  31084.0    31016
read      344.5   290.4    74.4   123.2   140.7   308.4   388.8   438.2   479.8   528.5   583.8   659.7   891.7  1890.8 11852.1  47094.3    47394
read      356.7   350.7    74.4   132.3   154.0   314.5   393.9   443.9   482.1   528.7   589.4   688.0   960.0  2735.1 13250.2  95628.6    95335
read      340.0   506.5    86.8   156.8   183.9   298.2   335.4   357.1   372.8   394.8   427.0   495.9  1502.5  8724.7 16966.4   5315.4     5252
read      358.2   391.8    68.9   125.9   144.3   309.5   393.2   443.2   483.5   532.5   593.9   686.6  1089.8  3164.7 12889.9  65022.3    65908
read      405.2   847.7    74.4   124.5   144.9   335.9   423.5   476.9   513.5   559.8   619.2   716.6  1351.7  9266.8 41812.2  16992.0    16889
read      419.4   796.4    74.4   123.5   142.2   313.0   401.5   465.0   514.9   574.2   654.8   922.0  1792.5 14826.6 30349.4  42934.9    42912
read      408.1   393.7    74.4   140.8   166.8   347.4   434.1   490.8   533.9   589.0   668.0   821.2  1466.2  3662.6 15923.4  99649.7    99898
read      357.1   348.6    74.4   120.1   137.6   303.9   398.2   454.9   496.9   542.3   607.7   739.0  1078.0  2007.8 12163.4  26130.3    26385
read      418.5   601.0    80.4   124.4   143.9   336.9   447.4   509.1   553.4   610.7   698.7   850.1  1378.2  8035.1 23952.0  22720.6    22616
read      406.4   734.6    74.4   124.4   143.4   319.6   406.5   463.1   507.0   560.7   631.5   799.4  1700.6 10142.4 31008.5  50330.9    50605
read      371.1   262.0    74.4   133.4   155.6   327.4   412.7   465.0   504.7   553.5   618.4   730.8  1056.6  2580.7  7760.5  90104.6    90283
read      353.8   384.3    74.4   122.2   139.8   309.2   394.7   447.6   486.8   527.5   575.6   651.0  1069.5  4230.1 10568.0  26377.1    26273
read      383.0   513.6    74.4   125.2   144.6   320.2   405.4   460.3   502.0   549.9   615.8   730.4  1441.4  7257.8 18626.8  48565.7    48521
read      351.0   288.7    68.9   122.6   140.5   311.6   394.7   449.6   491.3   535.6   585.4   668.5  1054.2  2136.8  8658.7  34347.4    34058
read      337.9   268.5    68.9   123.0   141.4   301.4   383.9   433.0   470.3   514.7   573.0   658.0   886.6  1959.6  7811.4  75282.9    75648
read      397.9   539.8    74.4   122.5   141.7   336.3   432.9   488.6   525.5   569.8   633.9   747.9  1400.7  5389.4 30623.1  19241.7    19482
read      368.8   287.3    74.4   127.3   147.1   336.5   415.6   463.6   499.7   542.1   599.5   689.4   965.2  3274.3 10004.9  15162.3    15054
read      414.6   390.2    68.9   127.2   147.5   324.3   412.8   470.4   517.0   579.8   672.4  1150.7  1953.8  2914.9  7879.1  75966.9    75754
read      486.9  1945.9    80.4   150.9   178.5   288.3   325.5   347.1   367.3   390.0   423.6   521.0  4765.5 31782.9 39570.4   5274.9     5187
read      392.2   535.3    74.4   122.9   142.4   335.7   428.3   485.2   526.1   576.0   640.5   757.6  1319.1  4976.0 29354.9  17269.7    17656
read      422.2   401.2    74.4   140.1   166.6   345.5   431.4   486.9   531.6   592.6   683.6   887.5  1832.8  3068.3 12310.5  95978.3    96343
read      369.9   558.4    74.4   122.2   140.5   315.8   405.3   465.1   507.2   552.7   605.1   681.3   936.1  8334.7 29499.5  36454.9    36665
read      340.8   256.8    68.9   125.9   145.8   303.9   382.6   430.9   469.5   515.0   573.2   663.5   893.6  1762.4  9838.4  85215.4    85269
read      341.2   234.3    68.9   123.0   140.1   307.6   391.7   445.2   485.3   527.0   575.9   641.2   822.8  1784.1  7711.3  31702.9    31525
read      354.5   331.6    74.4   125.4   143.8   315.0   400.1   451.4   491.1   537.3   594.6   683.9   976.1  2020.5 16315.0  62070.3    61798
read      346.8   340.6    80.4   130.3   150.3   323.5   386.1   421.0   447.8   481.3   523.9   593.3   830.5  4272.8 12886.6  12302.3    12253
read      490.2  1352.6    74.4   122.8   142.0   330.5   446.8   519.4   573.3   641.3   750.0   914.4  1807.7 16751.8 37157.9  25674.3    25710
read      352.2   335.9    68.9   125.2   144.4   308.0   389.3   437.7   477.0   523.6   582.8   682.6  1052.2  3401.0 10019.8  79895.4    79937
read      331.4   395.0    74.4   138.3   165.8   306.7   349.2   373.0   392.3   415.6   449.7   506.9   905.0  4800.4 16105.7   7274.3     7271
read      419.3   425.3    74.4   131.3   154.3   336.5   423.5   479.4   525.1   585.4   678.3   938.9  1921.8  3542.1 10005.0  85361.1    85861
read      356.9   288.9    74.4   128.5   149.2   311.1   390.1   440.6   479.3   527.4   590.3   695.0  1209.9  2994.8  9033.7  91209.7    91467
read      351.2   396.8    68.9   123.0   141.6   305.4   387.0   436.1   474.5   519.9   579.0   671.3   991.6  4838.0 12718.0  71708.0    72217
read      330.3   226.7    74.4   117.3   134.5   295.0   380.3   433.4   473.4   514.5   561.5   629.5   869.2  1560.8  7457.4  30993.7    31080
read      345.7   240.6    74.4   124.5   143.7   308.7   393.0   442.6   481.2   526.7   583.9   676.6   925.7  1730.6  7729.7  76548.6    76878
read      354.4   264.5    68.9   127.9   147.8   313.0   393.6   444.8   485.6   533.7   594.1   692.5  1002.0  2071.8  8254.8  84322.3    84584
read      360.2   499.7    74.4   126.8   147.4   324.8   390.3   428.1   458.8   494.5   539.4   619.1  1114.1  6974.7 21805.4  12578.9    12492
read      369.6   469.6    68.9   122.3   141.1   308.8   390.2   439.2   477.5   525.9   587.7   697.6  1594.0  6713.2 22149.1  56878.3    57106
read      336.3   233.6    68.9   127.0   147.0   300.2   375.8   422.4   458.4   503.5   563.7   659.2   906.6  1537.9  8075.7  96241.7    96245
read      483.0  1777.4    80.4   132.3   159.3   282.6   323.3   348.5   369.0   396.4   436.4   552.3  8090.2 30796.8 36244.9   6878.9     6791
read      349.6   225.9    74.4   129.9   150.7   312.1   391.2   440.1   479.8   529.7   593.2   690.7   941.5  1616.0  5560.3  90619.4    90728
read      329.6   565.3    80.4   148.9   173.4   271.3   308.0   328.1   344.1   366.2   401.0   478.0  2527.2  5514.3 35372.9   5212.6     5151
read      360.2   233.0    74.4   127.4   148.0   320.1   399.9   449.7   488.3   537.5   606.0   722.4  1115.1  2136.2  5194.4  82074.3    82969
read      339.2   266.2    74.4   123.0   140.8   310.3   383.7   427.6   461.9   505.1   556.0   634.2   916.6  1899.5 10366.6  42548.6    42635
read      350.0   301.2    74.4   129.2   150.9   310.2   387.3   434.7   473.1   520.4   582.2   683.5   956.7  1608.5  9888.3  99432.6    99337
read      360.5   282.1    74.4   130.2   152.2   315.8   395.3   445.5   485.3   534.5   600.1   710.6  1152.2  1924.8 10087.6  95161.7    95192
read      339.3   238.8    74.4   124.5   142.8   304.1   384.3   431.7   468.1   511.5   568.9   658.4   918.4  1753.0  7924.1  69372.6    69200
read      341.0   294.3    74.4   121.7   140.1   309.0   387.6   433.7   470.0   515.0   570.8   654.2   888.1  1740.6 13090.4  49497.1    49459
read      329.2   264.1    74.4   119.1   136.0   298.6   374.3   423.2   459.0   499.2   543.8   609.9   864.4  1901.6 10829.6  29024.0    29055
read      349.6   340.7    68.9   122.9   141.9   307.0   387.3   435.5   472.3   518.1   575.7   670.4   969.4  4210.6 13461.2  63964.0    64324
read      339.6   827.7    86.8   138.2   167.1   278.9   317.7   341.1   359.1   380.9   414.4   487.9  1416.1 13617.7 35136.8   5692.6     5705
read      356.9   396.0    74.4   125.4   145.8   308.8   390.2   440.0   480.6   529.2   594.0   699.3  1063.0  2781.5 13351.0  83901.7    84816
read      374.4   505.7    80.4   121.0   138.5   308.5   401.3   462.9   505.5   555.3   635.7   804.1  1222.8  4054.2 28930.2  23924.6    23714
read      492.3   922.6    74.4   135.2   160.0   356.4   448.3   514.8   570.6   640.5   769.9  1411.9  2090.2 14740.2 31851.9  74150.3    74116
read      333.0   216.6    74.4   120.7   138.1   304.6   382.4   427.3   459.7   495.7   540.2   619.6   917.8  1801.8  5440.8  19889.1    19948
read      390.7   564.9    74.4   123.8   143.1   311.2   388.9   439.1   482.5   535.6   607.1   816.2  1709.5  7897.5 20850.3  44478.9    44213
read      422.6   760.5    74.4   122.8   141.5   324.4   419.2   476.9   522.6   583.1   677.1   829.4  2538.8  9486.0 31348.2  19525.7    19454
read      369.1   514.0    80.4   138.2   170.1   323.8   379.6   410.6   434.4   463.4   500.6   565.4  1436.7  6056.7 21107.8   7162.9     7190
read      376.8   392.1    74.4   125.5   144.6   319.4   401.7   452.4   493.3   543.1   609.9   736.9  1513.6  4974.9 11452.6  47353.1    47657
read      349.0   289.1    74.4   123.5   142.4   313.9   389.1   433.6   470.7   516.9   573.3   664.2  1095.7  2204.3  8544.8  44308.0    44399
read      353.5   772.7    80.4   141.4   168.3   284.2   321.8   343.2   360.6   381.5   411.3   488.1  1886.3  8022.0 31600.8   6570.9     6481
read      373.4   796.1    80.4   145.9   179.7   308.5   351.8   376.4   396.9   423.4   466.5   563.8  1538.1  8418.8 31904.9   5875.4     5807
read      446.9   457.5    74.4   136.3   162.1   352.9   440.9   501.5   553.9   624.7   733.9  1124.6  2012.3  3706.1 14863.7  82533.7    83137
read      481.7  1558.0    74.4   132.3   156.4   316.7   369.0   401.5   427.1   459.9   505.1   590.9  5362.9 30518.8 37445.3   9708.0     9580
read      365.3   414.6    74.4   123.5   141.4   313.5   395.7   450.7   494.6   544.3   606.1   716.3  1179.3  4217.7 13682.0  37240.0    37385
read      342.2   262.6    74.4   124.0   141.5   307.5   387.0   437.8   481.2   526.6   576.3   641.6   877.9  1632.2 13057.7  33501.1    33706
read      353.7   245.3    74.4   124.8   143.2   315.6   403.0   461.1   502.6   547.2   595.7   666.5   907.8  4091.5  5827.6  35127.4    35204
read      360.2   248.1    74.4   126.9   146.2   322.5   405.4   458.2   498.2   545.6   604.4   687.1  1082.6  2162.1  7204.1  50200.0    50438
read      351.2   274.9    74.4   124.3   142.6   313.1   395.2   447.0   488.3   535.6   591.8   674.7   933.6  2513.5  9332.5  49158.3    48878
read      370.8   620.9    74.4   125.4   144.0   319.7   401.2   454.6   497.3   545.5   602.8   685.6   975.9  9111.2 31530.3  42435.4    42682
read      346.2   267.0    74.4   123.6   140.9   309.5   401.8   459.9   499.0   537.2   581.0   644.8   847.4  1616.4 10411.1  27470.3    27416
read      350.1   266.5    68.9   127.1   145.1   314.2   398.6   448.3   485.5   531.8   588.9   672.2   949.9  1804.7  7438.6  64856.6    64424
read      352.8   227.6    74.4   127.6   146.6   317.0   400.6   451.5   488.1   532.6   588.8   677.5  1014.2  2091.0  5942.8  64392.0    64364
read      577.8  2275.7    80.4   149.7   180.7   301.8   344.8   369.8   390.3   416.8   463.3   614.8  7394.8 31863.8 36576.7   5529.1     5481
read      378.2   481.5    74.4   123.4   141.8   315.8   414.2   475.2   515.9   563.3   630.9   781.3  1199.8  5301.0 24313.4  26138.9    26227
read      339.5   256.9    74.4   122.9   140.1   303.7   395.8   450.3   486.8   524.6   567.9   632.1   841.9  1604.7 10736.3  26533.1    26586
read      374.4   376.1    74.4   130.9   152.5   321.1   401.0   452.9   494.3   546.2   614.4   728.0  1453.9  2950.9 13759.5  86034.3    86286
read      365.1   323.5    68.9   123.3   142.1   321.6   417.2   472.9   510.2   549.7   603.9   698.7  1066.1  3383.4 12645.1  24474.3    24452
read      336.5   235.8    74.4   120.9   138.1   304.5   392.2   445.0   481.7   519.2   561.4   622.6   813.9  1803.7  9984.6  26896.0    26832
read      348.3   443.1    74.4   121.9   139.0   302.2   386.4   442.4   481.7   521.1   564.4   625.9   889.3  7364.5 24391.7  29934.3    29795
read      350.6   219.7    74.4   124.1   142.7   317.7   398.8   449.7   488.2   533.5   588.8   671.7   971.0  2161.9  5314.8  46255.4    46224
read      344.7   222.3    74.4   127.5   147.0   308.2   388.2   437.5   475.9   523.3   582.7   674.0   914.9  1762.2  7586.1  84296.6    84587
read      355.8   314.5    74.4   125.3   144.3   316.0   397.8   446.9   484.6   529.8   585.7   669.7  1010.7  4646.0  9208.1  63192.0    63389
read      362.0   274.3    74.4   126.7   145.0   322.4   406.8   457.4   495.4   541.3   598.7   685.1  1090.2  3843.5  6769.1  46929.7    46953
read      358.2   315.4    74.4   130.0   151.2   314.0   392.0   440.6   479.1   528.2   593.2   692.8  1092.9  3238.1  8518.6  90518.9    90536
read      382.8   714.4    80.4   128.3   147.9   333.2   398.9   440.4   472.7   511.9   564.7   657.2  1153.2  7350.0 34171.9  12574.3    12508
read      338.1   212.4    74.4   121.5   139.0   306.5   385.3   435.0   476.1   522.2   574.6   646.0   849.8  1569.5  8839.7  38394.9    38491
read      352.5   234.9    74.4   131.6   153.3   314.1   390.4   437.7   476.9   525.5   589.5   689.3   985.1  1882.3  7972.2  97757.1    97806
read      353.5   437.9    80.4   130.7   151.6   322.1   381.3   415.9   442.0   475.9   516.7   586.4  1013.6  6922.0 15634.9  11738.3    11813
read      349.3   323.8    74.4   122.7   141.2   308.8   390.1   441.3   483.3   529.7   584.1   661.9   906.7  4924.1  8810.4  39345.7    39665
read      349.9   268.6    74.4   124.5   143.5   316.5   398.1   447.1   484.0   531.2   587.4   672.3   888.6  1897.6  8758.4  53668.0    53571
read      360.7   357.5    68.9   126.0   144.7   316.2   398.2   446.2   484.3   530.9   590.0   681.7  1086.7  5305.3 11017.8  63408.0    63215
read      346.8   227.6    74.4   127.2   146.5   312.1   392.9   442.4   480.4   527.6   587.7   676.8   907.9  1598.4  5215.5  78795.4    78767
read      503.2  2045.6    80.4   139.0   164.6   312.1   358.5   386.3   405.9   434.2   472.9   547.4  5697.1 36515.8 55120.6   8584.0     8615
read      351.2   255.7    74.4   126.7   145.3   315.0   400.3   450.1   488.4   534.4   591.0   675.0   886.9  2666.8  6813.8  67765.7    67903
read      350.4   274.7    74.4   126.5   145.1   326.3   402.2   442.6   473.9   506.4   547.6   623.1   887.6  2900.3 12467.3  16430.9    16398
read      352.8   214.3    74.4   125.9   144.8   320.0   403.0   454.6   493.6   540.3   596.8   683.9   936.3  1611.4  4013.3  53636.6    53434
read      350.6   404.7    74.4   122.0   140.3   305.5   388.3   440.7   481.9   528.5   581.9   657.4   860.7  7107.0 13114.8  37799.4    38068
read      346.0   437.7    80.4   134.4   158.6   318.8   372.7   402.8   428.1   457.7   496.2   560.5  1033.0  3997.8 11434.9   9095.4     9130
read      379.0   350.5    74.4   126.3   146.3   319.7   405.0   459.7   500.7   550.1   618.4   739.0  1696.3  3422.1  8786.2  68820.6    69227
read      368.9   427.4    74.4   125.4   144.1   318.3   402.9   458.6   501.2   549.0   606.0   689.6  1167.1  5005.8 12662.4  37313.1    37496
read      347.3   197.7    74.4   128.6   149.1   311.1   391.2   442.0   481.1   529.7   591.2   679.0   917.7  1517.9  3710.1  83733.7    83925
read      351.6   264.8    68.9   125.1   143.6   315.3   398.2   450.6   491.3   537.7   592.8   675.8   908.0  3187.7 10476.2  50922.3    51037
read      358.7   294.2    74.4   125.8   144.1   317.8   408.8   470.2   512.9   556.8   606.2   675.5   919.0  2637.7 12084.0  33539.4    33690
read      355.2   249.4    74.4   125.8   144.5   317.2   400.6   452.4   492.3   540.7   600.0   684.6  1074.1  1971.3  7984.4  51582.3    51474
read      363.6   271.9    68.9   128.9   148.7   323.0   405.0   457.7   498.9   549.0   614.2   713.2  1039.6  2813.5 10689.2  73922.3    73708
read      359.9   282.1    68.9   132.7   155.0   318.4   396.0   444.5   483.3   533.2   596.2   703.1  1028.0  2161.9  8055.5  98562.3    98618
read      371.5   419.6    74.4   129.8   150.4   322.1   404.4   456.7   497.3   546.1   612.8   714.6  1062.1  4736.2 11194.8  81793.1    81977
read      369.4   256.9    74.4   133.9   156.4   328.3   410.9   462.5   502.9   551.5   617.8   725.9  1054.8  2349.9  8116.1  91647.4    91567
read      349.1   244.7    74.4   126.0   145.2   320.8   399.5   449.3   487.7   533.1   587.2   667.6   861.0  1422.6  7884.6  48126.9    48236
read      363.8   259.5    68.9   132.6   154.9   322.2   402.6   453.0   492.1   542.1   610.8   713.1  1023.9  2124.5  7648.3  91830.9    91726
read      347.2   239.9    74.4   124.3   143.1   315.0   395.2   441.5   478.5   524.2   582.2   669.0   914.3  2016.3  7996.2  52490.3    52458
read      362.9   295.1    74.4   128.7   148.6   321.9   405.7   457.9   498.1   545.5   608.4   703.9  1014.0  2985.7 13132.5  70413.7    70467
read      351.7   268.4    74.4   126.9   145.6   311.2   395.7   446.3   485.4   531.6   590.9   683.9   992.5  2175.8 10545.1  71078.3    71151
read      348.7   256.5    68.9   125.9   145.0   312.8   396.7   447.6   484.7   529.1   585.2   671.7   917.3  1833.7  9915.4  64764.0    65016
read      341.2   262.7    74.4   124.3   142.4   309.7   386.5   432.9   469.2   510.7   563.3   639.0   873.3  1714.3 10689.6  41933.7    42057
read      354.0   266.7    74.4   127.1   147.6   312.7   394.5   443.5   481.6   528.3   588.9   690.4  1041.0  2327.8 11120.0  78492.6    78821
read      360.7   463.7    74.4   125.9   145.4   313.4   392.6   438.0   474.2   520.7   579.6   677.5  1051.1  5913.7 15526.1  60670.9    60720
read      340.6   239.5    74.4   123.5   141.6   308.9   384.7   430.7   467.5   512.8   566.9   649.9   940.6  1590.7  9780.7  39857.1    39911
read      350.7   416.5    80.4   126.1   144.9   306.4   354.8   385.6   410.9   449.6   508.0   602.0  1344.1  6794.3 11195.5  10640.0    10628
read      345.1   250.7    74.4   124.6   143.5   309.5   389.1   436.9   473.3   519.3   578.7   673.8   936.2  1896.4  9522.6  73629.1    73736
read      688.6  2998.8    80.4   138.5   167.3   311.5   359.8   390.6   414.4   447.3   505.0   691.2 13680.4 32103.2 98323.2   7251.4     7334
read      415.0   471.8    74.4   135.3   160.1   340.7   426.9   480.5   524.2   580.4   662.3   834.8  1868.3  5986.5 11940.0  91798.3    91868
read      360.3   273.2    74.4   127.7   147.6   318.1   400.8   453.7   494.1   542.1   607.2   709.7  1058.8  1984.2  9729.7  76829.7    76670
read      797.0  2894.7    80.4   130.6   153.2   321.0   374.8   412.5   443.5   487.0   550.5   869.6 16094.4 34879.0 39867.1  10394.3    10405
read      728.0  2541.5    74.4   126.2   146.9   336.2   445.4   518.3   578.5   684.8   874.5  1297.0 14905.2 34976.4 40075.8  25944.6    26019
read      396.8   614.1    68.9   126.7   146.1   321.9   402.4   452.6   492.7   540.6   607.1   749.9  1824.7  7191.3 30244.6  55298.3    55530
read      331.0   244.6    74.4   121.9   139.6   301.9   373.4   418.8   455.9   498.6   547.4   621.2   844.4  1481.9  9970.2  29908.6    29615
read      381.0   343.2    74.4   127.6   147.8   324.8   410.5   463.7   503.9   552.8   622.0   755.3  1606.0  2718.0 14473.7  66226.3    66057
read      352.9   221.2    74.4   127.5   146.1   319.1   399.7   447.9   485.8   532.4   589.6   681.2   980.5  1940.8  6811.2  55116.0    55281
read      560.0  2066.0    74.4   123.0   141.5   322.3   414.3   468.4   507.6   554.0   636.5   805.4  6289.3 31699.4 38743.8  20968.6    21177
read      502.4  1098.2    74.4   142.5   172.8   387.3   476.4   534.3   581.3   643.0   745.5   925.5  3004.0 16692.4 37187.2  88354.9    88239
read      360.1   234.6    74.4   128.4   148.9   327.4   410.2   460.9   499.5   544.3   604.0   701.6   936.0  1775.4  7477.6  70068.0    70227
read      557.5  1831.1    74.4   122.6   142.0   319.6   408.2   468.1   513.0   575.8   702.9   942.5  7045.6 30764.2 37588.3  23404.6    23421
read      490.0   834.5    74.4   149.7   183.6   382.1   468.8   533.8   589.9   666.9   774.0  1011.4  2002.6 13468.7 29683.7  96762.9    97104
read      346.0   813.5    80.4   138.6   168.1   283.8   321.0   344.0   363.8   390.8   433.2   519.7  1530.4  7916.1 36919.9   6200.0     6235
read      340.0   225.3    74.4   124.1   142.9   308.3   387.9   433.7   468.2   512.3   566.9   646.1   906.4  1824.3  7333.2  57662.9    58045
read      377.0   665.0    74.4   122.2   139.6   308.0   382.9   427.8   463.5   505.7   560.6   680.8  1637.8  8889.8 29950.8  23698.3    23729
read      350.8   345.3    74.4   123.3   141.3   309.8   384.8   431.4   468.8   512.6   569.7   672.6  1211.6  2634.6 18449.2  40729.7    40897
read      371.5   341.7    74.4   125.2   144.7   317.6   399.3   450.5   490.4   537.7   599.9   720.1  1509.8  4021.2 10147.3  53814.3    53312
read      376.3   400.5    74.4   131.1   153.3   324.2   405.4   457.4   497.9   548.3   618.9   731.0  1216.8  4840.2 11752.9  87044.6    87262
read      349.3   228.4    68.9   126.6   146.3   311.3   393.2   443.9   482.6   530.0   589.2   684.1   940.9  2202.8  6901.4  81694.3    81836
read      359.2   258.4    74.4   130.7   152.4   320.4   398.6   447.6   485.5   533.6   597.5   704.0   994.5  2155.1  7136.4  92278.3    92274
read      346.0   226.2    74.4   124.3   143.4   313.8   393.8   440.6   478.3   523.4   579.7   662.6   891.8  1907.1  7742.3  47376.6    47252
read      384.9   604.9    74.4   126.6   146.5   320.5   402.5   454.6   494.3   541.6   607.2   731.6  1585.4  5876.1 31066.7  75910.9    75747
read      365.9   387.7    74.4   129.1   149.9   320.3   400.5   451.7   491.6   540.1   605.5   711.4  1057.0  2532.6 13851.6  81078.3    80994
read      384.3   289.5    74.4   135.2   159.8   337.8   419.2   471.3   514.5   566.9   639.2   765.3  1184.8  3181.0  7866.1  98116.6    98224
read      309.9   405.7    80.4   126.9   146.7   281.4   319.2   341.6   359.8   382.7   416.7   486.8  1126.8  5346.8 11642.8   7754.3     7737
read      350.7   241.3    74.4   125.0   143.1   312.0   394.8   448.9   491.2   536.1   589.1   670.4  1049.7  2195.2  8450.3  37269.7    37514
read      374.7   819.0    80.4   131.1   152.8   328.3   381.8   412.4   435.9   467.7   511.4   581.7  1109.8  8650.5 33533.7  10492.0    10640
read      365.1   313.6    74.4   132.9   155.0   320.6   403.1   455.2   495.0   542.7   607.4   715.3  1103.7  2073.6  8875.1  90050.3    90490
read      381.7   499.9    74.4   133.7   156.2   324.5   405.9   458.2   499.1   549.5   620.7   738.7  1206.3  5337.9 27046.5  92667.4    92514
read      360.2   310.2    74.4   131.5   152.9   317.1   396.7   446.6   486.9   536.1   599.8   696.6  1010.8  3374.4  8409.2  89058.9    89245
read      389.9   370.2    74.4   133.4   154.9   340.5   429.1   484.6   527.7   581.1   650.7   763.8  1164.2  4043.6 13191.2  73907.4    73823
read      349.1   255.7    68.9   124.3   143.4   315.4   396.1   446.1   486.9   533.5   587.5   666.7   909.7  1736.9 12109.0  46952.6    46565
read      392.6   531.4    74.4   122.4   141.3   330.8   428.0   486.6   526.6   575.8   654.0   798.9  1342.8  5829.9 26360.4  21358.9    21419
read      348.8   229.6    74.4   126.8   145.9   315.7   399.2   449.1   485.9   530.2   584.4   671.5   917.5  1798.3  4033.6  67176.6    66915
read      338.8   277.1    74.4   120.8   138.2   299.4   385.1   439.0   478.5   522.7   572.0   641.1   927.9  2960.4  8590.9  31607.4    31667
read      344.1   205.5    74.4   126.0   145.0   309.4   392.0   440.0   477.9   523.9   582.7   667.9   903.6  1869.7  5284.4  72122.9    72255
read      395.1   510.4    74.4   136.8   161.4   340.9   423.9   474.5   514.5   565.6   638.2   768.7  1137.4  7580.3 15992.8  99320.0    99535
read      331.9   267.5    80.4   129.6   152.6   309.3   361.3   391.7   415.2   445.6   491.0   565.2   992.9  2338.1 12300.8   9387.4     9226
read      386.2   344.0    74.4   128.0   148.1   319.0   402.9   457.1   499.9   552.7   626.0   776.6  1931.3  3072.3  8878.7  67853.1    67844
read      352.5   329.5    74.4   125.5   144.8   308.5   389.3   440.2   479.0   524.9   580.9   670.4  1127.0  2895.0  8772.9  71625.7    71413
read      352.8   229.9    74.4   130.6   152.6   313.4   391.5   440.9   480.2   529.1   591.6   689.7   962.0  2266.3  6954.5  97395.4    97328
read      347.1   204.1    74.4   125.7   144.3   315.6   397.1   446.0   483.9   529.6   585.7   671.9   903.6  1610.0  4218.6  55120.0    55113
read      347.4   230.8    74.4   126.1   144.8   315.2   395.6   444.3   482.1   526.3   581.8   665.6   951.4  1555.2  6288.5  53489.1    53743
read      350.0   310.3    74.4   122.8   141.4   321.6   393.3   432.8   464.1   499.8   544.3   623.6   940.6  5071.9 12384.7  15230.9    15253
read      350.0   236.4    68.9   130.4   151.6   313.4   390.9   439.1   478.4   526.7   587.3   683.0   943.6  1613.4  7969.9  90527.4    90605
read      387.5   547.6    68.9   121.4   139.4   311.7   406.3   470.3   517.3   571.8   664.0   839.3  1308.3  7956.1 30411.7  25756.6    25767
read      654.7  1515.2    74.4   186.8   240.7   414.5   507.9   619.3   695.2   766.8   860.9  1522.6  4871.0 24791.8 36914.8  92971.4    93458
read      352.0   237.8    74.4   131.0   152.6   314.9   393.0   440.8   478.7   527.3   590.5   688.0   936.3  1840.0  7021.2  95376.6    95080
read      352.5   288.8    74.4   129.3   150.1   310.5   390.5   440.0   479.3   528.0   590.7   687.6   964.3  2539.1  7995.8  88432.0    88399
read      349.8   234.1    74.4   131.4   152.6   311.1   390.3   438.7   477.6   525.9   587.8   684.3   932.2  1732.7  8345.3  95620.0    95681
read      349.0   326.6    74.4   124.1   142.3   308.3   393.2   448.8   490.5   534.4   585.8   660.2   857.8  3841.1  9408.4  33041.1    33003
read      350.8   243.3    74.4   132.2   153.8   311.4   387.8   436.6   475.1   522.3   585.0   682.4   982.9  1979.7  8575.1  98982.3    98809
read      347.8   265.5    68.9   125.5   144.6   310.5   392.6   441.5   478.5   523.4   581.4   667.7   952.5  2176.7  9202.4  64636.0    64610
read      351.0   301.8    74.4   124.6   142.8   314.0   394.4   444.2   484.5   533.5   590.0   675.6   957.9  2163.4 10257.2  51369.7    51183
read      413.7   787.8    74.4   124.4   142.9   327.3   418.5   469.6   503.3   540.7   591.0   729.8  2270.5  9406.0 31862.5  20281.7    20194
read      315.7   275.7    86.8   138.6   163.1   300.4   339.5   362.7   379.3   399.1   429.2   490.2   649.6  4670.1 10122.0   7685.1     7602
read      342.4   241.1    74.4   124.5   143.2   310.2   387.0   434.1   470.6   515.3   571.4   648.3   873.4  2539.4  7792.6  46569.7    46677
read      354.2   766.9    86.8   146.2   172.6   283.5   320.2   341.1   358.4   381.3   415.7   484.9  1690.4 10116.0 30138.6   5658.3     5577
read      320.8   283.3    74.4   121.5   137.6   295.7   371.5   414.8   445.5   481.5   521.3   580.9   738.4  1471.2 12592.3  22940.0    23035
read      351.3   224.8    74.4   127.4   145.6   317.8   398.5   448.8   489.1   536.7   593.6   678.0   911.2  1731.4  7805.8  57748.0    57516
read      363.9   270.1    80.4   130.0   149.9   327.3   412.1   462.0   499.9   545.6   606.7   701.8  1059.5  2040.0  8808.6  62559.4    62851
read      338.3   210.1    74.4   122.1   140.2   306.0   383.9   432.8   473.2   519.6   572.8   645.3   877.2  1742.0  7607.8  38644.6    38431
read      336.5   281.4    74.4   122.0   139.2   304.0   387.0   436.2   472.9   508.9   552.1   622.5   865.5  2423.3  7916.8  25571.4    25729
read      367.3   856.8    74.4   121.7   138.3   310.3   388.2   430.2   460.4   493.3   533.9   593.7   939.7  8971.6 33313.0  19392.6    19443
read      354.8   495.1    74.4   125.4   143.3   318.2   400.2   443.3   474.5   506.8   546.4   607.3   925.1  7552.7 13850.7  19319.4    19461
read      339.0   223.0    74.4   123.0   141.1   304.7   382.9   430.7   469.2   516.6   571.4   644.9   867.8  3025.3  5704.8  42208.0    42341
read      318.1   396.3    86.8   151.1   177.5   291.7   327.5   346.8   363.0   381.1   404.5   463.9  1274.5  5989.2 23909.0   5706.3     5691
read      340.4   262.2    74.4   121.9   139.6   303.6   384.5   437.6   481.6   527.6   581.0   656.2   865.8  1560.8 11080.1  39867.4    40223
read      331.1   258.6    74.4   120.9   138.1   299.9   381.4   431.0   467.3   508.0   552.7   622.7   796.5  1438.9  8745.6  30141.7    29941
read      345.9   343.7    74.4   123.1   141.1   306.4   382.7   431.0   469.5   515.9   570.2   647.6   942.7  3921.2 14396.4  41133.1    41162
read      338.4   214.8    74.4   122.7   140.7   305.6   384.0   432.8   473.0   519.4   573.9   649.3   872.0  1621.1  5832.9  43932.6    43863
read      330.4   243.2    74.4   121.9   138.6   303.9   385.7   429.4   461.0   494.7   531.3   583.2   734.9  4329.0  7618.9  20508.0    20318
read      343.7   239.7    74.4   129.9   150.9   307.3   382.4   430.2   466.9   514.5   575.7   665.1   904.8  2000.3  6304.6  93189.1    93421
read      341.8   223.4    74.4   123.4   141.7   308.4   387.2   435.3   473.8   520.6   577.5   660.2   912.7  1581.6  7788.5  48510.3    48578
read      365.6   492.0    74.4   125.6   144.4   322.0   403.7   454.4   493.2   538.7   593.0   677.3   942.0  5874.0 30373.2  40816.0    40595
read      334.7   263.2    74.4   125.0   143.1   316.5   390.6   431.1   460.7   493.4   530.5   584.7   773.9  1623.4 14204.4  17628.0    17677
read      342.6   221.2    68.9   126.7   145.9   306.7   386.6   436.3   474.4   520.5   580.1   667.1   900.0  1709.8  6100.8  78651.4    78948
read      337.4   500.1    80.4   133.7   156.7   310.0   358.4   385.3   404.2   428.5   462.0   520.6   775.3  6314.5 22681.0   9668.0     9703
read      333.0   357.7    80.4   130.3   152.0   310.7   359.1   386.8   406.9   433.3   472.8   536.1  1057.5  3721.2  8336.6   9696.0     9686
read      322.1   452.0    80.4   134.5   157.3   299.7   340.5   364.4   382.1   403.5   435.9   495.3   728.4  4304.1 23197.2   8002.3     7968
read      332.1   225.2    74.4   126.1   144.7   317.5   385.7   422.1   447.9   478.3   513.5   570.2   732.0  2430.6  9679.0  15747.4    15830
read      315.7   321.8    80.4   134.2   158.3   296.7   337.4   360.3   376.2   395.9   422.8   472.2   690.2  4196.7  9914.0   8265.1     8192
read      343.9   303.5    74.4   124.0   143.5   305.0   382.2   429.7   466.7   512.4   572.2   667.3   975.6  2437.8  8153.0  79391.4    79410
read      342.3   283.5    74.4   123.0   141.8   302.3   378.7   425.0   461.4   504.8   562.3   649.4  1050.8  2982.6  8584.7  76390.9    76582
read      331.8   211.1    74.4   122.3   141.1   303.1   379.5   424.1   458.8   502.3   555.7   629.2   844.1  1522.9  6713.4  54353.7    54634
read      341.6   348.5    74.4   123.5   142.0   303.1   382.6   428.8   464.7   507.8   564.7   650.4   871.7  3844.9 11571.0  72161.7    72177
read      309.7   209.4    74.4   122.1   138.9   300.2   357.3   388.2   410.2   436.1   471.1   523.8   666.7  2307.2  7949.6  15021.1    15101
read      302.2   338.5    86.8   130.7   152.7   286.2   325.0   347.3   364.5   385.0   414.2   465.4   609.5  4352.4 16642.7   8157.7     8167
read      328.3   201.2    68.9   120.8   138.8   300.4   374.2   419.7   456.3   500.7   551.4   622.5   807.5  1563.8  6814.8  43609.7    44130
read      333.5   228.7    74.4   122.0   139.9   303.0   378.9   425.5   463.5   508.5   563.9   641.0   844.0  1568.4  7481.2  53118.3    53047
read      339.7   202.2    74.4   128.7   149.5   304.3   379.8   427.0   465.2   511.3   570.7   659.0   885.9  1789.9  4515.2  97115.4    97171
read      332.9   201.0    74.4   123.9   142.7   298.3   377.9   426.4   463.2   508.3   566.9   651.6   855.6  1484.8  5897.3  80882.3    81360
read      351.8   327.4    74.4   127.4   147.1   311.8   391.5   440.1   478.4   524.8   582.8   674.9   950.0  3875.3  8001.9  77220.0    77277
read      334.0   214.4    74.4   124.8   141.8   301.7   379.1   430.7   472.5   519.3   569.3   636.1   806.4  1659.8  7731.8  38301.7    38294
read      362.0   741.7    74.4   137.2   158.1   324.4   376.7   403.9   425.5   451.8   486.8   539.4   745.6  8020.2 31852.6  11150.3    11165
read      334.7   215.9    74.4   126.1   144.2   298.4   377.9   426.8   464.2   508.7   568.5   655.9   910.9  1675.0  4012.1  74138.3    74155
read      319.5   269.9    80.4   130.3   148.9   307.2   361.0   390.4   411.2   434.3   468.3   518.1   681.5  3795.2 11826.4  12284.6    12255
read      343.4   258.0    74.4   126.1   144.5   307.5   385.8   434.2   472.1   518.2   575.3   664.0   934.4  2160.4 11039.1  52142.3    52404
read      325.6   244.1    74.4   123.8   140.6   311.7   383.1   419.3   444.5   473.4   507.2   556.1   696.5  1605.2 10660.1  17184.6    17057
read      312.1   324.4    86.8   150.3   178.3   293.3   329.5   349.2   365.0   384.0   409.3   458.2   620.9  5324.0 11051.7   6014.3     6005
read      359.4   526.5    74.4   128.6   148.7   309.8   387.7   435.3   475.0   523.2   586.3   684.9   957.5  5695.3 30167.8  85088.6    85707
read      349.2   227.5    74.4   127.8   147.0   313.7   394.6   444.6   483.8   530.1   589.1   683.1   926.6  1724.0  8310.2  79709.7    79742
read      338.1   246.8    74.4   124.0   142.5   306.5   384.7   431.2   468.1   512.7   568.2   642.4   837.8  1847.3 12650.3  58728.6    58322
read      342.8   638.5    74.4   119.5   136.5   297.8   382.7   430.9   466.4   503.2   545.9   608.1   788.8  6385.3 42094.4  26292.6    26212
read      352.2   339.6    74.4   126.7   146.7   316.1   393.8   440.5   476.8   524.2   586.1   681.9   929.1  2017.6  9985.3  69227.4    69487
read      350.6   502.3    80.4   121.9   138.9   303.0   382.2   432.6   472.0   514.6   562.6   636.9   987.0  7771.5 27556.7  29477.7    29507
read      341.0   220.9    74.4   124.2   142.7   309.1   388.3   434.0   469.5   515.0   569.7   648.7   914.1  1694.8  6627.8  51613.7    51412
read      348.5   238.0    74.4   125.9   144.9   314.4   397.7   446.2   483.4   528.0   582.9   665.7   920.6  2117.9  8078.2  66900.0    67374
read      348.9   252.2    74.4   125.0   144.2   315.7   398.8   447.4   486.0   530.0   585.1   671.0   880.7  2049.8  8596.9  55278.3    55125
read      345.4   334.4    74.4   122.7   141.1   307.3   388.4   435.5   474.2   520.7   576.8   660.0   962.4  1862.7 13162.7  53046.9    53048
read      323.1   238.9    86.8   128.8   147.4   317.7   370.8   399.9   422.5   449.3   482.8   532.6   700.3  1532.2  8103.3  12108.6    12192
read      330.5   238.0    74.4   118.8   135.7   292.8   376.8   431.1   472.7   517.6   567.5   635.3   862.7  1592.7  7475.9  36139.4    36138
read      335.7   213.4    74.4   123.0   141.4   303.4   380.6   428.9   466.5   511.6   568.6   646.7   853.4  1740.9  6017.5  61188.6    60799
read      326.0   232.6    74.4   119.6   136.1   293.0   370.6   419.2   456.8   499.9   548.8   621.1   844.3  1640.0 10102.7  36546.9    36368
read      335.7   257.8    74.4   120.8   137.8   296.4   378.2   431.2   472.2   519.6   571.0   639.4   901.3  2437.6 11091.1  39654.9    39729
read      360.9   329.8    68.9   130.1   152.2   313.6   394.5   444.2   483.0   531.5   593.6   700.4  1140.9  2721.8 13054.2  95205.7    95693
read      334.5   224.0    74.4   120.5   137.8   296.8   376.1   428.5   469.9   517.6   571.5   643.6   927.8  2221.3  7402.9  41109.1    40999
read      335.7   257.5    74.4   122.5   140.9   303.0   382.7   429.0   465.2   507.5   560.5   637.7   863.5  1780.9  9214.4  65037.1    65037
read      324.1   400.4    80.4   123.8   142.7   306.4   360.9   389.4   409.6   434.4   472.7   531.3   721.2  3469.7 20919.7  12710.9    12633
read      347.8   292.1    68.9   123.5   141.8   311.0   390.5   441.2   481.6   528.0   584.7   667.2   964.1  1958.3 13549.9  50129.1    50117
read      344.3   308.1    74.4   123.5   141.8   304.3   383.9   430.5   466.9   511.6   568.5   652.3   964.6  3682.8  9996.8  62925.1    62765
read      323.9   291.6    80.4   127.5   146.1   311.3   367.1   397.3   419.1   444.2   477.5   526.8   649.4  4436.3 11004.8  12381.7    12379
read      344.3   228.1    74.4   124.0   142.2   308.2   392.4   444.6   484.4   531.1   587.3   666.6   888.1  1808.1  7966.7  48983.4    49369
read      334.2   228.4    74.4   120.9   138.2   298.7   381.4   434.0   474.6   518.1   568.0   638.1   838.4  1912.2  6325.1  39157.1    39111
read      342.6   248.5    74.4   124.1   142.2   311.3   392.9   439.2   476.4   520.9   575.2   654.9   905.0  1410.6 12529.0  52644.6    52692
read      345.2   600.0    80.4   120.8   137.4   298.2   373.3   418.6   451.4   488.3   530.2   590.8   859.8 12127.6 30457.3  24512.6    24539
read      352.1   245.0    74.4   126.1   145.2   316.3   399.0   448.4   486.9   532.7   589.6   682.4   941.4  2031.0  8853.1  61836.6    61591
read      339.5   241.2    74.4   122.3   140.2   306.9   383.9   430.2   468.4   512.7   568.5   645.3   859.5  2808.1  9091.3  48183.4    47864
read      320.4   298.9    80.4   120.8   138.0   302.5   367.8   402.9   428.1   458.0   495.1   547.8   689.6  3875.6 13351.9  16513.7    16479
read      334.3   233.4    68.9   122.0   140.8   298.4   377.2   424.2   460.0   503.0   558.1   640.7   951.2  1941.6  7517.1  74874.9    75268
read      301.0   294.8    74.4   128.5   148.3   287.0   326.1   348.5   366.3   387.6   415.6   465.7   723.5  3446.1 11506.0   8768.6     8714
read      328.4   615.4    74.4   122.1   138.9   295.8   345.2   372.6   392.3   415.0   445.7   503.7   769.1  8040.1 27692.0  13024.6    13002
read      350.5   350.2    74.4   125.6   145.4   310.8   390.7   438.5   475.6   522.9   583.6   676.5   959.0  2912.7 10477.7  76869.1    77147
read      341.4   251.5    74.4   121.5   140.0   305.5   382.2   427.5   465.0   510.4   565.3   647.9  1015.6  4072.7  7174.4  43388.6    43518
read      346.5   436.3    74.4   120.9   138.1   306.6   384.2   432.0   467.8   507.1   554.3   627.2   934.5  6126.6 11277.1  27256.6    27206
read      349.4   441.0    74.4   122.1   140.3   307.7   385.4   431.0   465.4   507.4   562.1   643.0   962.6  6937.1 13498.9  55672.0    55859
read      325.3   219.3    74.4   120.5   137.9   296.3   372.8   421.5   457.8   499.0   546.1   613.6   773.3  1460.4  7749.2  37301.1    37448
read      336.4   266.9    74.4   120.4   138.2   298.9   378.3   431.0   471.5   519.0   574.0   650.3   868.7  1650.7  7558.0  44890.9    45026
read      335.6   224.2    74.4   128.4   149.5   301.3   376.1   422.4   458.9   503.7   560.7   643.7   855.9  1710.3  5413.5 100191.4    99974
read      348.4   224.4    68.9   125.9   145.0   313.4   397.1   447.1   485.2   530.6   587.6   672.7   934.8  1949.1  7747.2  64572.0    64632
read      330.6   195.5    68.9   120.6   138.1   298.2   374.6   423.6   462.8   509.6   565.7   644.0   849.0  1518.8  5592.4  49378.9    49061
read      345.7   294.6    74.4   126.4   145.6   307.0   386.4   435.1   472.5   519.3   578.1   667.3   930.3  2219.2  9932.0  80648.0    80418
read      330.6   262.1    74.4   123.7   142.6   315.0   385.0   421.4   447.5   477.6   512.4   567.9   775.5  1530.8 10084.5  16499.4    16471
read      342.1   279.2    74.4   120.9   138.3   304.8   382.6   433.5   473.2   517.3   569.3   643.7  1009.5  3930.4  9393.9  35904.0    35694
read      369.6   817.0    80.4   126.5   145.9   316.6   379.9   411.9   434.7   463.5   501.0   557.3   989.4  8317.1 32089.2  13969.7    13935
read      336.7   207.4    74.4   123.2   142.2   298.9   380.1   429.3   467.7   513.9   572.1   659.0   936.6  1779.3  5619.8  79492.0    79838
read      332.1   224.6    68.9   121.3   139.0   300.9   378.8   425.6   462.7   509.0   563.7   636.0   830.5  1458.4  8433.7  48843.4    48842
read      328.0   248.8    74.4   121.5   139.2   309.3   383.8   422.0   448.8   479.7   515.5   569.7   744.9  3610.6  8748.5  17876.0    17708
read      340.2   284.8    74.4   121.9   139.2   304.7   386.7   439.5   478.6   519.4   567.6   638.1   845.0  3841.3 10062.5  31478.9    31401
read      343.5   352.5    68.9   123.4   142.1   307.3   387.4   434.9   471.4   514.7   566.4   645.5   896.3  2545.9  7592.0  61800.0    62091
read      371.7   362.8    68.9   131.6   153.1   326.5   412.2   464.1   503.2   549.4   616.4   725.5  1019.1  3293.6 12088.0  86808.0    87121
read      343.8   248.3    74.4   125.1   144.8   306.5   384.0   431.7   469.8   516.4   576.1   666.9   922.7  2568.2  6808.1  81798.9    81929
read      331.2   339.1    74.4   120.9   138.1   296.5   372.2   418.1   455.4   500.1   551.2   624.6   818.6  1932.4 13546.4  41933.7    42013
read      346.4   225.7    68.9   128.8   149.6   310.3   388.1   436.2   474.2   521.2   581.9   674.2   926.8  1777.0  8981.8  90918.3    90709
read      346.9   558.7    74.4   122.7   141.2   303.2   380.2   426.5   462.8   506.3   561.7   638.4   861.7  7624.8 25497.9  67650.3    67578
read      349.5   288.4    74.4   125.7   143.9   316.3   398.6   447.5   485.8   530.4   584.6   667.0   920.0  1786.8 10199.4  57948.6    58116
read      334.4   255.9    74.4   123.3   142.1   304.2   383.0   428.4   463.5   504.8   557.5   635.5   819.8  1576.1  9844.8  69429.1    68886
read      340.3   237.8    74.4   127.5   148.5   304.9   379.7   428.0   465.3   510.3   570.2   655.1   876.7  1812.9  7202.5  92488.6    93119
read      346.7   272.3    74.4   129.4   150.5   308.3   386.9   434.1   470.9   516.8   577.5   675.0   964.1  1607.8 12479.0  94658.9    95079
read      339.9   215.4    74.4   125.2   144.6   307.2   386.2   433.4   470.3   515.0   573.6   660.8   870.6  1566.1  5628.3  77686.9    77456
read      314.9   239.2    74.4   120.3   138.2   299.9   365.7   399.7   423.9   452.2   487.2   535.9   681.5  3879.8  7961.1  15842.3    15723
read      314.7   287.3    80.4   128.0   147.8   301.6   348.6   373.1   391.9   413.7   443.3   500.4   673.7  4212.3 12089.6   9869.7     9867
read      314.1   332.4    80.4   136.7   159.8   297.6   339.8   362.6   378.6   399.1   428.1   477.9   660.1  4693.9 14538.4   8089.7     8176
read      339.5   326.3    74.4   125.6   145.4   302.3   378.7   426.9   462.5   507.0   565.1   649.3   859.9  2951.5 10786.7  88810.9    89745
read      362.9   710.2    86.8   132.9   155.4   316.3   369.3   397.7   417.8   440.1   472.3   525.7   952.5  9942.0 31363.2  11014.9    11058
read      343.0   249.3    74.4   125.5   144.8   303.3   386.8   435.8   473.6   518.6   577.6   665.2   906.5  2563.7  6423.8  81335.4    81413
read      336.2   461.1    74.4   119.9   137.3   301.2   385.4   428.9   460.8   494.6   533.5   588.4   778.5  4069.2 30685.3  21808.6    21659
read      337.9   310.0    74.4   119.6   136.3   302.8   394.2   448.5   485.8   524.1   566.0   625.8   782.9  2540.8 14227.5  27158.3    27181
read      334.6   209.3    80.4   122.1   140.3   319.5   397.3   435.6   464.3   494.8   530.6   584.2   736.3  1558.0  7523.4  17405.7    17420
read      328.8   276.9    74.4   119.1   136.1   298.0   383.7   432.5   466.5   500.9   539.5   592.7   739.1  1835.0 10234.5  23273.7    23028
read      331.2   192.4    74.4   120.2   137.4   302.0   382.2   433.6   474.5   516.9   564.9   630.5   793.2  1540.9  3956.7  33745.7    33694
read      348.3   242.8    74.4   121.9   139.3   308.9   400.7   462.3   503.5   546.0   593.7   663.6   862.9  1719.5  8678.7  32490.3    32735
read      372.4   425.1    74.4   128.3   147.6   326.9   412.6   464.3   504.0   551.7   613.7   708.7  1059.0  4771.3 18466.8  57657.1    57645
read      336.0   311.6    68.9   120.3   138.1   300.8   381.2   432.2   472.8   520.9   574.5   641.8   816.4  1525.6 10680.6  45225.7    45216
read      350.2   326.3    74.4   123.2   142.0   310.3   393.0   442.7   480.2   524.6   579.6   662.4   922.4  4206.4 10146.3  57574.3    57659
read      342.5   220.0    68.9   127.0   146.9   305.1   385.2   433.6   471.4   520.6   580.6   670.2   917.3  1926.6  6019.3  85274.9    85443
read      337.3   315.8    80.4   128.1   147.6   319.2   386.3   420.0   443.6   470.2   503.1   556.5   754.2  4064.5 14501.8  14366.9    14390
read      335.4   250.6    74.4   123.4   141.7   296.7   385.7   440.7   481.0   520.9   566.0   627.3   798.4  2614.8  8600.6  31181.7    31520
read      336.4   226.9    68.9   123.1   141.5   302.9   383.2   431.6   469.7   514.9   570.9   647.5   841.2  1735.1  7881.4  66916.0    67089
read      327.9   259.4    80.4   124.0   141.7   315.3   383.4   419.1   443.8   474.2   507.7   556.3   717.3  2607.3 11179.7  16456.0    16537
read      348.4   250.9    74.4   127.3   145.2   323.8   408.6   453.1   483.1   515.1   549.9   607.3   830.8  3742.8  7745.9  18884.0    18930
read      352.0   247.9    74.4   125.6   145.0   314.2   399.0   455.4   496.5   543.1   600.9   677.8   897.3  1856.3  7992.8  46935.4    46784
read      346.7   206.5    68.9   128.9   150.2   310.6   390.6   439.6   478.7   525.6   584.7   676.8   932.2  1456.9  5414.6  93165.7    93102
read      371.1   482.9    68.9   129.1   151.1   317.8   398.7   448.0   485.4   532.5   595.6   702.4  1108.2  6273.6 16792.2  90238.9    89799
read      324.8   189.2    68.9   122.2   141.5   301.2   373.4   417.4   449.8   488.8   536.4   606.1   748.2  1616.2  4357.5  66352.6    66551
read      335.4   197.0    68.9   128.7   149.9   305.3   380.4   427.3   463.8   507.7   564.4   645.0   796.3  1206.1  5051.1  92893.7    93104
read      341.9   235.9    68.9   125.6   145.3   307.4   393.0   447.2   489.3   534.3   583.8   651.8   797.7  1349.9 10355.1  43579.4    43768
read      332.4   229.7    68.9   123.4   143.3   304.8   381.8   429.0   466.7   510.0   562.1   631.3   764.9  1125.8  7976.3  54516.0    54006
read      336.2   262.1    68.9   124.8   143.8   307.2   388.5   435.5   471.5   514.3   565.9   635.2   777.3  1133.0 14320.8  64769.1    64618
read      334.3   231.2    68.9   125.1   145.8   301.9   377.8   425.6   462.6   506.0   562.6   641.2   801.6  1688.9  6904.0  86592.6    86482
read      335.1   196.2    68.9   125.8   145.5   304.5   385.6   432.7   469.3   514.2   567.9   646.7   803.2  1237.2  4977.5  77690.9    77459
read      326.8   198.6    68.9   123.0   142.2   300.5   376.6   422.5   457.8   499.9   549.2   619.0   745.5  1190.7  5231.2  61434.9    61365
read      334.8   208.8    68.9   125.4   145.5   308.0   383.8   431.4   467.9   510.5   561.5   630.4   762.0  1060.9  8601.9  52327.4    52346
read      325.3   193.5    68.9   125.5   145.2   296.5   372.2   416.7   451.1   492.3   543.0   621.4   772.9  1038.0  6845.9  87174.9    87286
read      329.7   324.7    74.4   127.9   146.2   314.2   382.2   417.2   441.6   469.6   500.7   546.4   663.6  3992.2 15648.5  17324.0    17384
read      329.1   203.5    68.9   128.3   148.7   299.3   374.1   419.5   454.1   495.6   547.0   624.5   782.0  1071.3  8340.4  97973.1    98165
read      325.4   167.9    68.9   123.1   142.4   301.8   376.6   421.3   455.0   496.0   545.1   614.0   749.5  1020.6  4276.9  63480.6    63330
read      306.2   293.2    86.8   152.4   180.3   287.6   322.3   341.4   356.8   375.0   403.6   453.9   652.2  4053.2 12419.9   5923.4     5866
read      326.6   234.7    74.4   129.0   148.7   298.2   371.0   416.2   450.3   489.9   535.5   596.0   741.6  1576.5  8664.4  37600.6    37693
read      330.2   185.8    68.9   124.6   143.9   304.6   380.6   426.2   461.2   501.7   550.1   624.3   781.0  1304.2  4371.5  75642.9    75360
read      323.5   226.9    74.4   129.0   148.1   293.7   367.0   411.3   445.6   485.4   530.5   591.4   725.7  1616.5  8550.6  34881.1    34753
read      329.4   198.4    68.9   123.4   142.9   305.7   379.8   424.6   459.2   498.8   545.2   613.5   750.0  1233.2  6547.3  60000.6    59823
read      323.4   200.1    74.4   122.5   142.2   300.5   371.3   415.0   448.7   488.1   536.0   600.3   736.9   976.0  8145.0  68263.4    68266
read      324.9   222.6    68.9   124.4   143.9   299.6   372.2   415.1   448.1   486.2   532.1   596.2   748.3  1697.0  9237.8  38962.3    39383
read      328.8   211.4    68.9   123.3   142.7   305.6   381.0   423.8   456.4   496.4   544.7   614.8   760.8  1096.0  6397.1  65152.0    65072
read      313.3   207.4    74.4   123.0   141.2   293.6   359.9   398.1   427.2   463.5   507.3   569.0   699.5  1809.0  7035.0  33118.3    33192
read      327.5   205.7    68.9   124.2   143.5   303.6   375.0   417.9   451.3   492.9   541.7   607.7   752.7  1821.8  5936.7  51624.0    51847
read      343.2   184.7    68.9   127.0   146.9   315.9   399.0   446.9   482.8   525.0   578.4   651.5   805.6  1375.3  4319.8  62580.6    62362
read      331.5   205.1    68.9   125.3   145.7   302.2   377.4   423.6   459.8   503.6   559.8   641.1   786.1  1057.4  7200.1  84607.4    84073
read      328.6   209.1    74.4   123.7   142.8   303.4   378.6   424.1   458.9   499.3   549.6   623.0   754.6  1074.9  7503.7  64191.4    64213
read      315.2   215.9    74.4   123.7   140.5   287.1   366.0   411.1   444.3   480.6   521.0   576.9   686.3  1483.3  7989.6  27068.6    27059
read      323.8   205.4    68.9   121.5   140.3   299.7   372.1   415.8   449.8   491.0   541.0   609.4   735.0  1045.8  7834.4  54506.3    54703
read      349.6   233.7    68.9   131.0   153.4   313.3   391.0   439.5   477.4   524.4   584.0   675.6   884.3  2629.4  7878.5  98213.7    98366
read      330.1   213.3    74.4   124.3   142.1   297.1   385.6   436.4   473.8   511.6   551.9   614.5   765.0  1478.0  7701.8  29578.3    29565
read      330.4   208.2    68.9   124.4   143.4   301.1   379.4   427.1   462.6   504.2   555.7   631.0   780.7  1309.9  7324.6  75265.7    75000
read      340.8   209.2    74.4   126.9   145.4   313.3   395.2   444.1   480.8   522.8   573.4   644.3   786.2  1195.5  7000.2  62176.6    62235
read      328.4   210.0    74.4   122.6   140.7   299.9   376.7   425.3   462.5   505.9   555.7   622.7   738.2  1448.2  8348.0  47762.9    47788
read      327.2   225.9    68.9   124.2   142.7   299.3   377.4   423.9   458.9   501.3   552.1   621.0   742.6  1070.1  8135.3  68752.6    68928
read      325.4   244.6    68.9   120.8   138.4   290.1   373.2   427.0   467.5   510.6   557.6   617.6   725.4  1563.6 10417.0  36573.1    36478
read      334.7   206.8    68.9   125.6   144.7   302.4   382.2   431.8   469.7   512.7   567.2   642.8   804.4  1581.9  7657.9  76540.0    76067
read      333.3   197.2    74.4   123.3   141.7   305.6   384.5   432.5   471.6   514.3   566.0   631.1   751.3  1376.7  6250.2  46876.6    47020
read      335.5   210.4    68.9   126.5   146.3   303.7   382.1   429.9   467.5   511.5   566.9   648.5   798.4  1497.5  8262.8  81658.9    81656
read      330.2   202.0    74.4   128.5   149.1   324.4   393.2   426.0   448.2   471.9   499.0   538.5   627.8  2605.1  7016.6  16352.6    16396
read      331.9   240.0    74.4   123.8   142.7   310.7   399.4   443.8   473.2   500.0   532.1   577.7   670.5  2047.3 12162.8  21640.6    21661
read      330.2   214.7    74.4   123.0   141.0   302.5   379.2   428.4   468.6   513.5   561.2   624.9   735.5  1036.9  8207.6  50227.4    50156
read      334.7   245.1    68.9   123.9   142.4   303.2   382.2   431.6   469.6   515.1   567.0   632.0   750.6  2401.4  9414.7  53990.9    54102
read      336.7   231.6    68.9   125.4   144.2   306.1   388.1   437.7   476.1   521.6   573.9   640.0   766.6  1032.5  9432.4  65338.9    65670
read      335.7   256.8    68.9   128.0   148.6   324.1   398.4   434.2   458.5   483.8   510.1   549.1   640.4  3554.1  9439.2  17584.6    17584
read      332.6   259.9    74.4   120.4   138.0   295.2   394.0   451.5   488.4   523.6   560.9   609.7   712.9  1542.5 10712.0  30406.9    30347
read      331.3   228.8    74.4   123.9   142.2   312.9   401.6   442.8   470.0   497.6   528.7   572.1   661.9  1640.6  8415.5  21294.9    21534
read      327.7   252.2    80.4   142.0   165.9   320.6   365.4   388.1   402.8   423.2   450.3   498.3   657.0  3928.5  8618.9  10227.4    10216
read      327.0   199.4    68.9   124.9   143.9   298.5   375.4   422.8   459.0   502.3   554.9   627.1   759.4  1028.5  6713.5  80133.7    80544
read      327.2   211.2    68.9   122.0   140.1   296.6   375.7   425.5   464.8   509.7   559.5   620.5   730.5  1390.9  7539.0  45688.6    45508
read      329.0   208.7    74.4   123.2   141.5   310.5   397.3   438.7   466.3   494.1   525.8   569.9   665.6  2273.7  6368.5  21565.1    21591
read      324.8   236.9    74.4   128.3   147.2   316.5   382.0   414.2   435.3   461.1   490.8   531.4   623.0  2036.0  9740.0  15437.7    15435
read      328.3   272.2    80.4   130.1   151.0   320.2   380.7   409.8   430.2   454.9   484.2   523.4   613.9  4136.4  9842.6  14516.0    14502
read      328.9   248.4    74.4   128.3   148.6   315.3   382.3   417.1   440.5   468.4   500.3   543.2   677.7  3691.1  8010.1  16322.9    16369
read      323.2   176.2    68.9   120.4   138.4   293.1   372.3   425.3   465.1   510.5   560.2   619.8   721.6  1213.1  3895.1  41948.6    42077
read      325.2   226.2    68.9   121.2   139.2   293.8   374.8   427.4   468.5   511.4   556.0   612.1   717.6  1382.2 10567.8  38271.4    38334
read      338.5   328.0    68.9   126.8   146.5   324.0   398.3   435.0   460.1   486.4   515.6   560.2   686.8  3896.8 16142.8  17746.9    17694
read      330.3   227.7    68.9   125.4   144.0   301.1   380.1   426.5   461.6   503.7   554.4   627.6   771.0  1259.7 10233.9  74861.7    75056
read      328.2   184.2    68.9   122.4   140.8   301.2   377.9   426.8   464.9   510.3   560.4   624.8   742.0  1241.1  4118.3  53862.9    53845
read      329.5   286.6    74.4   133.7   155.2   321.8   380.0   408.7   428.5   453.3   483.2   521.3   612.2  1791.9 13087.7   9527.4    13319

Total QPS = 50120.7 (39094136 / 780.0s)

Total connections = 64
Misses = 0 (0.0%)
Skipped TXs = 0 (0.0%)

RX 9656251098 bytes :   11.8 MB/s
TX          0 bytes :    0.0 MB/s
Warning! Detected max cpu usage > 95%
CPU Usage Stats (avg/min/max): 100.00%,49.50%,100.00%
