Random waveform, supplied seed
Total number of intervals = 446 (7434, 67201, 85927, 63953, 31595, 87879, 7287, 62295, 6561, 22532, 60653, 59076, 60154, 22964, 8172, 27652, 37594, 24367, 33771, 84944, 85666, 51918, 34406, 28664, 38289, 20658, 13840, 93419, 98284, 71313, 42089, 46458, 30755, 42889, 93552, 65694, 29574, 51355, 67361, 16287, 81508, 87619, 99068, 51267, 11822, 97494, 97350, 55460, 85984, 82043, 52873, 13911, 49984, 9274, 27187, 18735, 86505, 93039, 75999, 32324, 84255, 81759, 37291, 53818, 30297, 31569, 38927, 10652, 98119, 48176, 34929, 69735, 20753, 84642, 42333, 61587, 77998, 97625, 23781, 66723, 31016, 47394, 95335, 5252, 65908, 16889, 42912, 99898, 26385, 22616, 50605, 90283, 26273, 48521, 34058, 75648, 19482, 15054, 75754, 5187, 17656, 96343, 36665, 85269, 31525, 61798, 12253, 25710, 79937, 7271, 85861, 91467, 72217, 31080, 76878, 84584, 12492, 57106, 96245, 6791, 90728, 5151, 82969, 42635, 99337, 95192, 69200, 49459, 29055, 64324, 5705, 84816, 23714, 74116, 19948, 44213, 19454, 7190, 47657, 44399, 6481, 5807, 83137, 9580, 37385, 33706, 35204, 50438, 48878, 42682, 27416, 64424, 64364, 5481, 26227, 26586, 86286, 24452, 26832, 29795, 46224, 84587, 63389, 46953, 90536, 12508, 38491, 97806, 11813, 39665, 53571, 63215, 78767, 8615, 67903, 16398, 53434, 38068, 9130, 69227, 37496, 83925, 51037, 33690, 51474, 73708, 98618, 81977, 91567, 48236, 91726, 52458, 70467, 71151, 65016, 42057, 78821, 60720, 39911, 10628, 73736, 7334, 91868, 76670, 10405, 26019, 55530, 29615, 66057, 55281, 21177, 88239, 70227, 23421, 97104, 6235, 58045, 23729, 40897, 53312, 87262, 81836, 92274, 47252, 75747, 80994, 98224, 7737, 37514, 10640, 90490, 92514, 89245, 73823, 46565, 21419, 66915, 31667, 72255, 99535, 9226, 67844, 71413, 97328, 55113, 53743, 15253, 90605, 25767, 93458, 95080, 88399, 95681, 33003, 98809, 64610, 51183, 20194, 7602, 46677, 5577, 23035, 57516, 62851, 38431, 25729, 19443, 19461, 42341, 5691, 40223, 29941, 41162, 43863, 20318, 93421, 48578, 40595, 17677, 78948, 9703, 9686, 7968, 15830, 8192, 79410, 76582, 54634, 72177, 15101, 8167, 44130, 53047, 97171, 81360, 77277, 38294, 11165, 74155, 12255, 52404, 17057, 6005, 85707, 79742, 58322, 26212, 69487, 29507, 51412, 67374, 55125, 53048, 12192, 36138, 60799, 36368, 39729, 95693, 40999, 65037, 12633, 50117, 62765, 12379, 49369, 39111, 52692, 24539, 61591, 47864, 16479, 75268, 8714, 13002, 77147, 43518, 27206, 55859, 37448, 45026, 99974, 64632, 49061, 80418, 16471, 35694, 13935, 79838, 48842, 17708, 31401, 62091, 87121, 81929, 42013, 90709, 67578, 58116, 68886, 93119, 95079, 77456, 15723, 9867, 8176, 89745, 11058, 81413, 21659, 27181, 17420, 23028, 33694, 32735, 57645, 45216, 57659, 85443, 14390, 31520, 67089, 16537, 18930, 46784, 93102, 89799, 66551, 93104, 43768, 54006, 64618, 86482, 77459, 61365, 52346, 87286, 17384, 98165, 63330, 5866, 37693, 75360, 34753, 59823, 68266, 39383, 65072, 33192, 51847, 62362, 84073, 64213, 27059, 54703, 98366, 29565, 75000, 62235, 47788, 68928, 36478, 76067, 47020, 81656, 16396, 21661, 50156, 54102, 65670, 17584, 30347, 21534, 10216, 80544, 45508, 21591, 15435, 14502, 16369, 42077, 38334, 17694, 75056, 53845, 13319)
Average QPS expected = 50126
Timestamp start: 1715815691767
Timestamp end: 1715816473097

#type       avg     std     min      p5     p10     p50     p67     p75     p80     p85     p90     p95     p99    p999   p9999      QPS   target
read      395.0   813.9    86.8   151.6   181.4   334.5   385.0   415.2   438.1   468.0   506.2   576.6  1743.1  9865.1 31770.4   7502.3     7434
read      371.0   624.6    68.9   128.8   147.0   311.6   397.3   452.3   493.8   542.0   603.7   690.0  1231.8  3472.8 32822.6  67078.3    67201
read      366.6   366.4    74.4   133.1   153.8   313.1   394.9   447.4   488.2   536.1   598.2   693.3  1174.7  4824.2 12399.8  85783.4    85927
read      355.8   230.5    74.4   129.3   148.3   319.4   404.2   458.9   500.2   547.4   606.2   686.2   911.1  2207.9  4226.0  63750.9    63953
read      348.1   234.3    74.4   126.0   144.7   300.9   406.2   475.2   515.9   556.0   600.9   662.7   860.9  1881.9  6091.7  31679.4    31595
read      401.8   411.4    74.4   137.5   160.4   332.8   415.3   472.3   519.3   576.8   649.3   782.6  1780.5  4129.1 15997.3  87764.0    87879
read      396.5  1082.1    86.8   149.2   175.2   316.2   360.9   386.6   404.5   429.8   464.4   529.8  1809.4 11768.8 42820.4   7470.9     7287
read      398.3   487.7    74.4   129.8   150.0   318.0   406.0   465.5   511.7   567.7   640.6   802.4  1797.9  7358.8 15576.8  62152.6    62295
read      441.2  1261.3    93.8   162.0   191.9   334.2   377.5   402.7   422.8   446.7   481.0   548.0  3905.0 28764.9 37401.4   6526.3     6561
read      444.6   694.6    74.4   132.6   152.8   353.6   472.0   530.2   572.8   628.4   711.0   858.9  2139.9 11406.9 30743.3  22610.9    22532
read      396.8   426.9    68.9   132.0   152.9   327.3   417.7   474.4   520.5   573.9   643.3   789.1  1784.0  4186.9 14966.7  60668.0    60653
read      355.6   236.5    74.4   127.4   146.9   316.7   400.4   454.0   495.3   542.3   599.9   684.0  1040.1  2028.2  6938.4  58895.4    59076
read      353.0   238.3    74.4   127.9   146.8   313.4   396.7   450.0   491.2   538.6   596.4   681.3  1026.3  2294.6  7635.5  60036.0    60154
read      405.5   397.4    74.4   131.1   150.9   352.2   470.9   528.9   568.9   618.1   688.0   824.2  1229.1  2605.4 20510.0  22807.4    22964
read      438.2   988.9    86.8   151.7   184.8   361.6   419.7   455.1   480.0   507.4   546.9   635.3  2605.0 11376.2 37534.4   8165.7     8172
read      372.5   254.4    74.4   127.8   146.4   317.6   429.2   495.7   535.5   581.4   643.7   771.2  1094.0  2031.9  6843.9  27305.1    27652
read      351.5   339.5    74.4   127.7   146.4   304.4   398.6   464.7   511.0   556.4   609.0   676.4   915.9  1567.1  8690.3  37794.3    37594
read      440.4   689.0    74.4   131.8   151.5   349.5   473.2   533.6   577.2   632.5   718.9   869.4  1361.9  9934.8 30485.5  24178.3    24367
read      474.8   447.4    74.4   131.7   153.0   345.4   519.3   642.4   753.7   861.3   979.4  1140.8  1392.1  4609.8 17156.4  33798.9    33771
read      942.2   804.3    93.8   279.9   305.2   604.5  1445.9  1577.4  1665.8  1763.4  1863.7  1999.3  2838.2  4048.3 23952.9  85018.3    84944
read      828.5   872.5    86.8   246.9   282.8   451.6   749.8  1446.1  1546.1  1646.8  1777.4  1954.1  2842.2  7758.5 28643.9  85590.9    85666
read      406.8   571.6    74.4   136.6   156.6   339.7   424.1   475.7   518.8   575.2   656.2   813.1  1647.9  7383.0 29694.3  52180.6    51918
read      361.2   275.6    80.4   133.7   153.7   313.0   410.0   476.6   522.0   565.5   613.5   683.0   966.8  1850.9 12336.5  34442.9    34406
read      357.3   280.8    80.4   133.6   152.2   311.7   420.6   483.6   520.8   559.1   602.1   661.6   828.1  2897.2  8136.5  28748.6    28664
read      360.7   257.2    74.4   132.7   152.1   310.3   400.9   464.5   509.3   557.8   612.4   690.9  1122.2  4088.3  7805.2  38065.7    38289
read      389.0   421.1    80.4   133.9   152.8   346.7   450.4   501.9   537.3   578.9   634.9   737.1  1042.6  4127.2 14830.9  20738.9    20658
read      442.6   863.9    80.4   134.9   158.5   385.2   488.4   539.7   572.4   608.2   652.9   727.4  1224.8  8550.2 48539.9  13774.9    13840
read      468.9   821.5    74.4   142.4   170.7   347.4   433.6   497.3   551.1   617.0   704.8   987.7  2197.7 12030.6 31023.0  93496.6    93419
read      391.6   512.4    74.4   139.1   163.4   331.5   415.1   466.4   505.6   554.2   620.7   735.8  1235.5  7727.7 21770.0  97796.6    98284
read      358.7   300.6    74.4   128.0   147.8   309.6   394.3   445.4   483.7   531.1   590.4   686.9  1185.2  3161.7  8546.1  71430.3    71313
read      371.4   513.5    74.4   125.7   144.9   307.3   398.8   465.9   511.3   563.8   622.3   704.0  1176.6  5795.4 30372.0  42056.6    42089
read      382.5   420.5    74.4   128.2   148.5   321.8   414.8   476.5   522.7   574.5   635.3   731.6  1318.2  5045.6 12409.4  46385.1    46458
read      359.0   397.0    68.9   122.9   140.0   301.8   408.7   473.9   513.4   554.0   601.5   675.8  1016.2  4802.2 10730.0  30962.9    30755
read      361.2   451.0    74.4   122.4   140.4   303.0   391.2   452.7   499.6   552.3   608.8   689.4  1163.7  7457.3  9479.6  42833.7    42889
read      353.7   237.3    74.4   132.2   153.3   312.7   390.9   441.2   481.5   530.3   590.6   684.2  1050.8  2144.8  7711.6  93615.4    93552
read      346.5   260.3    74.4   126.5   144.7   307.0   389.5   440.6   480.2   528.2   587.4   675.8   955.9  2018.5  8469.0  65526.9    65694
read      342.0   271.0    74.4   122.4   139.7   301.9   399.4   459.0   497.6   536.2   579.9   638.0   837.4  2612.4  9409.9  29250.9    29574
read      341.8   291.6    74.4   123.1   140.5   306.6   383.3   431.7   470.6   517.3   572.5   651.2   927.0  2625.3 10675.0  51262.9    51355
read      344.7   228.8    74.4   126.3   144.4   307.6   390.6   440.9   480.3   526.4   584.8   669.4   929.3  1870.8  7197.8  67536.6    67361
read      379.7   530.7    80.4   126.8   146.4   338.7   418.9   466.8   500.0   539.5   599.6   707.0  1049.7  4556.4 35268.8  16272.6    16287
read      344.6   210.9    74.4   128.2   147.6   308.5   387.4   436.6   475.7   525.1   584.8   676.3   929.2  1643.8  5396.7  81986.9    81508
read      342.6   249.7    74.4   129.6   149.2   305.6   384.2   433.0   471.0   518.6   579.2   666.9   893.4  1636.5  8747.0  87234.9    87619
read      357.4   296.6    74.4   134.8   156.7   312.4   388.3   435.6   474.2   522.8   586.0   686.0  1076.4  3367.1  6776.5  99078.9    99068
read      356.1   410.9    74.4   124.1   142.2   306.0   390.2   444.1   489.6   540.6   601.0   688.0  1124.9  3156.5 11550.7  50982.9    51267
read      429.2   995.3    80.4   135.2   158.1   348.1   422.0   461.9   492.4   530.0   581.4   676.6  2266.8 10112.2 40062.1  11981.1    11822
read      435.7   412.4    74.4   140.1   166.3   349.6   429.0   488.8   543.3   617.1   714.0   957.2  1963.0  3215.2 13537.6  97091.4    97494
read      356.7   267.0    74.4   133.7   155.6   317.5   396.6   446.7   486.7   535.3   597.6   698.3   976.0  1677.3  4745.1  97470.9    97350
read      345.9   265.7    68.9   124.9   143.3   309.2   391.0   442.9   484.6   534.8   591.4   670.2   908.5  1676.9 12504.3  55546.9    55460
read      354.2   319.7    74.4   131.0   151.1   310.1   390.3   439.2   478.4   527.8   589.5   681.9   980.3  3565.4  7909.6  85980.0    85984
read      347.2   236.9    74.4   129.6   149.5   309.9   390.6   441.8   482.6   532.0   592.2   677.3   906.8  1714.0  5093.7  82126.3    82043
read      351.1   366.5    74.4   124.7   142.8   309.2   391.6   443.6   483.3   530.4   588.3   665.4   901.5  4228.0  7532.0  53002.3    52873
read      376.8   379.7    80.4   129.1   150.2   347.3   424.9   470.4   502.1   539.1   586.1   657.7   933.1  5278.6 16012.8  13869.1    13911
read      363.5   245.0    74.4   127.4   146.7   318.0   404.2   460.6   505.1   556.6   620.1   715.5  1202.6  2397.5  5743.0  49728.6    49984
read      413.6  1114.3    74.4   139.5   163.9   324.7   374.1   402.9   424.9   450.9   485.0   542.5  2933.1 13456.2 32083.2   9415.4     9274
read      369.5   327.6    74.4   124.2   141.5   313.1   428.1   490.8   529.0   570.6   620.7   710.7  1134.3  4212.6 12197.6  27163.4    27187
read      372.8   357.9    80.4   127.9   146.5   340.0   439.6   486.9   517.1   550.2   599.3   677.7   938.2  3225.5 11011.1  18873.1    18735
read      353.5   276.2    68.9   131.1   151.4   311.2   393.2   443.2   482.2   530.8   592.4   685.9   983.1  2677.4  9131.3  85886.9    86505
read      353.5   219.5    74.4   134.3   155.9   315.2   394.8   444.8   484.6   532.8   591.6   686.4   952.9  1661.9  5507.2  92772.0    93039
read      355.9   228.8    68.9   131.2   150.5   316.2   402.3   455.8   496.8   544.6   604.8   696.3   980.2  1752.3  5709.0  76121.7    75999
read      346.6   233.7    74.4   123.7   141.3   299.4   402.5   470.4   513.2   554.9   600.1   665.1   873.0  1468.6  7810.2  32210.9    32324
read      363.8   262.0    74.4   133.4   153.9   321.8   405.0   458.1   497.9   545.5   612.8   719.1  1053.1  1874.5  9995.0  84102.3    84255
read      361.9   413.0    74.4   131.0   150.9   312.8   394.9   446.4   487.2   536.7   599.2   690.6   998.0  4946.7 11804.3  81554.9    81759
read      367.5   455.2    74.4   122.2   139.8   302.5   398.1   464.7   511.8   559.7   613.8   691.1  1268.4  6365.3 17207.0  37489.1    37291
read      362.0   343.6    74.4   127.1   145.6   313.8   400.8   459.9   506.3   558.1   620.8   706.1   966.4  4091.1 12222.0  54002.3    53818
read      348.7   229.8    74.4   124.1   141.2   305.0   410.6   474.4   515.0   555.5   601.6   668.5   893.4  1474.7  7640.9  30320.0    30297
read      342.5   278.9    74.4   122.7   139.7   299.0   400.1   465.4   505.1   545.2   591.3   652.1   799.1  1433.1 11275.2  31680.0    31569
read      359.2   353.0    74.4   124.7   142.7   309.8   402.8   467.6   512.7   560.6   616.0   687.3   912.6  4430.4 11616.2  38709.7    38927
read      403.4   712.1    80.4   137.6   162.8   357.8   428.4   469.5   497.7   530.4   573.7   655.4  1287.3  4861.2 39552.0  10688.6    10652
read      417.9   381.0    74.4   139.3   164.5   344.3   425.3   480.0   527.6   591.3   683.7   864.3  1872.0  3372.2  9378.8  97837.1    98119
read      350.7   244.3    74.4   126.8   145.6   313.0   397.8   454.7   498.1   547.9   606.6   682.1   863.0  1591.4  5914.0  48364.6    48176
read      348.1   396.5    68.9   123.4   140.4   301.5   394.8   454.6   496.1   540.2   591.5   665.9   879.1  3392.6 16144.1  34883.4    34929
read      345.3   258.6    74.4   128.7   147.2   304.9   389.5   438.6   478.3   525.7   583.9   670.4   961.0  1715.7 10582.7  69637.1    69735
read      434.3   883.3    74.4   126.2   146.1   347.2   458.5   512.7   547.3   589.0   650.0   771.2  1221.6 11891.5 36916.3  20741.7    20753
read      447.2   554.9    74.4   137.9   161.3   342.9   433.7   496.1   545.8   614.5   724.0  1261.8  2022.3  3766.8 24512.2  84187.4    84642
read      350.3   255.9    74.4   125.2   143.1   307.4   398.2   463.1   508.9   558.4   611.2   680.6   862.3  1647.3  8636.4  42389.7    42333
read      346.0   227.1    74.4   127.3   145.1   309.4   392.9   444.7   484.9   534.1   592.4   672.7   887.1  1721.4  7988.6  61425.1    61587
read      357.0   253.5    74.4   131.4   151.5   315.6   399.1   452.5   494.6   544.4   607.7   696.1   976.0  2015.4  9567.4  77775.4    77998
read      357.8   294.3    74.4   134.5   156.1   312.6   392.5   443.8   484.1   532.6   592.3   691.6  1056.9  2450.5  9805.1  97873.7    97625
read      378.3   527.9    74.4   124.6   142.8   324.3   430.1   483.4   515.9   550.1   592.5   660.4  1073.7  7090.3 20944.9  23875.4    23781
read      398.3   662.5    74.4   130.9   150.4   320.1   409.8   463.8   505.2   555.7   623.2   739.1  1753.4  6837.6 35756.9  66589.7    66723
read      362.7   293.3    74.4   126.2   144.2   311.0   419.1   485.5   526.5   570.1   618.5   683.1   971.9  3101.4  9186.3  31068.0    31016
read      352.1   320.7    74.4   125.0   142.8   307.3   393.2   452.0   497.3   550.5   609.0   684.4   870.5  3933.4 10786.3  47713.1    47394
read      377.9   405.2    74.4   135.8   158.2   318.5   396.3   448.1   490.1   542.5   612.5   726.1  1572.4  3225.0 13716.5  95287.4    95335
read      358.9   794.5    86.8   162.9   195.3   312.3   351.5   373.5   391.4   413.5   450.4   512.2   822.4 11404.1 37069.5   5287.4     5252
read      441.3   974.2    74.4   130.6   151.3   329.6   417.9   478.9   527.9   587.8   668.0   858.9  1992.5 18405.0 32426.9  65627.4    65908
read      384.0   308.2    80.4   126.4   146.4   353.7   442.0   490.9   524.5   564.7   622.7   723.4  1078.0  3186.0 13966.1  16881.7    16889
read      368.1   455.3    74.4   123.5   141.7   306.3   397.9   461.4   508.4   560.9   621.5   711.1  1355.9  3471.6 19787.2  42666.9    42912
read      378.6   369.4    74.4   138.2   160.7   322.6   399.7   451.9   491.9   542.3   610.2   723.1  1427.3  4348.5 12025.5  99685.7    99898
read      383.5   533.6    74.4   122.9   140.6   312.8   423.4   482.8   519.7   560.5   612.6   699.3  1379.3  6496.8 25057.1  26246.3    26385
read      397.7   613.9    80.4   123.3   142.4   332.4   439.4   495.0   531.3   574.6   640.0   779.4  1301.7  8939.2 35182.4  22514.3    22616
read      388.8   359.8    74.4   127.2   146.0   319.7   410.6   471.0   519.1   578.2   653.7   844.1  1584.7  4130.5 12523.9  50396.0    50605
read      358.5   264.4    74.4   132.5   154.0   318.8   398.9   449.1   488.8   536.5   597.1   693.2   968.1  2417.3  9396.8  90428.6    90283
read      423.8  1161.3    74.4   121.7   139.8   309.7   407.9   466.8   502.4   542.5   593.8   676.6  1369.0 18573.0 31911.6  26058.3    26273
read      382.6   374.9    74.4   124.8   143.6   310.2   396.4   457.5   505.8   561.6   631.6   786.3  1680.6  3175.6 10855.1  48753.7    48521
read      338.7   478.8    74.4   121.9   139.6   297.2   380.0   434.3   475.0   519.8   570.8   640.5   844.6  2289.5 25444.7  34160.6    34058
read      337.8   239.8    74.4   125.5   144.3   302.9   382.6   430.9   467.7   513.7   572.1   656.1   873.0  1477.6  8126.5  75489.7    75648
read      370.8   363.6    74.4   122.5   140.5   325.2   416.1   469.2   503.3   542.5   595.3   698.3  1196.9  5218.7 14105.0  19663.4    19482
read      392.1   449.4    74.4   126.9   147.4   353.8   444.1   497.5   535.5   580.6   636.1   724.4  1022.5  2970.4 30403.2  15092.0    15054
read      345.8   249.7    68.9   128.0   146.9   307.3   388.7   438.9   478.5   526.1   583.9   673.6   921.6  2095.9  8055.6  75869.1    75754
read      509.9  1877.8    93.8   155.9   184.4   302.9   344.1   367.0   384.7   407.4   451.5   549.9  7704.3 31363.5 32408.2   5230.9     5187
read      400.8   516.3    80.4   127.8   146.6   347.8   442.0   495.2   534.8   583.2   644.7   759.8  1242.6  5355.1 29928.3  17621.1    17656
read      471.9   597.5    80.4   143.6   172.6   357.6   446.2   510.6   566.7   637.1   744.4  1325.7  2103.5  8125.2 20641.0  96130.9    96343
read      357.6   282.2    74.4   125.5   143.1   314.7   401.5   464.5   509.4   556.7   612.5   697.1   983.6  2706.0 11710.6  36584.6    36665
read      343.5   229.9    74.4   128.3   148.2   305.5   383.3   432.7   471.4   520.5   583.1   675.0   925.2  1826.9  7850.0  85248.6    85269
read      334.2   221.1    74.4   121.1   138.1   296.9   387.0   444.0   483.6   524.6   572.1   636.7   826.2  1472.6  7685.3  31460.6    31525
read      338.7   215.7    74.4   124.1   142.1   304.6   384.1   432.4   471.0   518.0   575.6   657.6   899.6  1726.0  6335.1  61656.6    61798
read      382.0   641.2    74.4   128.8   150.3   334.7   402.7   444.0   475.7   512.9   562.6   641.3  1136.7  7281.5 30792.5  12322.3    12253
read      399.0   315.8    74.4   124.2   143.1   331.3   456.7   523.2   570.6   635.4   735.4   879.4  1170.1  3001.6  9783.9  25545.1    25710
read      462.6   480.8    74.4   132.3   155.4   338.8   427.8   499.5   561.4   639.5   790.5  1523.9  2023.5  3212.5 14267.7  80008.6    79937
read      355.9   544.6    80.4   145.8   174.3   316.1   364.1   392.1   413.8   442.7   483.8   544.9  1368.2  6662.2 28708.4   7206.3     7271
read      376.1   399.3    74.4   130.3   151.2   312.4   395.8   449.2   491.0   542.6   611.1   735.7  1589.8  4106.5 10778.7  85431.4    85861
read      336.0   216.0    74.4   128.6   148.1   300.2   377.9   426.1   463.1   507.9   565.3   646.7   871.6  1740.7  7764.1  91296.0    91467
read      337.1   223.7    68.9   125.5   143.9   302.8   384.5   433.6   471.6   517.2   573.2   649.6   851.3  1698.2  7035.1  71948.0    72217
read      341.0   275.3    74.4   120.6   137.8   295.8   392.9   454.8   495.3   536.9   582.4   642.1   830.6  3411.5  8491.0  31197.7    31080
read      357.3   392.3    74.4   129.0   148.6   315.4   398.8   449.7   488.5   535.5   593.5   687.5   945.4  2125.4 15515.9  77162.3    76878
read      346.3   228.9    68.9   128.2   148.0   307.9   388.5   438.5   478.2   525.4   585.9   678.7   944.2  1739.9  7798.6  84712.6    84584
read      515.9  1797.2    68.9   130.9   152.0   344.0   412.1   450.5   479.8   514.8   562.8   660.9  3880.8 29781.9 43627.4  12512.0    12492
read      357.9   250.0    74.4   127.6   146.5   316.5   404.2   458.7   499.7   549.2   612.1   696.4  1025.9  1937.5  8830.8  56813.7    57106
read      350.1   370.7    74.4   131.0   152.1   307.0   385.5   433.8   471.8   518.8   577.3   667.7   955.7  2844.7 10045.3  95623.4    96245
read      395.9  1010.3    86.8   149.7   177.9   316.7   362.3   388.5   406.6   432.5   467.5   537.1  2372.2  9755.5 37359.7   7034.3     6791
read      366.0   383.2    74.4   133.6   155.0   317.2   398.0   450.3   491.2   540.4   602.5   697.2  1049.0  3818.3 14091.9  89965.7    90728
read      339.3   497.8    86.8   158.8   190.0   303.3   338.1   358.8   373.8   394.7   423.9   485.9   975.0  9587.6 24072.1   5218.9     5151
read      379.7   387.8    74.4   129.7   149.6   310.7   392.1   447.4   491.7   545.1   617.8   752.3  1733.4  3224.8 14846.2  82240.6    82969
read      341.3   302.6    68.9   121.6   139.0   298.7   384.7   443.3   488.0   537.2   591.3   660.6   847.0  2515.6 10692.4  42653.1    42635
read      351.1   300.9    74.4   131.9   153.3   308.0   385.2   434.2   472.7   520.4   578.6   668.6   942.9  3883.3  8672.0  99210.9    99337
read      344.6   220.0    74.4   131.6   152.3   305.5   383.3   431.6   469.4   518.2   579.6   671.7   952.7  1994.2  5800.5  95103.4    95192
read      351.1   251.8    74.4   128.4   146.8   313.9   399.7   452.1   491.4   538.3   598.5   684.1   908.9  1626.1  9967.2  69308.0    69200
read      346.8   218.6    74.4   124.5   142.5   308.5   391.6   447.2   492.1   542.9   599.6   678.0   909.6  1831.0  6638.8  49464.0    49459
read      348.4   269.1    74.4   121.8   139.4   306.2   408.0   468.6   506.9   545.6   590.2   653.1   868.6  2960.4  9632.1  29072.0    29055
read      340.3   224.3    74.4   125.8   144.0   303.9   384.6   434.8   473.8   523.1   581.3   661.1   893.5  1872.4  8263.2  64215.4    64324
read      378.3  1020.6    93.8   166.2   194.4   313.4   350.1   372.0   390.0   413.6   457.1   538.8  1389.3 12616.7 36539.9   5678.9     5705
read      443.4   810.7    68.9   137.2   160.4   348.8   436.3   494.5   540.4   597.8   685.2   872.8  1872.6 12569.0 31362.3  84701.1    84816
read      385.4   379.7    74.4   124.4   142.9   332.1   449.7   509.1   546.9   592.2   659.5   787.1  1090.8  2140.9 14975.1  23777.7    23714
read      369.3   391.7    74.4   130.0   149.9   314.3   398.4   452.4   494.8   543.9   608.1   718.0  1336.8  4160.7  9428.4  74075.4    74116
read      500.7  1567.3    74.4   125.9   145.0   349.1   454.2   505.0   539.5   582.8   648.1   795.8  2404.0 30261.9 36923.3  20132.6    19948
read      479.9   497.4    74.4   127.8   147.3   317.7   450.6   575.6   712.1   917.0  1132.7  1355.5  1657.7  4910.5 11647.3  44022.9    44213
read      517.4  1166.5    74.4   131.7   153.9   379.6   500.3   565.8   613.7   675.7   763.2   945.9  3327.7 15878.5 38901.4  19485.7    19454
read      377.9   553.0    86.8   155.7   185.3   330.7   376.2   401.8   424.0   451.4   490.0   565.1  1473.4  9044.0 18618.1   7175.4     7190
read      371.1   321.3    74.4   128.5   147.6   325.8   418.2   476.4   520.3   573.6   634.7   726.1  1117.9  1962.8 15503.6  47269.1    47657
read      387.4   422.4    80.4   130.3   149.2   329.3   421.3   481.9   528.7   581.3   640.3   734.5  1388.1  5775.6 10914.6  44420.0    44399
read      397.9  1018.8    93.8   163.9   194.9   329.0   371.6   394.3   411.1   434.0   467.3   530.7  1459.6 10216.5 40132.9   6313.1     6481
read      718.0  2609.2    80.4   169.1   207.5   349.2   399.0   429.8   456.1   492.1   549.5   992.4 11876.0 37332.1 51597.5   5757.1     5807
read      482.4   815.6    74.4   143.0   169.0   358.2   448.4   516.3   574.4   644.6   749.4  1402.2  2081.9 10048.5 30304.3  82571.4    83137
read      644.3  2303.5    80.4   146.1   171.6   340.8   398.4   430.5   455.5   486.6   533.1   653.9 10217.0 32224.5 45813.3   9566.9     9580
read      343.9   277.9    74.4   123.9   141.9   304.5   390.6   450.1   494.0   540.4   589.7   655.9   810.8  1665.3 10038.8  37508.6    37385
read      345.5   251.6    68.9   125.2   143.2   305.1   392.2   451.2   495.1   540.5   588.5   653.8   842.8  1795.6  8827.6  33679.4    33706
read      354.0   227.3    74.4   125.2   142.9   307.5   405.8   474.4   518.4   565.7   616.3   683.9   948.3  1941.9  5475.8  35171.4    35204
read      354.7   219.8    74.4   127.6   145.7   315.8   399.8   456.4   499.0   549.4   609.7   688.4   974.7  2078.1  4808.6  50534.3    50438
read      371.7   487.0    74.4   128.2   147.4   321.0   408.9   467.6   511.0   562.2   621.3   704.5   961.8  5714.7 28354.2  48716.0    48878
read      354.3   250.2    74.4   125.6   143.6   305.1   397.6   464.9   514.1   564.9   619.1   693.0   940.5  3220.2  7131.6  42570.3    42682
read      349.8   212.9    74.4   125.7   143.4   313.0   421.6   480.7   516.8   554.3   594.5   648.8   801.5  1411.4  4494.5  26993.7    27416
read      360.0   288.3    68.9   131.4   150.5   319.2   406.8   460.8   501.5   549.8   609.3   691.9   969.3  1972.5  5227.2  64470.9    64424
read      360.0   240.5    74.4   129.8   149.0   317.9   403.0   457.0   498.3   546.4   605.5   690.9  1170.1  2028.1  6846.9  64306.3    64364
read      761.8  2795.3    93.8   163.5   195.7   314.6   358.1   386.1   407.7   441.7   498.8   926.0 14172.3 32430.3 39981.8   5588.6     5481
read      532.3  1564.0    74.4   128.0   147.5   340.2   462.6   528.4   573.1   627.9   715.2   926.3  3728.1 28288.4 37268.5  26082.9    26227
read      346.4   322.1    74.4   124.7   141.9   309.4   411.6   471.5   505.1   541.5   582.5   638.6   776.2  1662.9 12271.9  26702.9    26586
read      385.0   444.6    74.4   134.8   156.8   323.4   404.9   457.3   499.1   550.4   621.2   736.9  1660.5  3816.1 17479.5  86119.4    86286
read      535.8  1811.9    80.4   125.8   145.4   330.8   443.6   502.5   539.8   583.8   648.8   838.0  2769.3 31077.3 37754.6  24704.6    24452
read      693.3  2256.9    74.4   128.4   148.5   348.4   485.5   560.0   616.1   697.9   862.8  1297.5 13157.2 31575.9 44479.3  26711.4    26832
read      359.0   376.2    74.4   124.0   141.7   306.5   415.9   481.2   520.5   561.1   606.4   669.0   876.1  4443.9  7483.7  29646.9    29795
read      348.8   234.7    80.4   125.2   143.6   308.4   395.2   455.8   501.6   550.6   609.1   684.0   856.8  1480.2  7529.8  46308.0    46224
read      365.4   258.4    74.4   136.3   157.4   323.6   406.3   459.5   500.0   548.7   613.9   708.4  1023.9  2305.6  7581.0  84441.7    84587
read      353.8   260.1    74.4   130.0   148.5   317.4   401.4   454.1   494.6   543.0   602.1   683.2   917.0  1610.2  7678.4  63182.9    63389
read      364.3   260.3    74.4   129.2   148.0   326.1   414.6   471.0   513.8   563.1   620.3   703.1  1012.3  1698.6  8093.5  47012.0    46953
read      357.9   271.3    74.4   135.1   156.6   316.7   395.8   447.2   487.5   536.1   598.1   693.8   978.5  1882.2  8018.3  90308.0    90536
read      527.9  1742.6    80.4   135.8   158.9   359.1   429.1   470.8   500.8   537.7   590.7   702.1  3794.9 25372.0 39849.9  12667.4    12508
read      362.8   256.9    74.4   124.3   142.5   307.5   405.4   475.9   525.9   576.6   634.3   731.6  1150.0  1786.4  8049.9  38513.7    38491
read      361.4   363.7    74.4   133.8   155.6   316.5   394.1   442.4   481.0   529.6   590.8   688.3  1000.8  3000.4 12622.9  97496.0    97806
read      412.7   820.5    80.4   135.0   157.2   345.8   412.9   451.1   478.5   510.4   561.5   647.1  1601.4  9195.5 35975.5  11961.7    11813
read      367.6   297.5    74.4   124.3   142.1   307.8   401.9   469.0   518.0   571.3   634.5   748.7  1245.0  3023.0  9219.4  39415.4    39665
read      358.5   240.7    74.4   127.8   145.7   318.3   402.6   458.3   501.2   549.7   612.2   701.4  1047.7  1732.9  5917.8  53933.1    53571
read      362.2   327.0    74.4   129.1   148.3   319.6   409.1   463.1   503.2   550.5   609.3   692.5   968.4  2584.9 10219.4  63109.7    63215
read      349.7   224.8    74.4   130.2   149.1   312.5   394.7   446.0   485.5   534.0   594.2   679.0   925.9  1826.0  7400.1  78466.3    78767
read      352.9   363.1    86.8   144.1   169.9   324.9   375.0   401.2   422.9   450.0   490.2   557.0   825.4  5834.2 13173.5   8578.9     8615
read      357.4   285.1    68.9   129.9   149.0   318.1   402.7   455.3   495.1   541.6   599.8   686.5   950.4  2619.5 10847.1  67770.9    67903
read      381.4   323.6    80.4   127.7   147.0   350.9   436.5   485.3   520.0   563.7   629.0   731.2   996.3  3258.5 12490.2  16513.1    16398
read      361.1   313.4    74.4   126.6   144.4   315.0   396.9   448.0   487.7   535.7   595.9   691.3  1294.9  3783.0  7770.7  53019.4    53434
read      363.1   613.9    74.4   124.4   142.1   310.5   391.8   445.6   484.8   529.0   582.0   659.6   916.5 10473.9 31713.8  38130.3    38068
read      354.9   374.5    86.8   138.2   162.2   324.9   376.2   407.4   432.4   462.5   502.6   581.4  1202.9  4210.6 24286.3   9157.7     9130
read      351.2   228.7    74.4   129.2   148.0   314.4   398.0   448.6   486.9   533.6   590.5   674.8   971.0  1961.4  8109.0  68857.1    69227
read      340.8   225.7    74.4   123.4   140.7   306.5   390.2   446.7   488.7   533.2   582.2   647.0   804.3  1643.0  7949.0  37581.1    37496
read      356.4   247.0    74.4   131.6   151.9   315.0   392.4   443.4   484.7   535.7   602.7   695.8  1081.8  1922.1  7818.8  83752.6    83925
read      355.4   311.3    74.4   126.7   145.8   315.3   400.8   457.2   499.5   548.6   604.8   683.6   885.7  1823.4 15094.5  50869.7    51037
read      348.8   234.0    74.4   124.2   142.2   305.9   400.7   465.3   508.1   550.1   599.1   674.3   876.2  1648.9 10267.9  33870.9    33690
read      348.3   234.4    74.4   127.0   144.9   311.2   394.5   447.7   489.6   539.9   598.0   679.3   903.4  1638.4 10261.7  51247.4    51474
read      359.2   250.4    74.4   130.5   149.8   319.2   404.1   458.6   499.0   547.2   607.9   695.0   973.1  1878.5  8825.8  73420.0    73708
read      376.7   439.5    74.4   137.6   160.4   326.6   404.4   454.4   493.9   543.0   609.0   712.4  1015.6  7018.8 14699.8  98289.7    98618
read      380.0   396.3    74.4   133.3   154.8   326.7   412.6   465.6   507.1   556.1   624.8   734.3  1267.0  4104.6 12749.3  81988.6    81977
read      358.5   333.9    74.4   132.4   153.6   315.9   394.6   443.7   482.5   530.1   592.8   690.0   983.6  2281.8 11658.7  92121.7    91567
read      347.7   301.9    68.9   125.2   143.4   312.4   393.9   445.3   485.7   532.5   587.3   665.1   885.4  1915.5  9799.1  47946.3    48236
read      373.1   277.9    74.4   137.3   159.8   332.6   414.4   464.1   503.0   552.5   619.9   725.2  1072.6  1964.8  8961.2  91587.4    91726
read      350.9   247.9    74.4   126.8   145.2   316.9   399.8   450.5   488.9   534.5   590.6   674.5   935.2  1602.2 10917.9  52510.9    52458
read      348.0   291.5    74.4   127.6   146.2   309.7   393.0   442.8   481.3   527.9   584.6   669.3   921.4  2131.3  9843.0  70392.0    70467
read      352.2   246.8    74.4   128.2   147.2   313.8   396.6   448.7   489.2   536.9   595.3   676.7   929.1  2340.5  7768.4  71200.6    71151
read      355.2   277.5    74.4   130.7   149.8   313.6   398.4   450.0   490.8   538.7   598.5   684.4   993.5  2478.1 10496.3  64747.4    65016
read      356.0   279.6    74.4   129.8   147.9   315.0   404.8   466.4   511.7   562.7   618.6   690.6   879.2  1522.2  5803.2  42312.6    42057
read      359.0   415.3    68.9   132.0   152.2   313.5   395.4   448.6   488.8   536.6   595.7   684.2   935.4  3308.3 12768.3  78720.0    78821
read      353.7   235.2    74.4   131.6   150.5   317.5   400.6   453.3   493.9   541.1   600.8   685.3   919.1  1777.2  7646.2  60772.6    60720
read      359.2   316.1    74.4   128.1   145.9   310.8   400.0   465.5   513.3   565.0   620.3   693.0  1000.6  2330.9 17816.3  39751.4    39911
read      507.8  1503.2    80.4   142.4   167.0   348.8   416.8   458.0   487.8   522.4   571.0   685.7  5141.1 29456.7 39555.7  10660.6    10628
read      580.0  1508.5    80.4   146.5   176.0   381.3   469.5   544.9   609.9   686.5   802.8  1449.6  2382.5 20299.3 36905.4  73540.6    73736
read      398.7   983.7    80.4   151.9   177.5   313.2   356.3   381.8   401.0   427.9   466.1   544.8  2285.6 14252.6 32079.8   7378.3     7334
read      375.4   247.3    74.4   139.3   162.3   336.7   419.0   468.3   506.2   553.2   618.8   723.0  1034.7  2475.1  7811.2  90836.0    91868
read      358.2   404.8    74.4   129.7   149.0   311.9   394.3   445.6   484.4   532.8   590.6   673.9   916.7  6599.2 15982.4  76758.9    76670
read      332.9   323.6    86.8   136.5   158.8   321.2   374.1   403.1   425.1   451.3   484.8   533.4   703.2  1848.6 16495.8  10438.3    10405
read      364.8   301.5    74.4   127.9   145.6   326.3   424.5   483.2   519.9   559.3   605.3   676.1   920.1  3801.4 10147.7  26024.6    26019
read      346.0   228.9    74.4   126.9   145.4   313.3   394.1   443.8   483.5   531.3   588.2   668.4   853.7  1587.1  8861.7  55402.9    55530
read      374.5   436.6    74.4   127.1   145.0   321.0   425.4   487.3   526.8   568.2   615.3   682.0   962.2  6962.5 11062.1  29349.1    29615
read      353.3   409.9    74.4   128.6   146.9   310.1   393.7   444.8   484.2   531.3   590.4   675.3   947.6  2700.0 13637.5  65758.9    66057
read      349.9   262.2    74.4   126.2   144.3   311.7   395.4   448.7   491.1   540.1   599.3   680.2   880.6  2277.2  7633.9  55292.6    55281
read      354.4   362.8    74.4   130.2   147.9   323.4   421.2   470.5   500.9   533.7   570.7   624.5   792.1  3128.0 15405.4  21243.4    21177
read      351.2   299.4    74.4   131.3   151.7   308.8   387.0   437.5   477.8   526.2   585.1   670.6   941.5  2636.9 11836.5  88086.9    88239
read      370.2   311.5    74.4   131.3   151.2   328.9   415.6   468.1   507.7   555.5   617.8   708.8  1010.9  4204.1  9092.2  70187.4    70227
read      335.3   186.1    74.4   126.8   144.5   309.3   400.0   449.0   481.2   514.5   552.0   607.7   738.9  1402.1  4719.5  23337.7    23421
read      362.2   286.8    68.9   135.7   158.1   323.0   402.2   452.7   490.1   537.5   599.3   697.0   998.8  1798.4 12907.3  97193.7    97104
read      320.2   340.3    86.8   152.9   181.4   300.6   337.4   357.7   372.2   391.5   418.8   475.1   635.9  6723.7 11635.2   6267.4     6235
read      352.6   246.4    74.4   127.2   146.5   319.6   402.5   451.8   490.3   536.3   590.5   673.3   908.5  1779.8  8326.1  57934.9    58045
read      340.7   290.0    74.4   128.1   145.7   308.4   396.5   447.6   480.5   516.5   556.9   620.8   800.3  1870.2 11849.1  23566.9    23729
read      344.3   238.4    74.4   128.0   147.0   308.6   388.1   441.9   483.2   529.7   582.1   655.3   881.0  1609.4  8335.9  40534.3    40897
read      347.3   327.2    74.4   126.8   145.6   310.7   390.9   442.4   483.6   531.6   587.7   664.5   858.5  1731.7 12159.1  53559.4    53312
read      357.6   338.0    68.9   129.8   151.2   312.5   391.3   442.4   484.0   534.0   593.9   684.0  1015.1  3037.7 10693.2  87104.6    87262
read      385.7   289.6    74.4   137.8   160.4   338.6   426.1   481.2   523.1   575.3   641.4   744.1  1235.1  3131.1  9707.6  81764.6    81836
read      372.4   300.2    74.4   134.5   157.5   324.8   406.8   459.7   500.0   549.1   616.1   720.9  1217.5  2905.6  9136.1  91901.7    92274
read      347.5   247.6    74.4   126.1   145.6   311.2   394.3   448.3   490.7   538.6   592.1   666.7   846.8  1812.9  9431.2  47234.3    47252
read      355.1   265.3    68.9   129.5   150.0   316.8   401.1   452.4   492.2   538.6   595.9   681.9   915.9  2779.0  8580.4  75748.6    75747
read      354.5   319.1    74.4   129.8   149.9   309.9   391.6   444.0   485.2   534.5   594.5   683.7   994.6  2729.4  9772.2  80945.1    80994
read      349.8   275.8    74.4   132.9   154.8   310.7   387.1   434.3   472.2   520.3   579.9   668.5   896.7  2702.7  9160.2  98664.0    98224
read      373.9   841.4    80.4   148.1   175.4   314.1   358.4   384.6   403.7   428.8   463.1   530.7  1825.5  9837.4 32051.5   7849.1     7737
read      409.1   720.4    74.4   131.4   151.7   319.1   409.0   468.8   514.9   566.9   627.5   733.6  1933.6  9666.3 31406.5  37115.4    37514
read      345.4   503.0    80.4   138.2   160.1   323.2   373.0   401.9   424.8   451.2   483.5   534.0   695.3  4726.3 31052.7  10470.9    10640
read      366.9   232.3    74.4   135.9   158.4   328.4   409.8   461.8   502.3   549.6   614.6   714.2  1003.6  1773.7  8265.2  90505.1    90490
read      378.5   506.3    74.4   135.0   157.8   324.2   404.0   455.4   495.1   543.2   605.9   710.9  1073.4  5121.2 21747.1  92481.1    92514
read      356.8   246.3    74.4   133.9   155.6   316.7   397.6   448.6   487.7   535.7   598.4   691.1   973.0  1912.0  7744.7  89452.6    89245
read      355.7   357.5    74.4   128.3   147.4   312.1   396.7   449.8   490.0   535.8   592.3   677.1   935.7  3678.6 13078.7  73693.7    73823
read      379.8   430.4    74.4   128.0   148.5   322.1   412.9   474.3   522.0   575.1   634.2   726.2  1323.6  4225.9 16124.3  46406.3    46565
read      365.1   233.5    74.4   132.7   151.8   333.4   440.6   492.3   524.1   558.7   596.9   661.1   864.4  1951.3  7668.8  21600.6    21419
read      349.4   237.9    68.9   126.0   145.6   310.4   393.1   444.2   484.3   532.5   591.3   678.9   946.0  2515.9  6688.9  66732.0    66915
read      354.1   366.9    74.4   129.7   148.3   304.3   401.2   463.3   503.2   544.2   592.4   664.9   911.9  4168.7 16860.5  31694.3    31667
read      353.9   275.2    68.9   127.5   147.3   314.8   400.1   452.7   491.7   538.2   597.1   684.4   984.1  1852.6  9907.9  71680.0    72255
read      366.4   293.5    68.9   134.9   158.0   323.2   403.4   454.9   494.7   542.7   606.0   706.4  1007.4  2924.5  9019.3  99265.1    99535
read      336.6   394.8    80.4   138.7   161.4   318.1   364.6   391.0   410.6   435.9   467.7   520.2   710.7  4845.5 15520.0   9271.4     9226
read      365.8   434.2    68.9   127.8   147.5   319.2   403.7   455.3   494.7   542.3   604.0   695.1   996.7  3431.3 12766.0  67330.3    67844
read      349.8   287.8    74.4   127.5   146.2   312.7   395.7   445.2   482.8   528.1   584.6   673.3   950.4  2035.3  9849.9  71604.0    71413
read      363.3   309.9    74.4   136.3   158.6   323.4   401.1   450.3   488.9   536.1   598.1   702.7  1000.2  2380.7  9862.2  97309.1    97328
read      361.9   277.5    74.4   128.5   147.5   323.3   410.1   464.5   506.2   555.2   614.2   694.0   941.6  2400.3  7771.3  55207.4    55113
read      352.7   281.9    74.4   125.5   143.8   310.0   395.7   451.8   495.5   546.3   608.3   692.3   940.9  2368.6 10082.5  53993.7    53743
read      356.5   308.2    80.4   132.8   153.7   342.8   418.2   455.8   481.0   506.8   540.2   592.0   746.4  3382.1 12603.8  15155.4    15253
read      366.8   330.1    68.9   136.3   157.5   322.5   403.9   455.1   494.3   542.0   606.0   708.9  1027.3  3353.6 12533.8  90258.9    90605
read      349.0   261.8    74.4   123.6   141.1   309.3   416.1   475.3   510.3   543.6   586.9   643.9   841.6  1596.6 10054.7  25841.1    25767
read      355.3   235.1    74.4   135.2   156.6   316.7   396.4   447.2   486.0   533.0   592.7   686.5   960.1  1907.8  9904.2  93586.9    93458
read      356.9   260.7    74.4   134.9   156.1   314.6   394.6   445.3   485.3   533.7   594.0   687.9  1024.0  2081.1  8852.3  95128.0    95080
read      384.5   410.2    74.4   139.0   161.3   339.0   425.4   475.2   514.1   562.1   628.2   738.9  1046.9  3589.4 17055.9  88537.1    88399
read      340.7   216.2    74.4   132.2   152.6   306.2   381.8   429.7   466.4   512.3   571.8   657.4   864.8  1662.2  5227.7  95768.6    95681
read      347.6   229.8    74.4   123.1   140.5   303.9   406.0   473.0   516.0   558.1   606.9   669.7   857.1  1447.7  6580.1  32970.9    33003
read      383.4   315.8    74.4   142.4   166.6   336.5   418.8   469.8   508.5   558.9   629.1   742.7  1172.9  2708.0  9809.2  99070.3    98809
read      353.5   229.5    74.4   129.2   148.0   316.8   403.7   456.8   497.2   545.1   604.0   685.1   901.6  1878.4  5229.3  64383.4    64610
read      361.6   449.6    74.4   124.9   143.1   312.0   395.7   450.6   495.0   546.1   605.7   686.8  1060.3  4143.9 11969.5  51366.3    51183
read      367.7   342.1    74.4   128.7   147.3   339.8   443.2   491.5   521.5   552.9   592.4   650.8   888.0  2884.8 12400.9  20218.3    20194
read      367.4   877.5    93.8   152.6   179.8   320.4   363.6   386.4   401.6   422.3   449.8   500.3   679.3 15568.0 31870.2   7756.6     7602
read      344.3   210.8    74.4   123.7   142.0   306.9   389.3   445.7   490.8   540.5   597.1   672.1   868.5  1722.5  6613.7  46366.9    46677
read      339.3   340.7    86.8   170.9   202.6   313.5   349.6   369.9   385.6   402.9   430.5   482.7   835.7  5011.3 12455.6   5497.1     5577
read      368.3   628.2    74.4   123.6   141.5   321.5   430.3   480.0   509.8   543.8   581.9   633.4   825.5  6447.1 36235.4  23008.0    23035
read      352.3   263.6    74.4   128.3   146.2   312.0   394.3   448.1   491.4   543.5   604.7   685.3   950.5  1987.7 10410.8  57361.7    57516
read      349.6   283.0    74.4   127.5   146.0   312.0   395.1   448.8   490.2   539.6   599.7   678.1   902.6  1844.5  9033.2  62649.1    62851
read      345.6   225.6    74.4   123.2   140.9   300.8   390.6   453.5   499.0   546.2   599.0   670.9   971.3  1960.4  6388.3  38636.0    38431
read      358.6   378.9    74.4   123.7   141.3   315.7   426.5   484.7   519.0   554.2   592.0   648.0   821.8  3667.0 19774.9  25570.3    25729
read      360.1   254.6    74.4   127.8   146.8   337.5   432.9   477.5   505.7   535.7   572.8   628.0   793.2  3232.5  8079.0  19422.3    19443
read      358.3   326.4    74.4   126.6   145.6   332.5   424.2   470.4   498.5   528.2   562.3   613.3   786.6  4180.8 12788.4  19425.1    19461
read      343.2   227.6    74.4   123.1   141.1   303.2   389.6   450.8   496.0   545.1   599.8   669.4   818.8  1858.2  5367.8  42389.1    42341
read      339.1   386.8    93.8   165.3   197.1   311.7   348.3   369.3   385.7   404.3   434.2   498.7   834.7  7731.1 13942.8   5749.1     5691
read      354.9   277.2    74.4   125.3   143.5   311.9   400.7   463.0   507.5   555.5   610.7   683.5   944.1  1832.8  8153.3  39752.0    40223
read      380.7   609.4    74.4   125.0   142.5   315.2   419.4   482.8   523.7   567.0   617.4   691.6  1036.6  8037.1 30419.5  29952.0    29941
read      350.6   231.5    74.4   126.0   144.2   311.0   397.4   458.5   503.4   550.6   605.4   680.3   918.1  1654.1  6407.4  41284.0    41162
read      365.9   387.7    74.4   126.4   145.5   315.8   401.5   462.8   507.1   556.8   613.6   697.4   976.8  4626.9  9091.1  44096.0    43863
read      352.6   357.3    80.4   126.7   144.3   320.8   409.4   458.0   490.0   525.1   566.9   630.6   834.0  4202.1 14418.4  20453.7    20318
read      384.2   405.1    74.4   134.0   156.6   326.2   406.0   460.1   502.0   551.6   620.7   730.8  1344.0  4983.7 10755.4  92929.1    93421
read      363.2   233.5    74.4   129.6   148.5   327.8   414.6   468.7   511.3   561.6   620.8   700.7   948.4  1593.5  8466.7  48484.6    48578
read      358.6   305.0    74.4   126.0   144.0   311.2   403.5   467.8   513.1   562.7   619.1   697.3   897.2  3130.5 12507.0  40781.1    40595
read      343.5   257.5    74.4   126.5   144.7   327.2   408.1   451.3   478.0   506.3   542.5   592.4   712.8  2503.5 11841.4  17901.7    17677
read      340.8   261.4    74.4   124.8   143.6   302.4   381.9   431.5   470.3   517.2   576.3   662.6   872.3  2943.2  8044.2  79051.4    78948
read      337.7   377.7    86.8   140.4   162.9   321.0   370.2   397.4   418.6   443.6   472.9   521.4   669.8  5752.6 12575.6   9778.9     9703
read      377.8   890.8    80.4   139.1   161.3   321.4   372.4   400.4   422.1   447.8   480.4   529.5   722.3 11647.0 31154.4   9746.9     9686
read      342.3   390.2    86.8   143.8   171.4   314.2   358.3   384.4   402.8   428.5   460.2   507.3   849.9  6764.4 13231.3   7938.9     7968
read      320.3   203.4    74.4   125.4   142.7   307.0   370.2   403.7   430.2   460.5   495.5   545.6   712.4  1857.0  6528.0  15665.1    15830
read      328.0   576.0    80.4   134.2   157.1   295.5   337.7   362.4   380.9   403.5   436.4   495.5   758.3  6827.2 26391.0   8262.3     8192
read      344.3   242.5    74.4   126.6   145.9   303.7   383.2   432.8   470.8   516.8   576.3   669.3  1086.2  1953.2  6479.3  79197.1    79410
read      335.3   204.2    74.4   125.4   144.4   304.3   381.1   427.0   462.4   506.0   561.7   641.1   864.7  1639.0  6630.2  76262.3    76582
read      331.4   181.7    74.4   124.3   142.3   303.4   378.1   424.0   461.2   505.1   559.2   633.2   823.4  1440.9  3826.7  54993.1    54634
read      348.7   261.9    74.4   126.9   146.5   312.6   394.7   444.3   482.8   527.5   581.6   666.8   915.3  2363.9  8170.4  72089.7    72177
read      330.6   329.5    80.4   123.6   141.3   309.7   373.2   410.8   440.6   474.3   512.6   576.8   733.3  3385.7 16432.9  15000.0    15101
read      312.0   393.5    80.4   131.7   155.7   289.2   328.6   352.6   371.3   395.3   430.6   494.2   705.0  4060.7 17426.3   8269.1     8167
read      348.7   510.4    74.4   123.2   141.6   299.8   372.1   419.1   457.9   504.6   560.6   640.2   983.6  5991.1 28565.6  43969.1    44130
read      341.4   201.3    68.9   126.5   145.1   312.8   389.5   436.0   473.6   516.6   571.7   651.2   865.0  1585.0  5431.7  52927.4    53047
read      338.5   275.5    74.4   129.1   149.5   299.7   374.6   422.0   459.3   505.3   562.7   646.2   868.2  2519.7  9021.1  97229.7    97171
read      337.6   235.1    68.9   126.1   145.5   301.2   377.8   426.8   464.8   511.0   570.7   657.4   872.6  1840.5  9755.6  81164.0    81360
read      342.6   365.0    74.4   126.1   144.5   302.2   381.4   429.1   466.4   513.0   572.6   659.1   919.4  2206.7 13295.8  77308.6    77277
read      335.3   219.6    74.4   121.6   139.0   299.3   376.2   429.9   471.3   520.7   576.7   655.8   870.8  1622.6  9248.0  38276.0    38294
read      333.7   419.4    80.4   127.7   146.8   307.4   360.3   392.0   416.6   447.5   484.7   544.4   765.8  8229.0 15675.9  11270.9    11165
read      336.7   262.8    74.4   126.2   144.9   301.7   380.1   427.3   463.8   507.7   563.2   642.6   851.9  1678.7 10828.3  73691.4    74155
read      325.3   406.1    74.4   125.9   143.9   304.9   357.5   388.5   411.8   441.1   477.8   538.4   692.3  4933.2 16219.9  12382.9    12255
read      332.1   221.7    68.9   123.2   141.2   303.1   376.8   423.2   459.9   503.9   561.0   639.8   843.4  1430.3  4744.0  51848.0    52404
read      360.1   660.5    74.4   127.0   145.7   316.7   387.7   427.7   457.8   491.8   532.3   594.2   775.3 11274.2 29685.0  16936.6    17057
read      348.4   923.4    86.8   144.5   174.1   290.7   329.1   352.1   371.1   394.3   426.3   489.4   834.1 15607.8 31882.8   6085.1     6005
read      334.8   234.0    74.4   127.0   146.4   300.9   375.8   422.1   458.3   503.1   560.5   647.5   864.7  1788.2  9057.7  84910.3    85707
read      351.7   243.9    74.4   130.3   150.3   314.5   396.0   443.7   480.8   525.7   584.9   681.3   935.6  2060.1  8356.2  80000.6    79742
read      347.9   254.1    74.4   127.6   146.3   312.9   391.6   438.4   475.2   520.3   577.8   660.7   904.6  3230.7  6360.9  58340.0    58322
read      353.0   501.5    74.4   123.4   140.7   305.1   391.6   446.1   484.4   525.4   575.0   646.1   883.8  7746.8 12774.2  26239.4    26212
read      356.4   335.9    74.4   127.9   146.7   312.7   394.0   444.7   485.3   535.0   595.6   690.8   997.6  2694.7 10766.1  69275.4    69487
read      335.6   239.5    80.4   121.0   138.3   299.2   387.2   444.1   485.2   526.6   574.1   645.2   830.0  1318.6  8727.4  29674.9    29507
read      335.6   236.6    74.4   123.6   141.8   304.1   378.3   425.0   462.7   511.0   568.0   650.0   857.7  1579.2  8563.5  51685.7    51412
read      341.6   256.4    74.4   126.0   144.3   306.9   387.3   433.9   469.6   512.9   567.8   646.4   890.0  2350.8  8224.5  67822.3    67374
read      352.4   431.8    74.4   126.4   145.0   311.1   390.8   439.0   478.4   525.7   584.0   670.6   908.7  4077.3 20826.6  54837.1    55125
read      335.3   225.5    74.4   124.1   142.1   303.4   380.8   428.7   466.6   512.1   567.7   643.5   833.4  1587.4  7949.2  53228.6    53048
read      353.0   667.7    80.4   128.6   149.7   313.7   370.7   401.8   424.8   451.9   487.2   541.0   891.8  7951.7 31167.7  12149.1    12192
read      337.9   262.7    74.4   122.1   139.9   301.2   379.5   433.1   474.9   521.5   575.6   655.0   867.7  1731.4 11885.2  36193.1    36138
read      339.4   216.4    74.4   125.8   144.2   306.8   383.8   430.4   467.2   512.8   568.6   650.7   899.4  1783.5  6817.7  60687.4    60799
read      326.8   197.7    74.4   121.2   138.7   296.2   368.6   418.4   457.8   501.4   554.9   628.2   816.7  1464.7  7434.7  36364.6    36368
read      339.8   228.6    74.4   124.2   142.3   306.8   383.4   433.0   471.8   516.7   570.6   647.5   911.3  1742.4  8825.0  39717.7    39729
read      344.9   233.8    74.4   131.4   152.8   310.3   386.9   433.9   470.0   514.0   571.5   656.4   886.0  1861.9  8023.5  95578.3    95693
read      340.3   267.9    68.9   123.5   141.1   306.2   378.5   427.1   467.5   514.6   571.3   652.9   869.5  3066.7 12121.5  40864.6    40999
read      344.6   254.5    74.4   126.7   145.6   311.1   391.2   438.0   474.6   518.5   574.5   658.6   914.0  1821.1  8340.1  65044.0    65037
read      309.7   297.7    80.4   124.3   142.0   297.6   347.3   376.2   397.0   423.8   460.7   520.1   701.4  1854.5 11422.0  12644.0    12633
read      349.0   436.8    74.4   123.9   142.5   303.9   379.4   426.2   464.1   509.2   564.4   643.7  1026.8  5126.0 10482.6  49829.1    50117
read      343.5   322.7    74.4   125.7   144.1   305.8   383.0   428.1   463.0   504.7   560.4   643.4   930.0  3358.2  8728.0  62914.3    62765
read      317.5   227.5    80.4   128.4   146.9   305.2   359.3   389.6   412.1   439.6   477.4   531.8   669.3  2375.7 10101.0  12572.0    12379
read      336.9   223.0    74.4   123.8   141.2   301.8   377.4   424.9   464.0   510.9   568.3   650.3   939.3  1855.8  6530.6  49125.1    49369
read      332.4   219.3    68.9   122.8   140.7   302.5   375.1   423.6   462.5   507.0   558.3   632.5   846.5  1594.5  6757.0  39171.4    39111
read      332.9   186.8    74.4   124.9   143.4   306.2   380.8   426.5   462.4   505.1   558.0   632.4   822.8  1568.6  4702.1  52954.9    52692
read      336.8   263.8    74.4   122.4   140.0   303.5   393.9   446.2   481.4   517.0   555.4   614.2   754.6  2294.8 11378.7  24433.7    24539
read      341.1   248.2    74.4   126.4   144.2   304.1   384.5   432.6   471.2   519.7   577.8   658.3   897.4  2372.3  7974.9  61813.7    61591
read      345.2   266.6    74.4   124.5   141.9   304.9   387.1   442.9   486.5   536.8   594.9   670.1   902.0  1924.0 13024.2  47832.6    47864
read      371.3   607.0    80.4   129.2   149.6   336.8   414.2   453.0   477.6   504.4   537.7   588.6   818.4  9353.9 30181.8  16667.4    16479
read      350.1   233.4    74.4   129.7   148.5   309.8   394.6   445.5   485.3   532.9   593.1   686.1  1028.9  1698.9  5464.7  74810.3    75268
read      332.5   247.6    86.8   151.4   176.7   321.5   365.3   389.0   405.1   426.5   454.4   496.9   634.7  2897.9 10119.2   8733.1     8714
read      358.9   348.7    80.4   138.2   162.0   347.7   412.6   447.2   468.4   493.4   522.9   568.2   709.3  4417.4 15504.0  12980.0    13002
read      342.9   242.3    68.9   128.5   146.7   303.2   385.8   436.3   476.0   522.4   579.3   666.3   951.9  1798.0  7918.9  76921.7    77147
read      338.3   222.5    74.4   123.0   140.9   295.6   381.5   442.5   489.9   539.5   591.2   659.7   824.1  2110.3  7168.4  43765.1    43518
read      340.6   198.7    74.4   122.1   140.2   303.6   412.4   470.6   505.3   541.2   580.6   633.6   777.6  1413.6  4851.6  27030.3    27206
read      342.8   282.6    74.4   124.2   142.2   301.9   383.5   434.8   477.1   526.9   587.1   667.5   905.9  2111.1  7656.1  56042.3    55859
read      338.9   252.0    74.4   122.4   140.1   294.3   384.7   447.6   493.5   539.6   589.7   658.1   867.6  1535.3 15142.1  37441.7    37448
read      341.3   224.5    74.4   122.1   140.3   299.9   385.4   444.3   490.2   539.9   595.2   671.0   883.4  1608.2  6034.5  45093.1    45026
read      366.4   503.0    74.4   135.2   156.6   313.2   392.8   441.3   478.9   525.5   586.4   686.1  1012.4  7640.8 19362.2  99961.7    99974
read      351.4   255.0    74.4   128.3   146.8   309.2   393.7   446.2   486.7   535.3   596.5   687.9  1007.3  2306.4  9080.1  64866.9    64632
read      354.1   259.3    74.4   126.9   145.1   312.7   399.6   457.4   501.0   551.3   609.1   686.7   887.3  1915.5  8066.0  49180.6    49061
read      336.9   206.3    74.4   128.7   147.5   299.4   380.5   431.2   471.0   518.0   575.2   658.2   876.5  1522.0  6209.4  80297.1    80418
read      345.6   296.6    68.9   128.8   148.8   333.2   409.1   447.0   470.9   497.9   528.9   574.6   691.3  2500.1 12627.6  16592.6    16471
read      349.0   283.9    74.4   124.1   142.2   302.3   399.5   465.5   507.4   550.6   598.4   661.6   812.8  4254.3  8421.4  35805.1    35694
read      356.2   275.7    80.4   135.7   157.0   344.3   415.6   450.6   473.3   499.0   531.1   580.8   747.6  3895.6  8743.3  13905.1    13935
read      354.8   271.9    74.4   131.6   151.5   312.0   396.2   448.8   489.6   538.2   597.5   684.3   990.8  2096.7  9898.1  79625.7    79838
read      351.2   290.4    74.4   126.6   145.0   311.3   396.0   452.5   496.6   546.4   602.1   680.8   902.8  1713.6 12543.3  48900.0    48842
read      346.8   223.6    74.4   128.0   147.0   330.5   415.4   457.4   483.5   509.7   545.1   598.1   752.6  2573.0  7808.6  17694.3    17708
read      357.6   288.7    74.4   125.6   142.9   308.9   416.8   482.3   522.4   564.5   608.3   666.8   882.2  4279.4 12260.8  31299.4    31401
read      352.7   391.7    74.4   126.8   144.6   303.5   384.5   436.1   477.4   527.1   587.7   672.2  1122.2  4058.7 20965.5  62022.9    62091
read      360.8   278.4    74.4   134.4   155.2   316.6   400.0   452.1   490.8   538.0   600.3   696.6  1036.7  2921.5  8109.1  86852.0    87121
read      337.3   204.7    74.4   128.6   147.2   301.2   381.6   431.2   469.1   514.5   575.0   659.8   858.9  1643.1  5316.0  81523.4    81929
read      355.7   313.7    74.4   123.9   141.9   305.0   400.9   469.8   516.6   565.2   618.8   686.1   885.1  4120.7  8083.7  42104.0    42013
read      345.3   214.2    74.4   132.7   153.3   306.9   385.6   435.8   475.6   523.7   583.0   673.1   914.0  1630.1  5769.3  91213.7    90709
read      338.7   208.3    74.4   126.4   144.3   304.5   385.2   435.8   476.4   524.6   581.8   660.4   831.3  1673.9  7330.2  67690.9    67578
read      341.8   223.8    74.4   123.8   141.9   304.4   385.8   437.1   479.5   528.3   587.3   671.6   893.6  2083.4  3453.8  57958.9    58116
read      347.1   263.1    74.4   128.5   147.1   308.4   393.4   446.1   488.0   536.5   594.4   676.8   873.2  2102.4  5912.7  68850.9    68886
read      373.1   329.9    74.4   138.8   160.7   326.7   409.5   460.7   501.1   549.2   614.6   720.7  1111.1  2229.1  8736.4  93237.7    93119
read      339.4   206.5    74.4   131.6   152.3   303.3   378.2   427.2   465.5   512.7   572.6   657.8   865.5  1735.2  5414.4  94415.4    95079
read      339.7   244.6    74.4   127.6   145.9   300.2   381.6   431.6   470.0   518.2   579.1   666.8   890.8  1993.9  8728.6  77534.9    77456
read      370.6   333.7    80.4   134.1   154.0   351.8   434.9   473.2   498.7   526.8   560.0   616.9   871.8  4421.4  6439.4  15843.4    15723
read      349.6   370.3    80.4   143.3   168.3   333.6   384.5   412.4   433.0   456.8   485.9   534.5   723.9  4508.5 13220.4   9744.0     9867
read      356.7   540.4    80.4   154.4   181.5   332.7   374.0   395.9   412.5   433.9   464.5   508.6   878.7  7485.2 30815.7   8104.6     8176
read      352.1   237.5    74.4   133.2   153.4   312.2   393.3   444.0   484.1   531.6   591.7   682.4   972.6  1942.0  9427.2  89484.6    89745
read      362.2   280.5    86.8   147.1   171.7   353.5   411.9   443.3   463.9   487.6   515.4   562.7   687.7  4000.8  9882.3  11156.0    11058
read      367.1   266.4    74.4   137.0   157.8   326.6   411.3   464.8   506.9   557.2   620.4   713.1   994.7  1759.5  8018.4  81150.9    81413
read      350.3   239.3    80.4   130.0   147.7   323.8   414.1   464.1   495.4   528.5   569.5   631.3   856.7  1852.1  8331.5  21818.9    21659
read      368.9   613.6    80.4   128.5   147.1   314.3   406.5   464.2   501.9   541.8   588.9   654.0   890.6  8444.8 31380.1  27136.6    27181
read      350.0   270.3    74.4   130.9   150.0   336.0   417.0   456.9   482.9   509.7   545.9   596.9   735.0  1934.6  8134.4  17548.6    17420
read      363.4   251.8    80.4   134.4   153.4   332.5   439.2   490.8   522.3   555.9   592.4   647.9   814.1  2298.2  8016.1  22973.7    23028
read      363.4   520.6    74.4   128.9   148.1   300.3   407.5   477.3   519.6   561.2   606.4   672.1   920.4  7229.2 30566.7  33572.6    33694
read      373.2   700.4    74.4   130.1   148.9   303.0   412.3   479.6   521.6   563.9   609.6   679.0   958.9  8356.5 39656.5  32758.3    32735
read      361.2   258.3    68.9   132.2   152.3   321.0   411.9   468.6   510.9   560.0   620.4   700.6   917.1  1892.3  5740.1  57679.4    57645
read      355.9   262.9    74.4   129.2   147.5   304.6   396.9   461.2   508.9   561.1   618.8   693.6  1011.5  2119.5  8320.7  45055.4    45216
read      348.8   230.7    74.4   127.3   146.1   306.6   391.2   447.5   492.6   544.5   604.5   685.2   983.0  1819.7  5944.5  57633.1    57659
read      353.2   285.1    74.4   132.4   153.3   310.4   393.2   446.0   486.0   533.8   592.7   684.0   967.5  1901.7 12685.8  85274.9    85443
read      356.4   254.4    80.4   139.0   160.0   348.4   420.2   456.1   478.9   502.8   533.7   581.7   757.0  2507.4  8676.8  14417.1    14390
read      354.1   250.5    68.9   128.9   147.6   304.9   413.6   478.4   518.3   558.3   605.4   672.0   865.7  2456.7  7830.6  31766.9    31520
read      359.9   464.6    74.4   129.7   148.9   313.8   399.6   453.3   493.6   541.1   599.2   679.2   889.5  3432.1 13883.7  66903.4    67089
read      383.6   549.9    74.4   131.6   152.6   348.5   430.9   470.2   496.2   525.4   561.0   618.7   874.9  7307.9 26973.6  16467.4    16537
read      347.4   229.6    74.4   129.3   148.9   332.2   424.4   467.0   492.7   519.4   548.4   594.0   715.5  1661.9  7337.2  19180.0    18930
read      342.7   231.4    74.4   122.6   141.4   299.8   385.2   446.8   496.2   548.3   604.4   674.7   836.7  1560.1  5953.5  46837.7    46784
read      345.0   237.4    68.9   132.5   152.8   305.1   383.6   433.5   471.9   518.5   577.1   663.8   931.5  2239.9  7394.6  92966.3    93102
read      358.4   270.0    74.4   135.1   157.2   319.0   401.8   454.1   493.6   541.3   601.0   689.3   952.7  1545.0  5931.7  89832.6    89799
read      337.7   227.1    74.4   124.8   143.9   302.0   383.8   433.6   471.6   519.4   576.2   654.8   836.2  1884.0  7446.5  66530.9    66551
read      346.1   251.6    68.9   131.1   152.2   306.0   384.1   433.7   470.6   517.5   577.7   667.1   929.5  2858.5  6208.9  93278.9    93104
read      358.0   324.8    74.4   125.4   144.5   307.7   397.6   461.6   509.5   560.5   617.6   691.3  1005.7  2612.3  9261.4  43772.0    43768
read      336.5   283.5    74.4   124.8   143.2   302.4   383.5   436.8   479.2   527.1   579.2   642.5   761.8  1277.5 15298.4  54003.4    54006
read      330.1   186.4    74.4   126.1   145.0   301.0   379.9   428.9   466.4   511.4   563.7   630.9   745.3  1089.7  5630.1  65063.4    64618
read      332.6   180.3    74.4   129.2   148.7   301.4   378.3   427.2   465.4   510.5   566.6   641.9   780.3  1079.0  3198.8  86511.4    86482
read      329.3   197.0    68.9   127.0   145.4   297.5   379.2   426.3   463.2   507.0   561.7   633.8   773.8  1310.8  4803.0  77570.9    77459
read      332.8   195.1    74.4   125.1   143.7   300.9   382.0   433.0   472.5   520.8   575.9   640.2   759.6  1192.8  5828.7  61109.1    61365
read      332.4   210.8    74.4   124.0   142.1   299.9   380.8   435.3   476.6   522.8   574.8   637.1   742.8  1026.6  8095.9  52658.3    52346
read      333.2   202.6    74.4   129.9   150.0   304.0   377.9   425.1   462.5   507.3   562.0   638.1   770.9  1007.2  7186.9  87151.4    87286
read      334.8   294.8    74.4   131.6   150.4   318.5   392.9   430.0   455.2   482.2   512.3   553.5   643.8  3574.2 10245.3  17432.0    17384
read      330.4   199.2    74.4   133.1   153.1   300.7   373.7   419.3   454.1   495.5   547.4   625.5   767.8  1147.9  7660.6  97964.0    98165
read      339.4   246.4    74.4   128.0   146.7   308.7   389.6   440.1   479.6   524.2   576.2   640.9   754.3  1142.3  9863.5  63296.6    63330
read      336.5   411.2   101.3   174.3   203.3   310.6   342.9   360.8   372.4   389.3   410.4   456.8   840.4  6571.6 16226.9   5919.4     5866
read      336.6   244.4    74.4   124.1   143.5   292.0   387.0   457.3   501.7   542.3   584.0   635.1   735.4  2378.0  6427.1  37534.9    37693
read      332.5   200.1    68.9   127.1   146.1   302.5   382.9   431.0   467.7   509.3   561.9   634.5   765.6  1280.7  7675.0  75192.6    75360
read      343.8   223.7    74.4   133.2   153.1   306.3   399.4   458.7   498.7   539.5   583.3   637.1   745.1  1436.6  6967.4  34756.0    34753
read      331.8   211.5    68.9   124.6   143.7   301.6   381.1   430.3   469.1   513.6   568.4   635.0   744.0   953.0  7848.7  59688.0    59823
read      331.1   206.9    68.9   125.4   144.2   301.5   379.8   428.2   465.4   509.7   562.4   628.7   749.2  1412.7  7740.2  68401.7    68266
read      347.6   284.2    74.4   129.5   150.2   305.4   398.4   461.2   504.8   547.5   592.9   653.6   781.7  1409.2 16013.6  39152.0    39383
read      340.8   199.9    68.9   128.5   147.8   312.4   392.8   442.2   480.2   524.3   575.8   641.9   783.1  1154.5  6887.9  65112.6    65072
read      329.8   199.6    74.4   127.4   145.7   295.2   376.0   429.7   469.9   512.7   559.2   621.4   751.7  2077.2  6290.5  33436.0    33192
read      328.9   214.4    74.4   123.7   142.0   304.7   377.2   422.2   456.9   498.5   548.8   619.2   750.7  1062.2  6332.8  51845.1    51847
read      327.1   182.4    68.9   123.5   141.9   303.2   376.0   420.1   453.6   494.2   543.6   617.7   788.2  1236.8  5298.9  62455.4    62362
read      327.7   193.4    74.4   125.4   144.6   300.0   372.9   417.7   452.4   495.3   549.1   629.8   785.6  1070.5  5820.4  84181.7    84073
read      327.4   203.0    74.4   125.4   143.7   303.2   377.1   420.2   453.3   493.6   544.0   615.5   750.4  1055.9  8577.9  64473.1    64213
read      326.0   209.9    74.4   127.1   144.6   296.5   382.2   430.6   464.0   498.8   538.8   594.5   726.0  1506.2  8895.4  26864.0    27059
read      334.0   243.0    74.4   123.6   142.2   302.2   380.0   431.5   471.9   521.1   574.6   637.8   745.0  1121.9 10295.8  55053.1    54703
read      325.7   219.9    74.4   130.4   150.5   295.4   368.9   414.4   450.0   491.4   543.5   619.6   749.3  1035.6  7471.1  98476.6    98366
read      339.7   211.3    74.4   130.0   148.5   300.0   408.2   468.9   502.9   537.1   574.2   625.5   729.3  1399.7  4382.6  29605.7    29565
read      335.0   188.7    68.9   128.6   147.6   305.1   386.3   435.8   472.2   515.8   568.9   639.4   778.2  1003.6  5741.5  74786.3    75000
read      336.3   214.0    74.4   126.8   145.6   308.4   386.2   434.0   472.7   517.5   570.1   635.8   747.7  1529.1  4674.6  61981.7    62235
read      339.5   206.7    74.4   127.3   147.1   306.2   386.4   442.0   485.6   533.2   583.9   645.5   756.3  1251.0  6908.6  48014.9    47788
read      335.3   207.1    68.9   127.5   146.2   306.9   385.4   433.0   469.8   515.1   567.8   636.5   765.7  1344.7  4562.4  68924.0    68928
read      342.4   265.1    68.9   129.3   149.7   296.7   395.4   459.4   501.3   543.8   587.4   641.1   762.3  1694.4 15209.2  36580.6    36478
read      327.8   179.4    74.4   126.4   145.4   299.4   376.2   424.2   461.2   504.5   558.2   630.6   745.9  1079.9  4021.8  76172.6    76067
read      341.3   206.0    74.4   127.2   147.1   306.5   391.3   448.0   490.2   537.0   588.4   653.3   768.0  1017.6  6763.5  47113.7    47020
read      329.5   211.1    68.9   127.9   146.7   299.3   377.2   424.8   461.1   505.2   558.6   632.2   762.3  1005.7  5700.4  81561.1    81656
read      343.0   289.4    80.4   136.3   155.7   337.0   409.7   445.7   467.9   491.2   517.6   556.8   645.9  1868.2 14554.8  16654.3    16396
read      336.0   306.1    74.4   131.0   149.6   313.2   400.1   445.9   474.6   503.4   537.9   585.6   690.9  1769.8 12337.2  21796.0    21661
read      329.0   198.8    68.9   126.0   145.4   300.6   373.5   421.3   458.6   502.2   553.0   618.9   755.9  1414.6  8036.5  49604.6    50156
read      333.8   189.9    68.9   125.8   145.5   303.8   380.0   427.1   463.8   508.2   563.5   632.9   785.2  1803.5  5299.8  54306.3    54102
read      332.4   187.6    68.9   126.6   146.0   306.9   383.5   428.7   463.4   504.2   554.9   625.8   760.7  1381.5  5438.6  65664.0    65670
read      333.0   268.4    74.4   132.2   151.7   319.8   386.9   423.0   448.7   476.1   508.9   559.0   670.5  2007.5  8769.2  17698.3    17584
read      337.3   320.7    74.4   129.1   147.5   297.7   388.1   445.3   482.2   520.2   562.5   621.1   750.8  1835.9 12836.9  30456.6    30347
read      336.8   275.2    74.4   129.5   147.4   314.9   400.2   444.5   472.6   502.0   535.8   583.5   693.0  2022.4 12084.3  21361.7    21534
read      349.0   262.1    86.8   147.9   170.9   340.3   389.4   416.6   436.4   460.7   489.8   535.7   677.3  3174.7  9413.5  10262.9    10216
read      346.5   196.3    74.4   132.6   152.9   314.3   396.9   448.7   487.2   532.6   589.8   671.2   822.9  1116.8  6133.0  80324.0    80544
read      335.7   220.6    74.4   126.2   145.5   301.0   383.8   440.6   483.9   530.5   579.8   638.2   744.0   987.8  8134.7  45798.3    45508
read      345.9   241.0    68.9   132.4   151.4   322.9   421.7   467.0   493.1   520.1   549.6   594.7   693.5  1754.5  8533.7  21646.9    21591
read      345.0   236.6    74.4   138.6   159.8   339.6   406.8   438.6   460.0   483.3   509.0   548.5   673.8  1976.6  8569.1  15311.4    15435
read      340.5   282.0    74.4   137.6   158.4   333.4   397.0   428.6   449.8   471.8   499.2   539.0   641.3  3365.6 11473.3  14562.3    14502
read      325.4   249.9    74.4   129.8   148.5   315.4   381.1   416.2   441.6   467.9   498.0   541.7   648.9  1508.5 15133.9  16489.1    16369
read      344.1   244.5    74.4   128.2   148.1   310.2   391.5   443.3   483.0   527.0   578.4   647.1   791.6  1810.7  8615.0  41976.6    42077
read      333.0   191.5    74.4   127.8   147.0   299.4   382.1   437.1   477.6   520.1   567.8   630.9   741.5  1242.6  6608.2  38374.3    38334
read      337.6   323.8    74.4   130.9   149.7   324.2   395.7   432.1   458.5   487.2   520.2   570.7   680.0  2572.1 15830.8  17679.4    17694
read      343.1   240.9    74.4   129.1   148.5   312.0   393.1   442.9   479.9   522.9   577.6   659.6   815.2  1265.9  7482.0  74841.1    75056
read      329.1   208.3    68.9   124.1   142.9   301.3   376.3   422.8   459.3   502.3   555.6   624.8   762.2  1316.1  7609.6  53668.6    53845
read      338.1   238.2    74.4   135.7   154.2   326.6   386.2   417.7   439.9   466.6   501.9   549.7   686.4  2699.0  8350.4   9574.9    13319

Total QPS = 50111.6 (39087044 / 780.0s)

Total connections = 64
Misses = 0 (0.0%)
Skipped TXs = 0 (0.0%)

RX 9654500115 bytes :   11.8 MB/s
TX          0 bytes :    0.0 MB/s
Warning! Detected max cpu usage > 95%
CPU Usage Stats (avg/min/max): 100.00%,48.99%,100.00%
