Random waveform, supplied seed
Total number of intervals = 446 (7434, 67201, 85927, 63953, 31595, 87879, 7287, 62295, 6561, 22532, 60653, 59076, 60154, 22964, 8172, 27652, 37594, 24367, 33771, 84944, 85666, 51918, 34406, 28664, 38289, 20658, 13840, 93419, 98284, 71313, 42089, 46458, 30755, 42889, 93552, 65694, 29574, 51355, 67361, 16287, 81508, 87619, 99068, 51267, 11822, 97494, 97350, 55460, 85984, 82043, 52873, 13911, 49984, 9274, 27187, 18735, 86505, 93039, 75999, 32324, 84255, 81759, 37291, 53818, 30297, 31569, 38927, 10652, 98119, 48176, 34929, 69735, 20753, 84642, 42333, 61587, 77998, 97625, 23781, 66723, 31016, 47394, 95335, 5252, 65908, 16889, 42912, 99898, 26385, 22616, 50605, 90283, 26273, 48521, 34058, 75648, 19482, 15054, 75754, 5187, 17656, 96343, 36665, 85269, 31525, 61798, 12253, 25710, 79937, 7271, 85861, 91467, 72217, 31080, 76878, 84584, 12492, 57106, 96245, 6791, 90728, 5151, 82969, 42635, 99337, 95192, 69200, 49459, 29055, 64324, 5705, 84816, 23714, 74116, 19948, 44213, 19454, 7190, 47657, 44399, 6481, 5807, 83137, 9580, 37385, 33706, 35204, 50438, 48878, 42682, 27416, 64424, 64364, 5481, 26227, 26586, 86286, 24452, 26832, 29795, 46224, 84587, 63389, 46953, 90536, 12508, 38491, 97806, 11813, 39665, 53571, 63215, 78767, 8615, 67903, 16398, 53434, 38068, 9130, 69227, 37496, 83925, 51037, 33690, 51474, 73708, 98618, 81977, 91567, 48236, 91726, 52458, 70467, 71151, 65016, 42057, 78821, 60720, 39911, 10628, 73736, 7334, 91868, 76670, 10405, 26019, 55530, 29615, 66057, 55281, 21177, 88239, 70227, 23421, 97104, 6235, 58045, 23729, 40897, 53312, 87262, 81836, 92274, 47252, 75747, 80994, 98224, 7737, 37514, 10640, 90490, 92514, 89245, 73823, 46565, 21419, 66915, 31667, 72255, 99535, 9226, 67844, 71413, 97328, 55113, 53743, 15253, 90605, 25767, 93458, 95080, 88399, 95681, 33003, 98809, 64610, 51183, 20194, 7602, 46677, 5577, 23035, 57516, 62851, 38431, 25729, 19443, 19461, 42341, 5691, 40223, 29941, 41162, 43863, 20318, 93421, 48578, 40595, 17677, 78948, 9703, 9686, 7968, 15830, 8192, 79410, 76582, 54634, 72177, 15101, 8167, 44130, 53047, 97171, 81360, 77277, 38294, 11165, 74155, 12255, 52404, 17057, 6005, 85707, 79742, 58322, 26212, 69487, 29507, 51412, 67374, 55125, 53048, 12192, 36138, 60799, 36368, 39729, 95693, 40999, 65037, 12633, 50117, 62765, 12379, 49369, 39111, 52692, 24539, 61591, 47864, 16479, 75268, 8714, 13002, 77147, 43518, 27206, 55859, 37448, 45026, 99974, 64632, 49061, 80418, 16471, 35694, 13935, 79838, 48842, 17708, 31401, 62091, 87121, 81929, 42013, 90709, 67578, 58116, 68886, 93119, 95079, 77456, 15723, 9867, 8176, 89745, 11058, 81413, 21659, 27181, 17420, 23028, 33694, 32735, 57645, 45216, 57659, 85443, 14390, 31520, 67089, 16537, 18930, 46784, 93102, 89799, 66551, 93104, 43768, 54006, 64618, 86482, 77459, 61365, 52346, 87286, 17384, 98165, 63330, 5866, 37693, 75360, 34753, 59823, 68266, 39383, 65072, 33192, 51847, 62362, 84073, 64213, 27059, 54703, 98366, 29565, 75000, 62235, 47788, 68928, 36478, 76067, 47020, 81656, 16396, 21661, 50156, 54102, 65670, 17584, 30347, 21534, 10216, 80544, 45508, 21591, 15435, 14502, 16369, 42077, 38334, 17694, 75056, 53845, 13319)
Average QPS expected = 50126
Timestamp start: 1715813020493
Timestamp end: 1715813801903

#type       avg     std     min      p5     p10     p50     p67     p75     p80     p85     p90     p95     p99    p999   p9999      QPS   target
read      359.8   510.5    86.8   150.5   177.4   311.8   356.8   383.7   403.8   429.4   466.7   544.9  1652.7  6366.2 18584.9   7310.3     7434
read      358.4   303.5    68.9   127.1   146.1   319.7   404.5   454.1   492.7   538.2   593.7   678.3   962.6  3535.5  8324.6  66944.0    67201
read      394.4   464.2    68.9   136.0   159.4   337.9   420.3   470.1   510.5   562.9   634.0   744.4  1325.4  5019.6 12598.0  85655.4    85927
read      380.3   389.2    74.4   130.2   150.6   335.8   426.4   480.3   522.4   570.2   627.5   719.9  1058.3  4579.6 13626.3  63924.6    63953
read      368.3   487.5    68.9   121.1   139.3   314.4   409.2   465.7   506.5   548.3   596.9   670.9  1052.0  8093.9 12728.6  31801.1    31595
read      382.6   351.0    74.4   135.6   158.5   334.9   418.4   469.8   509.2   559.3   629.9   743.6  1203.3  3838.2 10378.2  87939.4    87879
read      432.0  1185.2    86.8   152.9   181.8   324.4   370.4   397.6   418.1   442.1   478.1   563.3  3635.3 20807.3 32445.3   7211.4     7287
read      424.2   664.9    68.9   128.3   148.7   329.1   421.6   480.7   526.2   582.7   662.5   878.8  1995.7  8569.4 29155.5  62058.9    62295
read      509.0  1849.2    86.8   155.3   184.2   323.3   366.9   392.2   411.0   435.8   478.7   577.4  4344.3 32071.3 47113.6   6539.4     6561
read      457.4   840.8    74.4   126.9   147.1   356.9   471.7   535.2   581.1   646.3   745.6   907.7  1882.8  9630.2 35889.1  22365.7    22532
read      392.5   312.3    68.9   128.3   149.0   331.4   425.7   484.5   528.2   580.0   646.0   777.5  1727.6  2971.3  5627.3  60589.7    60653
read      375.7   253.9    68.9   130.6   151.3   345.9   433.7   486.4   525.1   570.0   627.1   717.2   981.5  1757.7  8474.4  59402.9    59076
read      368.3   455.3    68.9   126.1   145.8   326.8   408.1   458.6   497.8   544.7   602.3   689.5   972.1  4332.8 11860.3  60328.6    60154
read      381.1   354.8    68.9   121.6   141.2   336.8   439.1   498.1   536.5   583.1   650.3   771.9  1094.3  2352.6  7933.7  23113.1    22964
read      363.0   534.5    80.4   148.4   176.8   330.6   384.9   414.4   435.1   464.1   502.1   562.6   932.9  5927.0 29654.6   8073.1     8172
read      375.3   260.5    74.4   124.8   144.5   333.5   433.6   494.3   534.0   575.2   626.8   725.8  1117.0  2030.9  8254.0  27564.0    27652
read      365.4   290.5    74.4   124.1   143.4   327.5   418.0   473.8   514.4   560.6   613.6   690.6  1016.7  2292.6 10630.5  37369.7    37594
read      366.3   389.0    68.9   121.2   139.5   320.7   417.1   468.1   501.3   537.8   581.5   656.3  1276.7  4038.5 13655.6  24480.0    24367
read      334.1   266.6    68.9   117.1   134.8   297.0   388.9   440.9   481.6   523.9   570.3   633.8   781.7  2342.1 10398.7  33908.0    33771
read      334.3   195.0    68.9   124.6   144.2   304.4   380.0   426.3   462.8   507.1   566.0   649.6   817.8  1522.9  4949.7  84756.0    84944
read      418.4   745.0    74.4   135.9   160.3   344.8   428.8   480.0   522.2   577.0   651.4   780.9  1452.9  8592.4 35441.5  85658.3    85666
read      388.9   399.1    74.4   130.2   150.7   341.1   433.5   492.4   536.5   585.4   642.9   733.8  1097.2  4962.8 14953.4  52000.0    51918
read      386.5   519.8    68.9   127.5   146.8   340.8   431.5   487.3   527.6   572.5   623.7   698.2  1066.6  7829.2 29210.1  34446.9    34406
read      347.9   287.3    68.9   119.2   137.8   312.2   403.9   457.7   495.6   534.5   580.1   649.2   935.5  1623.6 11598.9  28759.4    28664
read      358.8   407.1    68.9   121.0   139.8   318.7   398.9   448.2   487.1   532.1   585.8   667.0  1034.4  4619.8 13018.9  38289.7    38289
read      399.5   497.5    74.4   121.9   141.8   338.2   439.2   500.5   543.5   600.4   682.4   818.6  1396.3  4765.2 29400.2  20805.1    20658
read      372.5   397.5    80.4   129.7   149.7   337.2   407.3   450.7   486.4   527.6   582.0   669.6  1085.1  4540.7 11588.4  13820.0    13840
read      447.1   548.1    74.4   139.8   167.2   356.3   439.5   494.9   541.9   611.7   722.9   985.3  2010.1  5296.5 26679.3  93334.9    93419
read      380.9   397.0    68.9   133.9   159.0   328.2   406.1   454.2   492.9   542.5   608.9   727.6  1346.3  4382.0 12889.7  98077.7    98284
read      378.5   338.8    74.4   127.8   148.0   326.3   409.7   461.5   501.9   550.4   617.1   739.3  1510.9  3596.4  8645.4  71168.6    71313
read      385.3   494.2    68.9   123.4   142.4   327.3   408.5   459.0   499.7   546.2   605.8   712.9  1549.2  7547.8 12788.0  42290.3    42089
read      373.4   331.7    68.9   123.9   143.7   327.7   412.5   463.2   503.8   550.4   609.3   712.5  1361.5  4116.3 10237.9  46621.7    46458
read      379.6   424.4    68.9   123.4   142.1   328.4   415.4   469.7   508.5   549.3   599.3   691.3  1294.7  6041.2 17750.9  30646.9    30755
read      345.4   258.5    68.9   120.4   138.9   312.3   391.6   440.2   480.2   525.9   578.8   653.7   987.8  1921.0  8461.3  42887.4    42889
read      356.7   286.1    68.9   130.4   152.5   320.1   395.6   441.6   480.9   528.9   590.3   689.2   975.9  1837.9 12541.9  93400.0    93552
read      346.6   227.6    68.9   124.2   143.1   316.4   397.5   445.1   482.3   526.5   580.7   660.3   903.0  1624.6  6852.7  65626.9    65694
read      342.7   410.9    68.9   118.3   136.4   309.6   394.2   444.8   481.1   518.8   562.4   625.0   794.8  2590.0 11037.5  29814.9    29574
read      360.1   291.7    68.9   123.4   142.7   324.6   410.3   461.1   501.0   546.4   599.1   677.8   956.0  3537.2  9927.4  51436.0    51355
read      390.5   415.5    74.4   132.2   153.3   342.8   431.4   485.6   526.4   577.4   642.4   746.5  1213.3  5270.2 13081.5  67655.4    67361
read      382.0   519.4    74.4   127.3   146.6   342.7   422.3   465.9   497.3   533.3   580.6   670.6  1201.8  4265.6 30237.7  16269.7    16287
read      366.1   331.1    74.4   130.5   151.9   320.5   402.3   454.6   495.7   545.5   609.4   706.4  1099.4  2864.6 13016.9  81242.3    81508
read      355.3   249.5    68.9   130.1   151.4   317.9   396.6   444.0   481.7   530.8   593.3   685.6   961.0  2460.3  8099.2  87608.6    87619
read      440.1   555.7    80.4   150.0   181.5   377.6   459.6   511.7   555.0   616.3   701.2   852.6  1496.7  6496.7 30564.2  99371.4    99068
read      368.5   266.7    68.9   126.3   145.7   329.1   420.1   475.6   518.6   566.4   623.4   708.7  1055.9  2056.1  9139.1  51519.4    51267
read      358.4   289.5    80.4   130.9   152.6   341.3   403.6   437.6   465.3   497.9   539.0   612.4   877.2  3206.5 10196.0  11857.1    11822
read      438.2   396.9    68.9   143.3   172.1   362.2   444.1   495.3   540.8   607.6   715.3   946.7  1846.7  3212.6 12606.0  96980.6    97494
read      393.0   278.9    74.4   142.3   168.9   353.9   434.3   484.4   523.8   574.4   644.3   764.1  1064.8  2384.6  9867.1  97510.9    97350
read      365.1   422.9    68.9   124.3   143.3   324.2   409.5   460.8   499.9   545.0   598.8   678.5   975.9  5058.2 11935.3  55564.0    55460
read      385.4   331.1    74.4   134.8   158.2   341.9   423.4   472.2   512.0   564.0   635.2   747.0  1293.2  2775.7  8131.6  86218.3    85984
read      388.1   331.6    74.4   134.7   157.5   342.8   428.0   479.8   520.0   570.5   637.1   758.0  1259.8  2893.4 11718.0  81555.4    82043
read      357.0   218.6    74.4   125.2   144.4   328.2   412.8   462.3   500.5   544.8   597.7   678.8   934.9  1731.2  4642.4  53162.9    52873
read      391.9   648.3    74.4   129.3   150.2   344.7   419.6   463.1   496.3   534.0   582.9   676.0  1247.3  7020.3 41575.3  13982.9    13911
read      357.1   226.7    74.4   123.8   143.5   327.0   411.1   460.5   499.7   544.8   598.7   679.3   962.2  1738.8  7916.0  49945.1    49984
read      366.9   434.5    80.4   142.1   167.2   333.5   389.3   420.3   444.4   476.3   521.7   592.8  1071.2  7869.6 19271.3   9217.1     9274
read      387.9   353.2    68.9   120.2   138.8   325.3   435.2   497.5   538.2   588.8   665.0   837.3  1294.9  3930.4 15123.8  27456.6    27187
read      439.6   750.6    68.9   123.3   144.6   364.8   470.4   533.3   577.5   628.2   690.0   795.7  1468.0 12447.0 26528.2  18932.0    18735
read      479.0   519.3    74.4   138.0   165.6   369.9   460.2   516.4   567.0   642.4   806.0  1475.8  2172.9  4209.1 15745.2  85995.4    86505
read      389.7   336.1    68.9   139.4   164.7   345.5   425.9   476.2   517.3   568.5   636.9   748.6  1141.1  3237.1 15501.8  93077.1    93039
read      352.7   211.3    68.9   128.1   148.6   322.3   403.5   452.5   490.2   536.0   595.5   682.7   878.3  1439.1  6639.6  76054.9    75999
read      332.0   212.3    74.4   116.2   133.4   300.0   386.8   437.9   477.7   519.8   565.2   629.4   803.9  1709.6  6354.3  32399.4    32324
read      375.2   299.6    74.4   133.2   156.5   338.0   417.5   465.4   504.2   553.2   622.6   730.0  1019.5  2243.7  9907.9  84148.0    84255
read      383.8   365.7    68.9   130.2   152.9   328.1   410.5   462.3   503.8   555.6   625.7   747.7  1554.0  3489.9  8689.5  81769.1    81759
read      366.4   498.2    68.9   121.1   140.3   319.4   404.8   457.2   497.9   542.3   593.8   676.2  1193.7  5661.3 30316.8  37128.0    37291
read      368.6   340.4    68.9   126.0   146.1   332.2   419.5   470.6   510.6   558.0   616.8   703.5   987.5  2148.5  9887.9  53734.3    53818
read      358.7   513.3    68.9   118.3   136.2   311.3   401.4   454.9   493.4   534.4   580.4   652.3   946.3  7846.6 30691.6  30427.4    30297
read      351.5   354.8    74.4   117.7   135.6   305.2   398.4   453.8   493.0   534.1   582.2   656.0  1021.8  4877.3  8033.8  31565.7    31569
read      370.1   519.6    74.4   120.6   138.8   320.8   408.5   462.4   502.5   546.6   601.7   680.9  1045.4  7000.6 26009.8  38942.9    38927
read      386.4   459.1    80.4   139.2   163.4   342.0   404.5   436.9   463.4   495.7   538.9   622.4  1578.5  8306.9 12323.0  10622.9    10652
read      362.2   347.8    74.4   132.0   154.5   319.3   394.0   441.6   482.0   531.7   593.2   690.0   980.5  4250.1 14294.0  97558.9    98119
read      342.1   220.2    74.4   121.0   139.5   311.9   392.8   442.0   482.2   527.7   580.7   656.5   865.0  1510.7 10348.6  48097.1    48176
read      340.2   273.7    68.9   118.9   136.6   306.3   393.0   448.6   489.2   530.2   577.2   640.5   840.2  1674.8  8442.1  34683.4    34929
read      367.5   372.5    74.4   127.1   146.5   324.6   410.9   462.5   502.0   549.1   610.2   707.6  1066.1  3122.8 12235.4  69335.4    69735
read      372.2   347.3    74.4   122.6   142.6   332.1   425.1   473.5   506.4   545.3   605.0   737.4  1097.2  2513.7 16740.5  20792.6    20753
read      452.1   518.0    68.9   139.6   166.4   367.9   459.8   516.9   564.9   629.9   726.8   994.9  1973.0  5187.8 14610.9  84650.9    84642
read      365.8   320.6    74.4   123.7   143.0   326.6   411.5   465.7   507.0   553.3   607.3   689.2  1075.9  2542.6 13403.7  41908.6    42333
read      372.1   304.1    74.4   129.8   149.6   334.8   423.5   475.9   515.1   562.4   620.1   703.6   974.1  3991.4 10151.9  61708.6    61587
read      375.4   360.3    68.9   128.5   149.4   323.8   408.4   461.8   503.4   552.6   620.5   728.3  1241.9  4173.6 12268.8  78314.3    77998
read      338.9   317.4    68.9   129.4   150.7   306.0   379.8   423.6   457.8   500.7   558.8   640.9   825.0  2125.1  8947.1  97758.9    97625
read      428.6   800.7    74.4   126.2   145.8   340.2   443.9   501.6   539.7   585.2   651.5   796.8  1617.0 14514.2 30765.7  23941.7    23781
read      363.8   258.3    74.4   129.1   148.7   329.1   414.0   464.9   504.5   550.0   608.7   695.9   984.7  2083.9 11169.0  66718.3    66723
read      356.8   252.4    74.4   122.1   141.3   322.6   411.4   465.4   504.5   544.8   592.1   663.1   943.5  4098.3  5482.0  30968.0    31016
read      354.9   224.4    74.4   123.6   142.3   319.0   405.0   458.8   500.8   547.3   602.8   683.4  1055.7  1640.0  7295.9  47382.3    47394
read      372.0   231.1    74.4   135.5   159.3   333.2   413.8   462.3   500.6   548.4   614.9   725.9  1091.8  1943.1  4613.9  95374.9    95335
read      466.9  1654.5    86.8   157.9   184.0   297.9   338.6   361.8   378.6   403.3   442.9   543.2  4027.2 30394.5 37282.6   5316.6     5252
read      366.6   269.3    74.4   127.4   146.8   319.5   406.3   459.4   501.1   551.2   614.3   714.8  1349.9  2221.3  6911.6  65061.1    65908
read      440.8  1044.4    74.4   125.3   146.9   356.4   445.8   495.2   530.7   572.6   628.6   729.1  1685.3 14686.6 37999.6  16785.1    16889
read      397.3   604.0    68.9   121.2   140.8   318.4   410.6   470.0   516.7   568.6   631.7   762.6  1563.3  8523.5 28536.7  43072.0    42912
read      376.8   281.1    68.9   136.4   160.5   331.3   410.0   458.6   496.8   544.6   613.4   732.7  1244.7  3116.6  5932.1  99882.3    99898
read      340.7   242.7    68.9   118.7   136.6   308.3   405.6   458.5   493.5   529.5   570.3   630.6   817.7  1624.1 10012.6  26474.3    26385
read      408.4   354.0    74.4   122.5   142.7   350.9   471.7   532.9   579.1   635.8   716.7   846.5  1244.9  3441.4 14039.4  22394.9    22616
read      366.6   305.3    74.4   125.4   145.3   331.4   422.3   476.1   516.2   563.0   619.2   694.1   973.5  1791.2 11597.3  50381.7    50605
read      386.4   262.6    74.4   137.5   160.9   343.7   429.9   483.4   523.0   572.3   639.1   756.9  1181.8  2364.5  8047.2  90072.0    90283
read      336.9   232.6    68.9   118.1   135.9   307.1   400.5   451.9   487.9   523.8   563.8   623.7   779.8  1670.6 10559.5  26436.0    26273
read      377.2   493.7    74.4   123.7   143.7   325.3   412.9   467.5   510.3   557.5   613.5   693.2  1114.8  7496.8 12890.4  48444.6    48521
read      343.8   240.6    74.4   120.8   138.8   307.6   392.6   446.9   488.2   531.2   579.8   648.8   959.6  1938.4  8156.3  34134.9    34058
read      356.4   227.3    74.4   127.5   147.7   320.3   402.7   453.0   491.4   538.1   596.7   685.5  1037.6  1760.2  8007.7  75318.9    75648
read      388.0   325.9    74.4   128.5   147.9   341.2   436.9   494.5   533.3   582.0   653.5   785.9  1108.9  4565.5 10165.5  19777.1    19482
read      371.3   308.6    74.4   126.2   146.0   339.4   414.0   459.9   494.0   534.0   587.0   679.4  1063.4  3881.6  9943.5  15029.1    15054
read      395.3   392.0    68.9   129.2   151.5   336.0   424.4   478.9   521.9   576.0   646.0   784.2  1637.0  3304.6 14829.0  75494.3    75754
read      346.9   641.3    80.4   160.7   188.6   295.1   334.1   356.7   373.1   393.8   425.1   497.9  1289.4  8566.1 29103.8   5180.6     5187
read      415.9   671.0    74.4   127.0   147.5   349.3   439.1   492.6   530.9   579.3   649.0   781.1  1312.3  7849.3 31031.5  17702.3    17656
read      415.3   441.6    68.9   138.0   166.3   348.9   433.9   490.3   534.9   589.9   669.9   823.5  1693.6  2988.0 18643.2  96287.4    96343
read      363.0   542.1    68.9   120.2   138.6   304.9   392.0   447.6   491.5   537.4   588.2   667.4  1119.0  8201.6 29037.1  36854.9    36665
read      366.3   276.2    68.9   129.3   151.3   322.0   408.6   462.5   503.6   552.9   618.6   724.4  1077.6  2026.2  9155.9  85260.6    85269
read      355.1   311.0    74.4   120.5   139.2   316.5   418.5   477.9   517.8   558.8   605.2   670.8   851.9  1774.7 14128.9  31522.9    31525
read      372.6   316.0    74.4   126.2   147.0   328.2   416.5   470.0   511.2   561.1   624.8   721.3  1179.4  2359.4 12478.1  61886.3    61798
read      378.5   527.3    80.4   131.7   154.1   342.7   407.1   443.7   471.4   503.7   544.0   616.1  1001.6  8226.8 12803.5  12099.4    12253
read      413.4   483.9    68.9   121.2   141.3   341.8   464.3   532.7   579.5   640.2   739.9   886.3  1321.3  4788.7 24851.9  25809.7    25710
read      394.7   362.6    68.9   129.0   151.3   330.6   417.4   471.0   513.2   568.9   645.2   799.2  1820.7  3401.0  9782.6  79741.7    79937
read      347.4   437.2    86.8   148.3   175.3   311.9   354.8   379.4   399.0   424.2   458.2   527.4  1041.2  7721.3 13853.6   7298.3     7271
read      393.0   463.5    68.9   135.2   159.3   344.4   426.9   480.4   522.2   575.1   643.9   754.0  1173.4  3653.3 14515.4  85629.1    85861
read      402.2   529.5    74.4   135.8   161.2   346.2   429.6   484.2   527.0   580.0   648.3   765.0  1212.1  5472.8 29032.6  91260.0    91467
read      364.6   310.1    74.4   127.8   147.8   322.8   406.7   459.7   499.9   547.4   611.0   708.0  1038.8  3003.1 10192.3  72225.7    72217
read      355.6   357.8    74.4   121.8   140.5   313.5   409.0   466.8   506.3   547.4   592.9   664.2   917.8  2182.4 18306.6  31039.4    31080
read      372.9   262.0    68.9   131.1   153.2   334.8   419.2   470.5   512.0   561.6   624.2   723.1  1052.7  2002.7  8739.2  76978.3    76878
read      378.7   380.6    74.4   133.4   156.1   335.8   418.4   468.9   508.9   558.7   627.9   733.6  1058.4  3718.7 10905.0  84689.1    84584
read      349.9   307.7    74.4   132.9   153.7   332.9   394.7   427.2   451.8   480.8   515.0   568.2   850.4  3774.8 12344.8  12534.9    12492
read      358.7   403.7    74.4   123.1   142.3   315.3   397.8   448.0   487.3   534.4   590.0   671.8  1022.4  4741.7 11292.8  57190.9    57106
read      395.4   308.9    74.4   141.9   167.9   352.3   433.3   486.6   528.2   579.4   647.4   761.9  1115.7  3210.6 11219.0  96202.3    96245
read      364.0   784.5    86.8   150.2   180.1   310.3   353.6   379.3   398.9   425.6   462.9   528.7  1422.4  6994.5 31948.9   6823.4     6791
read      488.9   671.0    74.4   145.2   176.2   392.2   481.2   535.9   583.3   656.7   788.7  1092.4  2132.8  8066.0 28248.7  89561.7    90728
read      337.2   650.8    80.4   158.3   183.3   287.7   325.9   348.6   367.3   389.1   420.3   496.0  1413.9  6456.0 35386.1   5185.7     5151
read      362.3   309.7    68.9   128.0   149.8   319.8   402.1   452.1   491.7   540.7   606.2   704.6  1006.7  2882.1 12265.6  82274.9    82969
read      354.8   300.2    68.9   124.8   144.3   314.4   400.1   456.0   497.8   545.4   598.3   682.0   991.5  1986.1 12521.7  42694.3    42635
read      407.9   271.6    74.4   145.6   175.2   364.3   448.7   501.2   543.3   597.0   675.2   804.1  1182.6  2526.8  8115.0  99205.7    99337
read      392.5   307.9    74.4   144.0   170.0   349.8   433.0   485.3   527.3   580.0   649.6   766.6  1102.2  1942.9 10041.0  95284.0    95192
read      357.4   262.4    74.4   130.0   150.0   321.7   404.8   455.2   495.0   542.5   600.3   683.9   927.0  2022.1  9462.4  69077.7    69200
read      365.8   321.3    68.9   128.1   147.8   330.7   417.2   468.2   508.3   554.0   610.6   690.1   973.5  1913.8 16340.5  49577.1    49459
read      358.2   298.8    68.9   123.8   142.6   316.4   415.2   474.5   513.4   554.5   601.2   670.8   990.5  2987.1  9829.4  29230.9    29055
read      350.5   402.0    68.9   124.6   144.0   310.5   393.3   440.7   479.2   523.7   577.3   657.2   891.6  4445.1 13528.6  64317.7    64324
read      348.1   631.4    93.8   165.7   192.1   309.2   346.5   368.9   385.7   404.3   432.4   496.7   883.5 11322.7 30108.6   5730.9     5705
read      396.7   354.4    68.9   137.0   160.7   342.5   426.6   479.5   520.5   572.9   643.5   778.9  1551.2  3690.2  8001.4  84244.6    84816
read      366.5   380.2    74.4   122.7   141.9   322.2   418.2   471.9   509.8   550.5   608.0   710.6  1128.7  2288.4 16097.4  23676.6    23714
read      383.6   471.9    68.9   128.6   149.8   329.6   417.5   469.8   508.5   555.5   618.3   727.4  1434.9  5622.0 20538.9  73985.1    74116
read      418.3   444.3    74.4   129.2   150.5   349.7   447.0   504.6   544.7   597.4   687.4   842.5  1880.4  5307.9 10138.9  20014.9    19948
read      403.8   379.2    74.4   129.4   150.2   343.7   438.0   499.6   544.5   598.7   665.8   806.8  1538.5  3719.7 15572.8  44205.7    44213
read      413.6   558.4    74.4   128.8   149.7   343.8   437.7   489.4   525.4   566.0   622.3   742.1  1889.2  6753.5 16146.0  19498.9    19454
read      455.1  1269.1    86.8   148.5   178.6   326.0   378.2   405.9   428.3   458.4   504.4   615.7  4405.0 16822.1 37494.5   7186.3     7190
read      354.9   330.3    68.9   122.4   141.9   319.4   399.7   449.5   489.7   535.7   588.7   666.7   931.8  3407.3 12592.5  47724.6    47657
read      383.1   546.5    74.4   127.9   147.8   336.7   423.5   475.7   516.1   561.5   618.8   699.2  1085.9  8116.4 28445.8  44237.1    44399
read      373.7   642.0    86.8   158.5   187.0   315.0   356.8   381.0   399.2   423.3   457.7   521.7  1551.1 10323.5 19919.0   6513.1     6481
read      355.6   454.4    93.8   163.5   192.3   314.7   356.5   381.5   400.3   424.0   456.7   525.2  1332.1  7829.6 11957.9   5729.7     5807
read      383.1   307.3    74.4   137.1   159.8   340.5   424.5   475.2   516.6   566.9   633.5   740.4  1114.2  3159.9 10190.9  82803.4    83137
read      359.7   682.4    80.4   139.8   163.3   322.4   372.2   400.5   421.9   448.4   487.5   545.5  1436.3  5573.1 32111.8   9627.4     9580
read      369.2   252.4    68.9   129.7   149.8   334.3   424.1   482.2   522.6   567.3   620.0   691.9   963.7  1706.4  8009.9  37149.1    37385
read      374.9   389.7    74.4   129.6   150.0   328.9   423.2   484.6   527.3   571.9   624.3   694.7  1001.9  3898.9 12305.0  33802.3    33706
read      348.8   212.7    68.9   122.8   142.1   309.9   402.5   463.0   506.2   549.3   599.5   669.4   901.5  1657.2  5484.8  35045.7    35204
read      354.7   264.2    68.9   121.9   141.1   315.7   401.0   453.0   495.1   543.0   597.6   680.5  1011.3  2933.7 11997.4  50512.6    50438
read      365.8   449.9    74.4   124.5   144.7   321.4   406.1   459.6   500.9   547.3   603.7   684.0   956.7  4113.7 15345.0  48773.7    48878
read      379.0   303.8    74.4   131.5   152.4   340.4   428.0   483.5   526.7   575.4   632.0   717.8  1099.3  2224.0 10873.3  42641.7    42682
read      355.0   260.3    74.4   131.4   150.4   318.7   410.3   465.4   503.6   542.3   588.6   662.2   878.9  1659.1 12177.7  27265.7    27416
read      382.2   296.0    74.4   132.4   154.0   343.6   434.4   488.9   528.6   576.0   636.5   728.4  1064.6  2251.1 11024.1  64568.6    64424
read      371.3   273.3    74.4   129.7   150.6   333.4   422.6   475.2   515.0   561.2   618.5   704.5  1014.7  3000.0  9752.7  64533.7    64364
read      363.2   738.6    86.8   163.1   190.1   309.0   346.1   368.6   386.7   409.5   450.8   526.3  1651.4  6581.8 41124.2   5447.4     5481
read      399.7   334.7    74.4   124.9   145.0   335.7   452.7   520.5   566.6   623.2   708.2   860.9  1284.0  2460.0 11000.1  25914.9    26227
read      360.4   341.7    74.4   122.5   141.7   317.0   405.1   458.3   496.8   535.6   581.2   660.7  1129.0  4788.8 10800.8  26653.1    26586
read      393.9   273.9    74.4   138.0   163.0   350.2   436.8   491.0   531.9   583.2   652.9   771.2  1192.9  2658.3  8452.2  85933.7    86286
read      390.9   605.0    68.9   122.7   141.9   320.6   418.6   475.7   515.9   556.7   617.5   743.6  1255.8 10515.4 24383.1  24297.7    24452
read      361.7   342.2    74.4   123.9   143.0   318.6   418.3   476.6   514.0   554.2   599.5   668.6  1004.2  2885.0 10720.4  26974.3    26832
read      361.4   227.7    74.4   126.9   146.6   324.5   416.9   478.1   519.0   561.2   611.0   683.6   978.7  1659.4  7764.0  29968.6    29795
read      361.5   250.9    68.9   124.1   143.7   325.6   414.0   469.0   512.1   559.3   616.2   693.4   949.5  1836.2  8445.2  46401.1    46224
read      352.5   216.8    68.9   128.8   150.3   318.4   396.1   443.9   482.8   530.8   594.6   689.3   923.9  1884.2  5656.9  85369.1    84587
read      366.0   239.4    68.9   127.9   148.5   332.2   419.9   471.3   511.7   558.5   616.7   699.7   978.7  1718.8  8240.4  63238.9    63389
read      354.9   241.0    68.9   122.1   141.9   317.9   406.2   462.5   505.0   551.3   607.2   684.0   955.2  1618.2  7946.6  47299.4    46953
read      383.2   351.4    68.9   135.3   160.4   339.1   422.2   473.1   514.1   563.5   629.7   740.6  1105.2  3045.2 12965.3  90606.9    90536
read      360.8   263.0    80.4   132.2   153.8   342.4   410.3   447.9   477.1   511.0   556.7   628.0   921.6  2374.5  7777.0  12579.4    12508
read      374.9   515.5    74.4   123.1   142.8   322.4   415.3   471.9   514.4   561.7   617.7   701.4  1128.9  5888.3 26473.8  38188.0    38491
read      422.6   283.2    74.4   157.0   187.9   379.5   463.2   516.6   556.9   611.4   690.1   821.7  1180.7  2176.1  9357.7  98048.0    97806
read      438.4  1093.0    74.4   138.3   162.6   348.7   417.3   454.6   481.6   511.6   551.8   638.3  2528.7  9944.6 34914.9  11892.6    11813
read      358.9   254.2    68.9   123.3   142.6   320.4   412.7   472.1   514.9   561.0   613.3   685.6   948.5  1733.0  7018.0  39590.3    39665
read      356.2   266.1    68.9   122.5   142.3   320.1   403.6   455.1   496.2   545.1   603.6   682.4   992.7  1960.8 10445.4  53472.6    53571
read      383.8   391.0    68.9   129.6   150.2   336.5   429.9   483.9   524.8   574.9   636.0   730.9  1126.8  4112.6  9845.1  63280.6    63215
read      361.0   253.0    68.9   129.1   150.5   324.4   407.1   457.8   497.3   546.9   609.4   698.6   959.5  1807.9  8068.0  79005.7    78767
read      359.1   387.0    80.4   147.4   175.1   332.1   384.0   413.0   434.6   463.0   500.9   559.0   854.9  7287.6 13179.8   8509.1     8615
read      424.8   523.5    68.9   132.9   155.3   347.1   438.7   494.8   537.6   591.5   669.9   841.5  2082.5  5771.9 14601.6  67603.4    67903
read      375.7   365.5    74.4   129.8   150.2   338.1   416.7   459.5   492.5   529.7   579.3   672.9  1165.4  5560.3 11187.0  16409.1    16398
read      379.6   299.6    68.9   130.7   151.1   344.2   432.5   487.8   528.4   575.4   633.5   722.6  1048.7  2041.9 11719.8  53430.9    53434
read      375.0   515.7    68.9   123.7   143.6   318.3   410.4   467.8   510.5   556.2   607.2   682.8  1083.4  7942.2 19578.0  37740.0    38068
read      354.0   355.3    86.8   145.3   170.5   332.4   383.3   407.6   425.9   449.2   482.9   537.8  1110.2  5868.0 10990.7   9162.3     9130
read      373.1   261.1    68.9   129.9   150.8   334.9   421.9   473.2   512.7   560.5   622.4   723.3  1091.3  2470.8  9192.1  68571.4    69227
read      347.5   242.1    68.9   121.6   140.9   311.2   399.6   456.6   500.6   545.1   595.2   665.8   857.7  1579.7 12288.9  37637.7    37496
read      390.3   330.2    68.9   137.0   161.2   348.1   434.4   488.6   529.8   580.1   644.3   751.1  1086.7  2282.4  9997.3  83905.7    83925
read      360.1   421.9    74.4   124.3   144.5   325.2   412.2   462.4   501.1   544.5   599.0   679.5   936.7  1824.9 13443.0  51311.4    51037
read      364.2   268.1    74.4   129.5   149.1   331.8   415.1   470.4   512.4   554.8   606.6   683.0   957.5  1753.1  9901.1  33866.9    33690
read      366.9   358.9    74.4   125.1   145.8   328.9   411.5   462.6   502.9   548.7   604.4   683.6  1009.4  3954.5 12350.5  51166.9    51474
read      387.5   297.9    74.4   134.4   157.1   342.1   428.8   483.2   525.7   578.7   644.7   747.4  1219.2  2996.2  8632.1  73960.0    73708
read      450.4   405.3    74.4   159.4   195.3   399.2   484.8   537.5   582.6   643.8   735.9   874.2  1267.0  5014.9 10192.2  98748.6    98618
read      415.1   480.7    74.4   138.4   164.0   356.8   442.9   496.7   539.6   594.6   671.8   800.5  1515.2  5408.0 21938.6  82057.7    81977
read      385.1   282.5    74.4   136.5   161.4   342.1   425.6   476.3   516.3   566.1   634.2   746.8  1153.5  2760.4  8957.1  91720.0    91567
read      365.2   292.5    74.4   125.8   145.9   331.1   417.5   471.4   512.5   559.3   614.2   688.9   958.5  1922.6 13149.9  48081.7    48236
read      370.8   247.7    68.9   134.6   158.8   333.8   414.7   464.5   504.3   553.7   620.5   722.2   999.1  1745.6  9018.8  91572.6    91726
read      363.1   321.6    68.9   123.0   142.3   319.0   406.3   462.7   504.8   551.9   610.3   692.4  1063.5  4170.2 11046.6  52542.3    52458
read      360.8   303.8    68.9   125.9   146.2   318.4   405.7   461.2   502.3   550.4   610.5   695.4   968.2  2610.5 10835.4  70228.6    70467
read      381.1   267.7    68.9   131.7   153.6   342.9   431.0   482.3   522.3   571.7   634.7   736.3  1072.7  2815.2  9709.4  71096.0    71151
read      371.3   265.8    68.9   129.8   151.4   335.7   424.7   476.2   516.0   562.9   621.4   708.2  1007.0  2033.2 10192.0  65153.1    65016
read      357.6   279.1    68.9   123.9   144.0   322.4   410.2   464.1   505.2   551.3   603.4   676.4   918.5  1635.8 15149.8  42498.3    42057
read      379.4   247.9    68.9   133.8   156.5   341.4   427.0   480.8   522.2   572.0   636.6   736.6  1056.3  1865.8  8852.8  78983.4    78821
read      384.9   492.5    74.4   129.9   150.8   340.2   426.5   476.4   515.2   562.2   620.3   708.9  1119.8  6495.1 28483.7  60467.4    60720
read      354.9   236.0    74.4   122.9   142.3   320.9   407.5   461.4   502.4   546.5   599.4   678.5   943.2  1680.6  7743.5  39821.1    39911
read      372.3   402.1    80.4   136.3   158.5   335.3   392.8   425.9   452.3   485.9   528.6   600.6  1513.2  5492.5 12477.1  10481.7    10628
read      372.4   315.4    74.4   131.1   151.9   331.3   414.2   466.8   507.2   557.1   622.7   724.2  1081.9  2701.0 12550.6  73240.0    73736
read      392.4   852.4    86.8   149.9   176.9   324.3   370.7   397.7   418.5   443.9   483.0   553.8  1767.4 10018.3 34745.4   7386.9     7334
read      439.3   387.6    68.9   139.2   166.0   366.9   458.3   511.6   555.2   615.4   716.7   968.6  1865.3  3107.8 12083.7  91190.3    91868
read      384.1   316.6    74.4   134.7   157.5   343.4   426.7   480.1   522.2   573.9   640.8   747.6  1088.5  2833.6  8256.6  76908.6    76670
read      501.8  1624.6    74.4   138.8   163.7   343.6   399.3   429.8   455.4   487.6   532.4   619.3  3999.5 22127.5 36663.9  10349.1    10405
read      470.9  1239.5    74.4   120.7   139.7   329.0   437.2   498.0   538.9   588.4   672.4   831.1  2607.8 17631.2 36670.9  25730.9    26019
read      396.4   581.9    68.9   129.1   148.9   337.2   427.3   482.0   522.5   571.5   632.5   735.9  1354.7  7965.3 28609.4  55569.1    55530
read      354.2   288.4    68.9   121.5   140.4   319.0   411.5   468.8   506.8   544.4   590.6   662.3   895.2  1751.2  9805.3  29593.7    29615
read      369.9   254.9    74.4   131.9   152.1   332.0   419.9   471.8   512.7   562.2   622.5   712.9  1044.8  1885.8  8954.0  66303.4    66057
read      372.1   258.9    68.9   131.1   151.1   336.7   425.2   478.8   519.7   567.1   625.8   713.7   996.8  1867.2 10637.6  55174.3    55281
read      509.5  1744.9    80.4   129.1   149.3   348.9   451.2   505.0   540.0   581.8   636.4   762.4  1713.3 31474.2 40296.1  20965.7    21177
read      389.6   389.1    74.4   136.8   160.4   342.3   426.1   476.3   516.3   566.6   634.7   744.9  1163.0  4675.8 12258.0  88215.4    88239
read      394.6   322.3    74.4   134.5   156.6   349.3   436.5   492.9   535.1   586.7   653.0   763.3  1231.9  3923.6 10446.4  70242.9    70227
read      494.9  1445.0    74.4   126.7   146.6   344.6   452.3   511.4   548.9   597.9   672.9   840.5  1941.4 26653.2 39176.9  23648.0    23421
read      554.9   736.1    68.9   169.1   219.7   454.7   528.6   587.9   660.7   785.8   913.4  1139.0  2108.5 10943.8 30433.9  97562.3    97104
read      653.9  2363.7    74.4   160.1   187.8   318.9   358.9   382.6   401.8   427.6   479.2   799.9 12404.8 32091.3 40311.1   6214.3     6235
read      392.5   713.9    68.9   125.8   146.0   322.5   409.4   464.0   505.7   555.7   617.9   720.1  1434.1 10220.1 32419.6  57887.4    58045
read      454.9  1397.4    68.9   120.9   140.2   329.4   429.9   486.5   523.0   562.8   615.3   718.3  1273.7 26433.6 37405.0  23625.1    23729
read      356.2   304.4    74.4   123.9   142.7   319.9   405.9   459.7   500.9   546.8   603.6   677.8   922.2  1642.9 11428.5  41130.9    40897
read      435.7   749.8    74.4   130.8   151.9   340.9   434.4   492.3   534.7   585.7   659.1   818.4  2064.2  9501.5 31358.7  52897.1    53312
read      409.6   515.1    74.4   136.9   161.1   343.6   429.1   481.6   524.3   579.0   655.9   792.1  1548.0  7256.1 17487.8  87189.1    87262
read      394.3   361.3    68.9   134.4   157.0   339.8   425.7   480.5   523.1   576.2   648.4   778.4  1565.4  3472.7  9666.0  81820.0    81836
read      477.4   831.5    74.4   145.7   175.8   368.5   451.9   509.3   559.7   628.0   726.7   927.2  2011.4 12597.2 30415.3  92172.6    92274
read      374.8   302.2    74.4   126.1   145.8   334.8   425.9   483.5   526.7   574.7   631.6   722.4  1056.6  2615.8 12615.3  47180.0    47252
read      382.5   482.3    68.9   129.7   151.1   331.4   418.6   472.6   514.8   566.4   632.3   737.2  1168.2  3408.5 17163.9  76076.6    75747
read      385.7   385.7    74.4   133.6   156.0   337.0   423.1   476.0   518.4   570.1   639.2   755.4  1183.8  2717.0 15175.1  81537.7    80994
read      419.5   486.3    74.4   146.7   175.2   362.8   445.7   499.2   541.7   597.4   675.0   801.5  1230.2  6206.1 17867.5  98049.7    98224
read      471.3  1367.1    86.8   148.4   175.5   330.2   379.1   405.9   428.5   458.7   498.8   584.4  4564.3 24493.4 36653.6   7824.6     7737
read      440.4  1220.4    74.4   122.5   142.1   325.5   424.6   487.0   530.6   577.9   634.4   731.9  1446.9 17296.9 39186.6  37302.9    37514
read      502.2  1798.5    80.4   139.4   163.0   336.8   394.5   426.4   451.3   482.6   523.3   597.8  3004.7 31239.8 37442.0  10740.0    10640
read      398.4   348.7    74.4   139.7   165.0   347.8   433.0   486.7   527.5   578.6   648.2   775.1  1316.5  3395.6 12682.2  90372.6    90490
read      359.9   313.9    68.9   130.6   152.6   318.3   396.9   445.6   485.1   534.2   596.5   697.7  1037.3  3297.1  9900.8  92835.4    92514
read      363.5   355.4    68.9   131.5   153.1   321.1   399.9   449.7   488.5   536.0   598.0   690.6   993.6  2752.0 12584.2  89058.9    89245
read      363.2   252.3    68.9   128.2   148.7   321.8   407.6   459.2   499.3   548.1   608.7   703.8  1081.9  2542.0  7432.9  73863.4    73823
read      352.9   236.7    68.9   119.9   139.2   316.5   403.5   460.1   501.7   548.5   602.5   679.5   979.9  1780.1  8045.6  46600.6    46565
read      386.3   302.6    74.4   122.9   142.1   340.4   443.7   500.9   541.4   593.3   661.1   788.9  1168.9  2298.4 10059.6  21507.4    21419
read      364.8   293.7    68.9   123.9   142.9   310.6   396.9   451.3   494.5   544.2   606.3   704.8  1555.9  3358.3  7142.3  66889.7    66915
read      370.7   414.4    74.4   121.4   139.7   319.1   414.6   474.0   515.0   558.7   609.1   685.3  1203.1  4867.5 10964.0  31616.0    31667
read      348.7   245.4    68.9   123.8   143.3   309.2   392.0   443.9   485.3   532.9   590.1   676.9  1007.0  2290.8  7441.2  72465.1    72255
read      358.6   278.0    68.9   130.4   152.8   315.8   394.0   444.1   484.8   533.9   596.6   699.7  1047.3  2801.2  9790.1  99645.1    99535
read      370.1   694.4    80.4   137.0   161.3   318.7   365.3   392.1   412.0   435.2   471.9   532.5  1771.6  7997.9 28752.3   9205.1     9226
read      356.3   274.2    74.4   125.2   144.7   315.1   400.7   453.8   494.2   541.6   598.3   687.3  1028.8  2952.1  9551.0  67706.9    67844
read      367.9   274.5    68.9   127.6   147.7   327.7   415.3   467.0   505.6   553.7   617.5   716.7  1081.0  2223.0  9425.8  71321.7    71413
read      361.2   217.1    74.4   132.8   155.6   322.1   399.9   450.0   490.3   539.4   602.6   704.8  1027.4  2122.9  4222.0  97580.6    97328
read      364.3   239.6    68.9   126.6   146.0   329.8   418.6   469.7   509.5   555.9   614.3   702.2  1027.0  1885.0  7827.4  54970.3    55113
read      373.4   278.7    68.9   128.1   147.7   336.9   429.2   484.4   525.6   572.6   629.7   716.0  1027.0  1948.4  8602.7  53943.4    53743
read      380.8   367.0    74.4   128.2   148.9   348.1   428.8   479.6   513.6   551.3   603.2   690.6  1098.3  3165.4 15869.5  15214.9    15253
read      385.9   465.6    68.9   132.0   154.9   330.0   408.6   459.5   501.4   553.7   624.9   738.0  1184.2  6393.0 15143.3  90685.7    90605
read      477.7  1404.8    68.9   119.6   138.3   326.3   429.8   486.4   525.6   571.9   639.3   817.2  1985.1 18934.9 39724.9  25507.4    25767
read      423.2   347.8    74.4   138.1   163.9   353.0   443.0   500.2   544.7   604.4   692.9   914.1  1813.0  3079.0  7898.9  93616.0    93458
read      362.9   289.6    74.4   134.2   156.9   321.9   398.8   447.9   488.7   537.6   601.0   705.3  1038.0  2299.2 11670.8  94739.4    95080
read      368.5   248.0    68.9   133.1   156.3   331.0   409.5   458.8   497.5   545.5   611.6   718.5  1027.5  2298.9  7764.7  88481.7    88399
read      383.1   244.8    74.4   137.7   164.0   344.4   424.7   475.8   516.0   566.6   635.0   747.0  1055.2  2527.6  7620.5  95669.1    95681
read      338.4   246.2    68.9   116.9   134.2   300.5   391.6   447.9   491.8   533.5   578.7   645.7   877.2  1716.0 12156.7  32920.0    33003
read      427.1   398.5    68.9   149.0   180.4   377.1   461.1   513.0   554.9   612.8   697.7   848.4  1261.3  3165.4 12634.9  99091.4    98809
read      384.5   393.7    74.4   130.6   151.5   339.5   429.1   482.3   523.3   573.3   634.8   734.1  1123.2  4672.3 13646.1  64832.6    64610
read      375.1   473.7    74.4   127.9   147.3   328.6   415.1   468.2   510.1   558.4   616.1   698.9  1072.8  5662.4 12958.9  50952.6    51183
read      375.5   545.7    74.4   121.3   141.0   327.5   421.2   473.2   507.2   548.5   604.6   710.0  1159.3  2857.9 30806.4  20372.0    20194
read      461.4  1195.6    86.8   145.5   173.1   329.7   380.2   411.2   436.6   471.7   520.3   644.2  4014.6 20746.2 32252.1   7650.9     7602
read      374.9   325.5    74.4   127.4   147.1   331.8   421.4   477.8   520.7   569.8   626.7   721.1  1223.6  2183.1 12884.8  46270.3    46677
read      312.6   363.7    93.8   155.0   183.9   289.9   322.9   342.3   357.1   373.7   399.3   448.5   640.4  5608.9 17616.0   5534.9     5577
read      333.4   262.2    74.4   118.7   136.1   309.1   393.0   439.2   474.3   509.2   547.5   608.2   797.8  1618.3 13954.5  22774.3    23035
read      361.4   256.1    68.9   127.6   147.2   324.1   412.6   467.0   507.7   554.5   613.3   696.0   950.6  1979.3  8995.5  57854.9    57516
read      356.5   236.0    74.4   125.5   145.2   320.0   403.3   455.2   494.9   542.4   600.5   686.1  1016.1  2183.6  8129.1  62952.6    62851
read      364.2   443.9    74.4   122.2   141.2   317.3   404.2   460.4   504.0   550.6   602.9   678.3   984.5  5819.7 15782.0  38915.4    38431
read      360.0   267.1    74.4   123.7   142.0   325.9   423.1   481.0   517.3   551.1   593.1   660.1   931.6  2044.2 12199.7  25662.3    25729
read      373.8   538.9    74.4   125.0   143.6   330.0   413.9   458.7   489.9   523.9   564.8   626.2  1038.1  7959.6 24457.6  19562.9    19443
read      349.2   260.0    74.4   125.0   142.9   331.5   417.8   462.1   492.8   524.8   559.6   614.8   782.4  2286.5 12101.3  19460.0    19461
read      353.6   280.6    74.4   123.0   142.0   316.6   404.0   460.0   501.4   546.3   599.3   674.5   893.5  1756.2 14078.2  42408.0    42341
read      311.0   249.9    93.8   155.3   183.2   295.7   330.8   348.9   363.8   381.0   404.7   454.5   658.7  2989.9 11072.2   5721.7     5691
read      351.7   230.4    68.9   122.0   140.4   317.5   402.4   458.8   499.8   544.9   597.2   675.0   925.2  1728.9  5440.1  39816.6    40223
read      359.2   390.3    68.9   117.5   135.2   306.1   396.8   452.8   493.0   533.7   580.6   661.7  1253.0  4414.9 12691.0  29914.3    29941
read      345.5   254.4    68.9   119.6   137.4   307.2   393.9   449.8   494.2   539.9   590.0   663.7   862.1  3766.3  6869.9  41195.4    41162
read      366.2   521.4    74.4   123.1   141.0   315.9   401.6   456.6   498.8   545.9   599.8   676.2  1016.1  7693.0 29367.7  43828.6    43863
read      331.5   258.7    74.4   119.6   138.0   310.5   393.6   434.8   465.7   496.4   532.1   583.5   772.2  1730.5 11705.2  20417.7    20318
read      352.1   248.6    68.9   129.7   151.7   314.2   389.6   436.1   476.3   525.0   586.8   683.4   996.4  2023.0  7937.4  93388.0    93421
read      360.9   243.2    74.4   126.2   145.3   330.8   416.6   468.3   508.4   554.6   611.8   684.8   908.1  1663.0  8425.9  48912.6    48578
read      374.0   719.2    68.9   119.9   138.0   311.3   399.7   455.6   499.4   544.4   597.4   677.1  1040.3  9996.5 34994.4  40578.9    40595
read      336.7   331.5    74.4   121.6   140.0   319.2   400.2   437.5   464.3   493.1   526.0   572.3   715.6  4708.4 12786.9  17912.6    17677
read      350.3   253.2    68.9   126.2   145.5   310.1   390.1   439.7   480.2   528.9   588.0   678.9  1066.0  1983.7  7911.9  78680.6    78948
read      321.5   284.9    74.4   135.5   157.8   310.7   356.7   381.9   399.6   423.2   454.6   503.7   670.6  2146.3 10953.0   9901.7     9703
read      325.6   379.0    80.4   137.6   160.2   312.4   357.9   381.5   398.6   419.8   447.0   492.3   628.4  4963.3 17026.9   9568.6     9686
read      315.6   236.0    74.4   144.3   168.6   308.0   349.3   370.2   386.7   405.1   431.2   473.2   590.4  3617.4  8056.9   8053.1     7968
read      341.4   276.5    74.4   125.3   145.1   326.3   396.2   431.3   457.3   486.2   519.9   575.5   794.9  4176.0  9311.7  15861.1    15830
read      306.8   214.9    86.8   139.0   163.0   298.2   337.3   359.9   375.8   395.5   421.5   469.9   640.6  2262.3 11313.3   8330.9     8192
read      356.1   256.1    74.4   129.2   149.6   317.8   399.2   450.6   491.0   539.2   603.4   691.2   988.3  1739.5  8009.4  79204.6    79410
read      354.1   231.2    74.4   128.3   148.4   318.6   401.8   451.6   489.5   534.9   594.2   684.3   929.5  1879.9  7633.9  76461.7    76582
read      367.3   341.8    74.4   127.7   147.6   330.3   414.8   467.2   506.7   551.6   610.3   688.2   937.8  4162.8  9412.5  54720.6    54634
read      346.1   304.1    68.9   124.3   142.9   309.5   388.8   436.6   474.8   520.9   576.7   655.2   894.8  2832.7  9925.4  71930.9    72177
read      337.1   344.4    74.4   126.5   144.6   316.3   382.0   418.3   443.8   473.6   507.8   562.5   734.9  6545.7 10198.1  15148.0    15101
read      346.7   713.6    80.4   138.8   165.0   303.6   345.8   369.6   386.6   404.7   432.6   482.9  1216.2  8486.2 36581.1   8266.9     8167
read      370.3   322.5    74.4   128.1   147.2   327.3   415.3   470.0   513.0   560.5   616.8   698.6  1049.8  4196.4 13251.1  44011.4    44130
read      348.6   246.8    74.4   125.1   144.6   315.4   395.5   444.8   484.9   530.9   585.7   667.9   905.4  1861.2  8051.6  53088.0    53047
read      379.9   230.7    74.4   139.0   164.1   341.1   424.5   476.1   515.6   563.6   627.6   735.1  1066.6  2043.7  5136.8  96819.4    97171
read      344.1   221.1    74.4   128.1   147.7   311.1   388.2   434.3   471.8   519.1   579.0   661.6   871.3  1775.5  5845.3  81362.9    81360
read      352.2   221.5    68.9   129.4   149.3   318.0   400.2   450.5   488.4   533.1   588.4   671.3   903.1  2255.6  6102.9  77126.3    77277
read      334.0   217.5    74.4   120.9   139.1   302.3   381.0   432.3   474.4   519.6   568.4   636.4   812.4  1486.1  7618.4  38442.9    38294
read      347.3   688.8    80.4   130.0   150.2   311.7   362.8   390.1   409.5   432.0   462.3   507.7   738.0  9194.7 36095.8  11227.4    11165
read      339.1   218.6    68.9   124.1   143.0   306.0   388.6   435.1   471.4   515.8   571.9   651.6   898.9  1645.7  8024.2  74020.6    74155
read      329.9   319.3    80.4   128.9   149.4   311.9   365.1   394.4   414.5   435.6   465.2   507.8   718.6  5737.3  9811.0  12365.7    12255
read      346.9   256.6    74.4   125.3   144.0   312.1   390.7   436.3   476.2   522.5   579.0   657.4   929.1  3344.4  9597.9  52430.3    52404
read      338.5   273.5    80.4   129.0   146.7   321.4   395.7   433.5   461.2   490.9   525.7   579.0   773.6  1883.4 11071.0  17174.3    17057
read      317.0   326.8    86.8   152.7   178.5   291.0   326.7   346.3   362.1   380.1   406.3   465.2  1005.5  5368.0  9982.8   6097.7     6005
read      363.7   248.8    74.4   135.4   157.4   327.8   408.7   458.2   495.0   541.1   603.7   692.9   936.8  2036.4  9238.2  85168.6    85707
read      355.6   246.6    74.4   132.1   153.4   322.5   401.1   448.8   486.1   532.1   591.9   682.6   915.3  1871.7  8299.9  80071.4    79742
read      359.1   263.5    74.4   130.9   150.2   325.2   409.4   459.7   498.3   543.2   597.5   677.8   926.1  1967.7 12316.5  58588.0    58322
read      351.5   531.9    74.4   123.4   140.6   303.1   403.7   458.6   494.2   530.5   571.9   631.0   858.2  5738.0 32166.6  26250.3    26212
read      360.9   248.2    68.9   131.3   151.2   323.8   409.8   460.9   499.6   544.4   602.1   688.5  1000.2  2382.2  6772.1  69685.7    69487
read      376.9   652.8    74.4   128.9   147.7   320.7   411.8   472.6   512.4   551.8   595.3   664.5   920.6 11549.2 32385.1  29561.7    29507
read      357.6   372.2    74.4   125.9   144.7   316.2   397.6   448.7   489.0   535.0   591.0   673.6  1004.8  4846.4 10192.4  51400.6    51412
read      344.4   233.8    68.9   125.0   144.1   308.0   389.0   439.7   479.0   524.8   580.1   662.1   936.7  1826.9  8168.4  67544.6    67374
read      347.4   269.3    74.4   123.6   141.9   311.5   393.5   444.1   485.3   531.5   585.5   661.9   906.1  1866.0 12019.4  55340.6    55125
read      354.7   348.5    74.4   126.3   145.0   318.0   401.7   452.2   491.2   537.3   590.6   671.7   894.5  2725.5 12175.2  53269.7    53048
read      332.8   276.2    80.4   131.7   152.6   325.2   382.2   411.7   431.4   455.4   485.1   529.1   629.6  2452.0 11835.4  12226.3    12192
read      343.5   263.2    80.4   121.6   140.0   305.5   393.7   451.7   495.7   538.7   584.7   649.8   817.5  1790.0 10527.8  36170.9    36138
read      348.6   320.8    74.4   125.9   144.7   314.7   397.1   445.0   483.4   528.3   582.3   655.1   861.8  2126.3 15513.7  60729.7    60799
read      333.7   217.0    74.4   121.2   138.9   299.6   382.9   437.4   480.5   526.2   575.1   639.7   786.7  1494.5  7885.7  36357.7    36368
read      349.5   377.2    68.9   122.6   140.4   301.3   385.2   439.9   483.4   528.4   579.7   648.7   899.4  6653.6  9800.9  39866.3    39729
read      345.4   204.5    68.9   131.0   152.8   312.8   388.9   436.3   473.7   519.6   577.6   663.0   862.6  1489.2  7300.2  95380.6    95693
read      355.2   234.4    74.4   124.5   143.0   319.6   406.7   464.1   505.2   549.6   602.4   674.9   912.0  1849.4  7311.1  41198.9    40999
read      351.7   234.3    68.9   128.4   147.9   318.8   401.2   450.9   490.5   537.4   593.3   673.3   869.8  1708.7  9074.9  64902.9    65037
read      325.4   296.6    80.4   128.1   148.4   315.3   370.9   400.9   421.9   445.5   475.3   518.9   657.8  2373.8 13326.2  12603.4    12633
read      338.6   234.4    74.4   121.6   140.3   309.8   387.8   434.8   474.9   519.1   570.2   638.4   818.5  1450.5  8537.5  50152.0    50117
read      351.8   241.9    68.9   126.3   145.8   315.6   396.8   446.1   484.8   531.4   586.8   668.8  1014.9  2407.6  7271.8  62557.7    62765
read      343.2   332.4    80.4   133.3   154.0   332.5   393.3   423.7   444.5   470.2   501.6   546.2   692.1  3421.3 15558.8  12460.6    12379
read      363.6   383.1    74.4   126.6   144.9   322.5   407.2   458.9   498.9   545.7   600.3   679.9   957.9  4737.8 12768.5  49234.9    49369
read      348.0   251.7    74.4   122.3   141.0   309.0   393.7   447.8   489.6   535.0   586.1   656.8   894.1  3755.7  6263.6  39003.4    39111
read      355.3   404.2    74.4   123.7   142.7   312.9   395.3   444.5   484.6   531.8   587.3   662.7   961.9  4064.3 17792.0  52668.0    52692
read      337.0   278.8    68.9   120.4   138.2   305.0   397.0   446.3   481.8   517.2   555.0   611.4   786.9  1813.0 12497.1  24646.3    24539
read      354.9   271.7    68.9   127.4   146.6   321.9   404.4   455.0   493.6   538.9   594.5   673.0   889.6  2003.7 12127.8  61518.9    61591
read      365.5   266.8    68.9   127.7   147.0   330.9   417.8   470.3   510.3   555.3   609.7   691.3   958.4  3074.4  9426.4  47894.3    47864
read      341.8   272.1    74.4   126.6   145.8   324.7   402.4   440.8   468.6   496.8   529.6   580.5   743.1  3772.8 10084.3  16506.9    16479
read      351.3   271.3    74.4   128.1   147.7   313.1   395.9   446.2   484.9   530.5   588.1   674.6   926.3  2681.6 10180.0  75162.9    75268
read      328.5   372.2    80.4   142.9   166.4   310.7   352.6   374.1   391.5   410.9   436.1   488.5   623.0  5783.5 12785.5   8828.0     8714
read      344.2   342.7    74.4   132.4   153.0   332.1   394.5   425.2   447.4   473.8   504.6   548.9   746.6  3830.4 17181.5  13142.3    13002
read      362.4   290.2    74.4   130.4   151.0   324.9   409.5   460.7   500.5   548.6   610.1   701.7   964.7  1838.2 10189.2  76687.4    77147
read      348.0   270.6    68.9   123.6   142.0   315.4   396.5   447.1   488.4   533.9   585.0   657.9   848.6  1710.0 10914.2  43324.0    43518
read      354.8   448.0    74.4   122.5   140.2   306.9   402.5   458.1   496.5   533.8   575.9   638.4   854.2  7401.7 15557.1  27285.7    27206
read      346.6   237.6    74.4   123.9   142.9   314.2   395.5   444.3   483.5   530.4   583.9   663.8   886.5  1655.3  9595.9  55922.9    55859
read      341.9   417.8    68.9   121.6   140.1   305.2   386.8   436.0   476.9   521.0   568.2   631.2   801.9  3170.9 30284.6  37184.0    37448
read      354.4   276.8    74.4   124.8   143.7   318.4   400.2   452.9   493.5   540.8   594.4   671.9   938.7  1879.3 10301.5  45038.3    45026
read      366.4   241.6    74.4   138.5   162.3   329.3   408.4   457.7   496.6   545.8   608.7   703.3   944.8  1719.2  9410.2  99850.3    99974
read      355.5   271.2    68.9   128.1   147.6   320.1   405.8   457.9   495.9   539.2   593.2   673.2   883.8  1903.6  8688.9  64776.0    64632
read      359.9   253.6    68.9   126.6   145.3   326.8   413.7   465.9   505.9   551.6   606.4   683.9   928.9  1719.6  9263.9  49213.1    49061
read      361.6   325.0    74.4   130.6   152.2   325.3   407.1   457.8   495.7   542.5   602.9   689.9   906.8  1811.1 11651.0  80247.4    80418
read      337.5   388.9    74.4   123.7   141.6   313.1   385.7   420.5   443.8   471.4   502.9   549.1   682.9  5065.9 15206.4  16472.6    16471
read      371.6   519.8    74.4   126.1   145.0   319.2   408.4   467.9   510.9   555.6   605.3   680.0   971.9  8360.7 28761.4  35700.0    35694
read      323.1   201.1    74.4   129.1   148.0   314.2   375.7   407.9   428.6   454.3   486.8   533.1   671.9  1718.2  7456.3  13885.1    13935
read      357.4   263.7    74.4   129.5   150.2   318.9   400.4   449.2   487.3   533.2   591.7   680.6   989.2  3029.3  8466.6  79967.4    79838
read      342.5   204.3    74.4   123.9   142.1   314.4   394.0   441.2   479.0   522.7   574.2   648.2   844.8  1864.8  6718.5  48583.4    48842
read      338.8   282.4    80.4   126.1   144.9   320.9   400.8   438.8   466.6   496.2   530.8   580.6   721.0  2159.1 11472.0  17713.1    17708
read      342.7   227.9    74.4   122.7   140.6   306.3   396.7   455.6   496.3   536.7   581.5   642.8   853.4  1551.9  7697.4  31230.9    31401
read      348.2   236.4    74.4   127.4   146.9   318.7   400.4   449.2   487.4   532.9   589.6   665.7   856.6  1389.5  7274.7  62139.4    62091
read      366.9   317.9    68.9   130.8   152.1   322.7   407.3   459.5   499.8   547.7   613.4   714.0  1072.2  2851.4  7856.4  87329.1    87121
read      353.6   229.4    74.4   130.9   151.9   319.5   399.7   449.6   488.6   535.3   593.0   679.2   898.0  1647.3  7998.4  81912.6    81929
read      346.0   250.0    74.4   123.5   142.2   312.0   394.1   444.5   484.6   530.6   582.7   654.5   866.8  2576.8  8668.8  42132.6    42013
read      356.0   355.1    74.4   131.4   152.7   316.8   395.5   443.1   479.7   525.7   585.8   681.1   916.9  2025.2 11027.1  90856.6    90709
read      362.3   250.7    68.9   129.4   148.9   324.0   408.5   460.1   499.7   545.6   605.5   688.6  1042.6  2474.7  8035.5  67771.4    67578
read      371.4   434.8    74.4   127.9   148.0   329.6   416.4   466.8   503.9   549.8   607.2   687.5  1005.5  5780.0 15809.9  57975.4    58116
read      363.4   301.3    74.4   128.7   148.1   323.1   410.1   463.4   502.3   548.6   607.7   692.9  1006.9  2621.7  8683.7  69094.3    68886
read      354.3   236.7    74.4   132.1   153.4   314.1   393.3   443.2   482.8   531.1   591.6   684.6  1005.0  2225.0  6924.1  93216.6    93119
read      376.8   393.8    74.4   137.0   160.7   331.7   412.4   461.7   498.7   545.6   614.2   725.1  1072.4  2488.6 16085.5  94844.6    95079
read      350.5   207.9    74.4   129.9   149.8   317.8   399.9   450.2   489.3   535.7   594.3   676.4   895.2  1420.5  7620.1  77617.1    77456
read      334.3   221.1    80.4   128.0   147.5   326.5   395.8   429.6   454.4   481.6   511.2   555.2   694.9  1630.0  9085.9  15651.4    15723
read      327.5   310.3    74.4   138.2   160.9   315.0   362.0   387.5   405.4   427.3   455.0   498.3   733.6  3860.6  9972.0   9942.3     9867
read      318.1   315.0    80.4   141.0   165.8   302.8   343.7   367.0   383.7   402.0   430.4   478.9   595.7  4924.3 13511.7   8133.1     8176
read      352.8   223.3    74.4   132.9   154.4   319.8   398.0   446.6   484.2   529.9   589.5   679.4   878.5  1490.7  8079.2  89691.4    89745
read      356.1   823.7    80.4   132.7   154.0   312.8   362.6   388.5   405.9   426.9   454.5   501.8   720.7 10172.1 36837.2  11174.9    11058
read      344.8   239.9    68.9   128.5   149.1   311.0   388.4   436.0   474.6   520.4   578.7   662.6   859.7  2030.1  5953.5  81496.6    81413
read      337.8   260.5    74.4   123.0   141.0   310.5   401.5   446.9   478.7   512.2   549.1   602.8   732.3  1781.5 12306.2  21847.4    21659
read      337.2   277.2    74.4   121.5   138.8   302.9   398.7   455.3   491.7   528.3   569.2   624.1   744.5  1418.9 10465.5  27090.9    27181
read      342.8   289.1    74.4   126.5   145.3   320.1   399.1   437.8   466.6   496.3   529.6   578.4   719.8  4692.3 10519.3  17291.4    17420
read      338.2   275.4    74.4   121.2   138.5   307.2   401.9   450.3   482.6   516.2   555.0   609.0   770.6  1870.8 10155.0  23042.9    23028
read      346.4   223.5    74.4   122.4   141.0   311.4   401.0   459.4   500.6   543.1   588.7   649.9   821.3  1718.4  6054.0  33432.0    33694
read      342.0   246.8    74.4   122.7   140.6   300.9   392.3   451.9   494.7   536.4   582.2   650.1   867.5  1644.1  9078.9  32963.4    32735
read      376.2   419.4    74.4   130.0   149.9   337.6   427.4   479.2   518.7   564.9   622.1   704.9   995.4  2571.3 12655.9  57637.7    57645
read      339.9   262.3    68.9   121.7   139.7   307.4   388.4   436.5   479.6   526.9   578.5   647.8   849.3  1527.2  8008.0  44972.6    45216
read      363.8   443.6    74.4   126.3   145.5   319.0   404.9   459.0   500.6   546.4   602.8   685.7   958.3  3930.4 12914.2  57387.4    57659
read      363.7   274.0    74.4   133.2   154.6   326.2   410.0   461.7   500.6   547.1   610.1   700.4   972.7  1708.8  9930.2  85572.0    85443
read      332.9   227.9    74.4   128.2   148.0   325.2   390.5   422.8   445.3   472.5   504.2   545.8   671.8  1765.8  8454.2  14378.3    14390
read      354.9   397.2    68.9   121.9   139.6   301.5   395.5   452.8   492.2   533.5   581.7   658.8  1114.1  5131.4 12204.5  31354.3    31520
read      332.1   217.4    68.9   124.8   144.2   304.8   383.9   430.2   465.9   507.5   558.3   627.6   759.4  1066.3  8577.1  66499.4    67089
read      332.1   255.4    74.4   126.9   146.4   321.7   390.3   423.8   447.4   474.7   505.7   548.9   645.4  3014.1 10141.3  16469.7    16537
read      331.1   280.5    74.4   123.2   142.6   313.0   389.8   428.5   455.9   485.5   517.5   565.1   681.5  2962.8  8723.4  18903.4    18930
read      329.6   261.6    68.9   123.0   141.6   298.0   373.2   423.5   463.7   508.7   558.4   622.2   744.0  1439.1  9342.2  46581.1    46784
read      338.0   201.7    68.9   130.7   151.8   307.1   384.9   430.6   465.6   507.4   564.4   647.0   819.4  1372.5  7607.8  93074.3    93102
read      335.0   209.9    68.9   128.8   148.8   305.1   379.8   425.9   462.7   506.6   564.2   645.2   807.8  1297.9  8243.2  89602.3    89799
read      339.5   224.6    74.4   127.0   145.9   310.4   392.6   440.4   476.5   519.4   570.0   636.9   782.9  1723.1  9301.1  66524.0    66551
read      339.4   214.8    68.9   131.2   152.3   308.3   386.1   434.5   471.2   513.7   568.7   646.9   806.3  1047.6  8023.8  93364.6    93104
read      324.7   186.3    68.9   122.9   141.3   297.6   373.1   421.0   459.2   502.5   548.8   609.7   725.9  1381.9  4505.4  43959.4    43768
read      330.7   195.9    68.9   124.4   143.5   306.9   383.8   428.0   462.7   504.5   551.9   617.5   743.7  1035.9  7339.9  54070.9    54006
read      336.9   235.9    74.4   126.3   145.6   310.6   391.5   436.7   471.0   512.2   561.2   630.1   770.8  1121.6 10214.8  64866.3    64618
read      334.6   198.7    68.9   128.0   148.0   304.8   382.7   429.4   464.7   507.7   563.0   639.1   793.0  1224.4  5968.1  86271.4    86482
read      332.2   215.0    68.9   124.9   143.6   302.8   382.1   429.2   465.8   508.6   560.9   634.1   778.1  1272.6  8112.8  77537.1    77459
read      331.9   196.7    68.9   122.9   141.9   306.3   386.1   432.7   468.2   509.7   559.6   624.4   746.5  1223.5  5573.6  61532.0    61365
read      330.7   239.5    68.9   121.4   140.4   303.1   379.9   428.6   465.6   508.2   556.1   617.0   736.3  1489.9  9953.2  52481.7    52346
read      337.0   191.9    68.9   129.3   150.2   308.0   385.7   432.2   468.1   511.4   565.8   642.1   797.2  1104.8  5099.7  87040.0    87286
read      321.0   220.2    74.4   125.3   143.7   310.1   378.2   411.7   433.7   461.1   494.0   539.9   648.5  3019.9  7531.4  17389.7    17384
read      330.3   189.8    68.9   129.1   150.4   302.5   375.3   419.7   454.8   497.5   549.2   626.7   772.8  1071.0  5046.2  97660.6    98165
read      331.2   198.3    68.9   122.6   142.5   307.9   384.9   429.0   463.3   503.4   551.7   616.3   746.1  1309.5  6917.7  63523.4    63330
read      313.6   348.5    80.4   155.9   184.1   292.8   325.0   342.4   355.9   371.1   393.6   435.0   624.6  6191.8 12891.8   5857.7     5866
read      329.8   247.3    63.8   126.4   147.1   294.4   377.0   429.8   470.0   512.7   555.7   613.2   718.1  1576.8  8659.9  37717.7    37693
read      338.6   213.6    68.9   125.3   145.3   311.5   392.1   439.0   475.4   516.9   569.4   640.4   793.9  1162.6  7500.7  75378.3    75360
read      328.4   182.9    74.4   128.4   148.4   298.1   379.7   429.4   467.4   506.8   549.2   605.7   718.4  1654.6  5117.1  34646.3    34753
read      330.3   212.1    68.9   121.8   140.6   305.2   383.4   428.9   464.3   506.8   556.3   623.0   735.1  1023.5  8867.3  59728.6    59823
read      328.8   195.5    63.8   121.4   140.5   300.8   382.0   429.4   467.0   509.7   560.4   627.3   749.1  1034.3  5933.5  67914.9    68266
read      330.2   237.3    68.9   123.5   143.2   295.4   379.0   431.7   472.0   515.7   560.6   620.9   742.4  1717.3  7763.2  39261.1    39383
read      335.2   190.6    68.9   123.6   143.2   309.2   387.8   434.7   471.4   514.5   564.5   632.2   775.7  1495.5  4320.7  65210.3    65072
read      330.6   202.8    68.9   124.8   144.4   302.2   386.1   435.6   474.3   513.4   553.8   608.5   724.6  1493.0  7574.2  33206.3    33192
read      341.8   185.4    68.9   126.1   146.2   316.2   396.9   446.0   484.7   528.3   577.6   639.6   778.0  1094.1  3229.6  51857.1    51847
read      331.8   213.4    63.8   122.6   142.2   306.9   385.2   429.6   465.4   506.7   555.5   619.5   740.4  1327.0  7552.6  62238.3    62362
read      342.9   208.8    68.9   129.1   150.3   312.6   391.4   438.7   476.2   520.8   576.1   654.9   807.4  1648.6  7794.8  84067.4    84073
read      327.5   188.0    63.8   122.4   142.1   306.3   380.8   425.0   458.5   499.7   548.2   613.2   731.2   954.3  4298.8  64058.9    64213
read      326.2   236.5    68.9   127.6   145.5   298.3   388.4   434.6   466.5   499.6   536.0   584.4   686.6  1271.5 13051.1  27074.9    27059
read      329.5   272.9    74.4   121.2   140.8   302.2   376.5   423.0   459.4   502.3   551.6   614.2   730.2  1656.2 10034.7  54713.1    54703
read      334.2   208.4    68.9   128.7   150.3   305.9   379.9   424.8   459.5   501.3   553.4   631.8   794.4  1182.0  7400.2  98535.4    98366
read      328.4   201.0    74.4   128.6   147.1   298.2   386.4   436.5   471.7   508.3   546.4   593.6   686.3  1572.3  6595.8  29819.4    29565
read      331.6   238.2    68.9   124.0   143.6   305.3   382.0   426.6   461.1   502.4   552.5   622.0   749.2  1621.0  9836.5  74838.9    75000
read      331.7   179.9    68.9   123.1   143.5   309.0   386.1   430.8   464.7   505.4   552.5   617.7   741.1  1198.3  5363.8  62033.1    62235
read      334.6   228.1    68.9   124.2   144.6   305.0   384.1   434.0   471.7   514.7   562.8   625.0   754.1  1187.4 10171.3  47558.3    47788
read      334.5   227.2    68.9   123.4   143.2   308.0   385.9   430.8   465.7   506.9   557.2   628.5   781.5  1592.0  5972.4  68832.0    68928
read      323.9   241.8    68.9   126.5   145.5   294.6   370.2   417.0   452.0   492.3   537.5   595.1   719.4  1658.1  8490.4  36466.3    36478
read      330.6   203.9    68.9   122.8   142.2   303.3   381.6   427.8   463.9   505.7   557.5   630.4   788.8  1171.0  4059.9  76287.4    76067
read      337.5   219.3    68.9   124.5   144.6   312.3   390.2   436.2   472.4   512.6   561.5   627.2   767.9  1175.5  9588.2  47156.0    47020
read      329.4   206.4    68.9   122.2   142.6   303.0   378.8   423.8   458.2   500.2   552.0   628.6   789.3  1080.9  7442.4  81920.6    81656
read      316.7   242.8    74.4   124.2   141.9   309.5   371.7   403.1   425.1   451.6   485.6   530.3   626.6  2165.9  8228.8  16356.0    16396
read      326.7   330.0    68.9   122.6   140.5   302.9   381.7   421.7   449.3   481.8   519.3   570.1   683.6  3834.0 13150.7  21558.3    21661
read      326.6   223.5    63.8   121.5   141.4   301.3   374.9   420.8   456.2   497.9   543.6   607.6   729.2   996.6  7984.9  50099.4    50156
read      329.7   190.9    68.9   122.4   141.7   304.9   381.9   427.7   463.8   507.5   556.4   620.7   736.7   978.9  9152.5  54199.4    54102
read      331.4   218.3    68.9   124.2   143.2   304.6   383.6   430.1   466.0   507.5   555.6   621.5   739.6  1304.4  8374.9  66009.7    65670
read      332.0   355.0    74.4   126.8   144.7   318.3   391.9   426.7   450.6   476.7   506.7   547.4   636.9  3839.0 21245.4  17632.0    17584
read      331.7   247.8    68.9   127.9   146.4   298.3   384.9   437.2   474.8   512.7   552.0   607.9   726.9  1552.2 10804.3  30445.1    30347
read      325.5   248.9    74.4   124.9   141.7   306.5   390.0   430.9   459.7   489.9   523.0   567.9   660.7  1647.4  8277.5  21643.4    21534
read      323.4   270.4    74.4   135.0   157.0   313.6   358.6   383.1   401.0   423.0   452.1   499.6   631.5  3954.0  9636.4  10353.7    10216
read      332.2   226.0    68.9   125.4   145.6   303.8   382.4   427.6   461.7   502.3   553.8   628.1   775.0  1077.3  9876.1  79957.7    80544
read      327.0   183.0    63.8   123.7   143.3   299.3   375.1   424.2   461.8   505.7   552.2   613.5   735.0  1294.6  5543.7  45548.6    45508
read      329.2   264.7    74.4   123.1   140.6   308.0   390.8   432.0   460.6   490.9   525.7   574.6   677.0  3693.3 12015.4  21512.6    21591
read      333.3   210.3    74.4   128.0   148.1   326.4   397.1   428.7   451.6   477.4   505.7   545.4   661.8  1763.1  6901.5  15656.0    15435
read      328.6   244.6    80.4   129.6   149.2   321.8   382.7   414.3   434.9   461.3   491.0   531.0   626.4  3584.2  8954.5  14474.9    14502
read      323.7   251.9    74.4   125.8   144.1   317.6   381.8   413.1   434.8   462.2   493.2   537.1   640.5  1598.6 13218.2  16168.0    16369
read      327.1   221.9    74.4   123.4   141.9   298.8   373.5   420.7   457.9   500.6   547.3   611.5   739.0  1476.0  7502.5  42070.3    42077
read      325.1   193.9    74.4   122.3   141.1   297.0   374.6   423.7   461.4   503.0   546.6   606.7   722.1  1435.5  5439.0  38479.4    38334
read      328.6   258.8    74.4   124.7   142.9   312.3   382.8   418.5   443.2   472.9   507.8   556.8   710.2  2753.8 11862.0  17769.1    17694
read      333.1   198.6    74.4   125.8   145.0   306.7   383.8   429.0   463.7   505.1   554.5   626.0   780.8  1425.5  7613.7  74862.3    75056
read      330.0   191.1    68.9   124.2   142.7   308.2   382.7   425.7   458.0   497.6   546.4   614.6   748.5  1164.5  6863.2  53967.4    53845
read      309.3   226.5    80.4   126.6   145.7   303.5   356.9   384.7   402.9   424.1   450.9   495.3   589.2  3035.3  9627.7   9409.7    13319

Total QPS = 50135.3 (39105572 / 780.0s)

Total connections = 64
Misses = 0 (0.0%)
Skipped TXs = 0 (0.0%)

RX 9659076284 bytes :   11.8 MB/s
TX          0 bytes :    0.0 MB/s
Warning! Detected max cpu usage > 95%
CPU Usage Stats (avg/min/max): 100.00%,49.75%,100.00%
