Random waveform, supplied seed
Total number of intervals = 446 (7434, 67201, 85927, 63953, 31595, 87879, 7287, 62295, 6561, 22532, 60653, 59076, 60154, 22964, 8172, 27652, 37594, 24367, 33771, 84944, 85666, 51918, 34406, 28664, 38289, 20658, 13840, 93419, 98284, 71313, 42089, 46458, 30755, 42889, 93552, 65694, 29574, 51355, 67361, 16287, 81508, 87619, 99068, 51267, 11822, 97494, 97350, 55460, 85984, 82043, 52873, 13911, 49984, 9274, 27187, 18735, 86505, 93039, 75999, 32324, 84255, 81759, 37291, 53818, 30297, 31569, 38927, 10652, 98119, 48176, 34929, 69735, 20753, 84642, 42333, 61587, 77998, 97625, 23781, 66723, 31016, 47394, 95335, 5252, 65908, 16889, 42912, 99898, 26385, 22616, 50605, 90283, 26273, 48521, 34058, 75648, 19482, 15054, 75754, 5187, 17656, 96343, 36665, 85269, 31525, 61798, 12253, 25710, 79937, 7271, 85861, 91467, 72217, 31080, 76878, 84584, 12492, 57106, 96245, 6791, 90728, 5151, 82969, 42635, 99337, 95192, 69200, 49459, 29055, 64324, 5705, 84816, 23714, 74116, 19948, 44213, 19454, 7190, 47657, 44399, 6481, 5807, 83137, 9580, 37385, 33706, 35204, 50438, 48878, 42682, 27416, 64424, 64364, 5481, 26227, 26586, 86286, 24452, 26832, 29795, 46224, 84587, 63389, 46953, 90536, 12508, 38491, 97806, 11813, 39665, 53571, 63215, 78767, 8615, 67903, 16398, 53434, 38068, 9130, 69227, 37496, 83925, 51037, 33690, 51474, 73708, 98618, 81977, 91567, 48236, 91726, 52458, 70467, 71151, 65016, 42057, 78821, 60720, 39911, 10628, 73736, 7334, 91868, 76670, 10405, 26019, 55530, 29615, 66057, 55281, 21177, 88239, 70227, 23421, 97104, 6235, 58045, 23729, 40897, 53312, 87262, 81836, 92274, 47252, 75747, 80994, 98224, 7737, 37514, 10640, 90490, 92514, 89245, 73823, 46565, 21419, 66915, 31667, 72255, 99535, 9226, 67844, 71413, 97328, 55113, 53743, 15253, 90605, 25767, 93458, 95080, 88399, 95681, 33003, 98809, 64610, 51183, 20194, 7602, 46677, 5577, 23035, 57516, 62851, 38431, 25729, 19443, 19461, 42341, 5691, 40223, 29941, 41162, 43863, 20318, 93421, 48578, 40595, 17677, 78948, 9703, 9686, 7968, 15830, 8192, 79410, 76582, 54634, 72177, 15101, 8167, 44130, 53047, 97171, 81360, 77277, 38294, 11165, 74155, 12255, 52404, 17057, 6005, 85707, 79742, 58322, 26212, 69487, 29507, 51412, 67374, 55125, 53048, 12192, 36138, 60799, 36368, 39729, 95693, 40999, 65037, 12633, 50117, 62765, 12379, 49369, 39111, 52692, 24539, 61591, 47864, 16479, 75268, 8714, 13002, 77147, 43518, 27206, 55859, 37448, 45026, 99974, 64632, 49061, 80418, 16471, 35694, 13935, 79838, 48842, 17708, 31401, 62091, 87121, 81929, 42013, 90709, 67578, 58116, 68886, 93119, 95079, 77456, 15723, 9867, 8176, 89745, 11058, 81413, 21659, 27181, 17420, 23028, 33694, 32735, 57645, 45216, 57659, 85443, 14390, 31520, 67089, 16537, 18930, 46784, 93102, 89799, 66551, 93104, 43768, 54006, 64618, 86482, 77459, 61365, 52346, 87286, 17384, 98165, 63330, 5866, 37693, 75360, 34753, 59823, 68266, 39383, 65072, 33192, 51847, 62362, 84073, 64213, 27059, 54703, 98366, 29565, 75000, 62235, 47788, 68928, 36478, 76067, 47020, 81656, 16396, 21661, 50156, 54102, 65670, 17584, 30347, 21534, 10216, 80544, 45508, 21591, 15435, 14502, 16369, 42077, 38334, 17694, 75056, 53845, 13319)
Average QPS expected = 50126
Timestamp start: 1715814782603
Timestamp end: 1715815563779

#type       avg     std     min      p5     p10     p50     p67     p75     p80     p85     p90     p95     p99    p999   p9999      QPS   target
read      375.5   545.7    80.4   149.5   178.8   324.4   370.2   396.0   416.4   443.2   487.2   568.4  1711.5  7221.3 26515.2   7575.4     7434
read      367.5   372.5    74.4   129.8   149.2   322.9   411.6   465.7   506.7   553.8   610.6   689.5   975.0  3598.1 12747.3  67210.3    67201
read      399.1   504.7    68.9   137.3   161.3   341.3   424.7   476.5   515.9   568.7   638.4   749.8  1288.1  4657.2 25530.9  86020.0    85927
read      369.6   313.0    74.4   129.1   149.1   328.0   417.0   468.6   508.3   555.5   613.0   693.1  1061.7  2731.7  7504.1  64172.6    63953
read      370.3   401.9    74.4   129.0   147.8   321.5   420.4   482.3   523.2   563.7   610.7   680.1   955.7  6597.6 10755.2  31720.0    31595
read      511.0  1076.8    74.4   143.4   172.2   380.6   469.3   522.3   565.9   628.7   724.8   917.3  3414.9 15460.4 33928.0  87894.3    87879
read      353.4   552.8    86.8   157.8   182.9   318.7   359.1   380.9   397.3   419.5   451.0   505.4   990.1  7491.0 22772.1   7320.0     7287
read      377.8   335.0    74.4   131.4   151.7   325.4   412.6   468.3   510.1   560.0   621.2   723.0  1418.1  3081.6  9623.4  61880.0    62295
read      510.7  1623.9    93.8   159.6   189.9   323.9   367.7   395.2   417.2   446.4   493.1   612.7  5557.1 29941.9 37858.3   6507.4     6561
read      449.5   590.0    80.4   128.1   148.1   363.2   494.2   563.5   617.0   688.7   779.8   929.6  1649.5  5527.9 23493.0  22477.1    22532
read      386.2   318.6    74.4   133.6   154.3   337.7   429.8   486.4   527.4   577.4   640.3   739.1  1373.1  2785.5 10820.4  60235.4    60653
read      365.3   253.6    74.4   130.6   150.3   328.2   416.0   468.7   507.7   554.9   612.2   692.5   999.5  2194.4  9363.7  58810.9    59076
read      377.0   435.4    74.4   130.9   150.0   326.6   412.7   466.4   507.6   556.3   615.6   697.6  1139.0  6554.0 12776.3  59880.6    60154
read      408.2   373.8    74.4   126.0   146.6   349.7   469.1   530.0   572.3   625.8   696.5   842.9  1296.7  3328.3 13961.9  22791.4    22964
read      383.5   534.8    80.4   141.2   173.2   341.3   402.0   435.6   461.8   491.0   527.5   591.4  1276.5  5898.6 30798.5   8186.3     8172
read      390.2   398.2    80.4   123.4   142.0   320.6   431.5   498.0   538.7   585.3   658.8   810.5  1280.2  6343.4 11703.9  27796.0    27652
read      349.2   257.9    74.4   122.8   140.2   308.7   398.3   461.1   505.5   549.4   596.8   662.9   849.1  2610.9  9099.4  37488.0    37594
read      378.5   337.1    74.4   122.5   141.1   324.9   427.5   488.1   528.6   575.1   639.8   775.2  1149.7  3042.6 12680.3  24264.0    24367
read      386.5   477.2    74.4   121.5   139.7   308.3   409.6   478.0   523.8   573.8   639.5   835.0  1425.5  5887.2 15890.3  33974.9    33771
read      337.6   183.7    68.9   127.8   147.8   307.7   385.7   433.9   472.2   517.6   572.9   649.1   795.9  1204.8  3985.8  84830.9    84944
read      347.2   380.7    74.4   128.5   149.2   311.6   388.1   433.9   470.1   515.4   575.6   660.0   809.2  3724.1 15357.7  85877.7    85666
read      409.3   646.9    68.9   128.7   148.6   330.2   418.2   471.9   514.2   565.4   627.7   736.0  1926.3  8246.2 30794.9  52446.3    51918
read      358.8   266.5    74.4   126.6   144.4   321.3   413.5   472.7   515.2   557.9   603.7   669.8   885.3  2262.7  8017.0  34361.7    34406
read      358.8   277.2    74.4   125.7   144.2   319.4   422.3   482.8   519.3   559.2   602.4   660.5   825.2  3198.6  8115.9  28791.4    28664
read      356.2   249.7    74.4   124.3   142.0   316.4   407.5   470.3   513.6   560.4   610.1   679.9   913.0  1884.1  7335.7  38390.9    38289
read      395.8   383.8    74.4   123.5   144.0   346.8   450.8   506.3   546.3   590.7   662.5   788.5  1180.5  4741.6 13392.8  20657.1    20658
read      408.6   475.6    80.4   130.9   153.5   372.7   473.3   526.5   559.7   593.6   635.2   701.9   992.3  5594.6 21417.8  13929.7    13840
read      464.9   538.7    74.4   142.2   170.4   360.4   444.9   506.8   562.4   637.4   743.1  1243.6  2009.9  6305.8 14971.0  92872.0    93419
read      389.8   398.5    68.9   136.6   160.8   331.5   410.9   460.8   502.0   553.5   627.7   750.5  1506.6  4110.5 10638.1  97840.6    98284
read      376.2   326.4    74.4   129.5   149.8   322.1   412.0   466.7   507.4   557.6   622.2   729.7  1387.6  3699.0  7951.9  71343.4    71313
read      395.2   600.5    74.4   127.3   146.1   330.7   422.6   483.4   528.1   578.4   635.8   724.4  1264.6  8357.3 28561.2  42246.3    42089
read      368.1   355.4    74.4   124.8   143.2   318.0   404.1   460.8   505.6   555.7   612.6   692.9  1205.0  6962.7  8942.8  46471.4    46458
read      353.2   285.6    74.4   121.4   139.3   306.6   403.9   465.5   505.9   548.3   594.4   669.8  1078.9  2356.7 13155.9  30704.0    30755
read      383.2   391.9    74.4   127.7   147.2   333.0   426.8   486.5   530.7   579.6   635.9   727.5  1216.9  4567.8 13433.2  42828.0    42889
read      367.5   249.1    74.4   133.4   155.9   324.8   405.1   456.3   495.8   544.1   612.4   718.1  1098.3  2352.3  7902.0  93935.4    93552
read      350.6   250.5    74.4   127.0   145.6   315.7   398.5   450.1   489.9   535.9   591.4   671.0   930.2  2008.2  7837.0  65745.7    65694
read      340.0   272.0    74.4   121.5   138.3   304.8   393.2   448.9   487.2   525.6   569.6   631.6   831.1  1605.8 12158.9  29512.0    29574
read      377.2   333.8    74.4   128.5   148.6   333.6   423.1   478.4   520.4   567.1   623.1   707.5  1108.1  3918.5  9871.0  51532.0    51355
read      382.6   383.9    74.4   131.8   152.1   337.7   427.7   481.7   522.3   570.8   630.5   724.1  1085.1  5328.3 10148.0  67233.1    67361
read      378.4   378.2    74.4   125.5   144.8   340.3   421.2   468.0   499.2   537.1   590.3   686.1  1145.7  5171.9 12645.4  16273.1    16287
read      355.8   247.2    68.9   128.6   148.5   314.3   398.3   451.4   492.2   540.8   600.3   690.6  1002.3  2883.2  8434.7  81053.7    81508
read      367.5   232.0    74.4   133.5   156.1   332.3   414.0   463.6   501.8   549.9   616.6   718.0   973.1  1582.1  8198.6  87777.7    87619
read      353.0   239.9    74.4   132.7   155.0   316.2   394.4   442.4   479.8   525.4   585.1   677.4   921.3  2405.2  9023.2  99142.3    99068
read      370.4   429.5    74.4   125.3   144.5   319.5   405.4   460.4   503.0   551.4   613.6   704.4  1322.2  3206.1 13423.2  51530.9    51267
read      377.1   322.9    80.4   135.5   159.3   349.5   419.9   461.3   492.0   526.2   570.4   636.8   981.5  4605.7 11474.8  11961.7    11822
read      464.6   421.9    74.4   146.6   178.2   378.2   456.1   513.1   572.8   658.0   774.5  1103.3  1950.1  3305.5 12420.7  97543.4    97494
read      352.8   204.3    68.9   133.6   155.9   318.2   396.2   444.0   481.9   529.8   589.9   680.9   913.4  1600.6  5803.9  97229.1    97350
read      370.2   495.0    74.4   127.6   146.4   324.6   411.3   462.9   502.0   547.4   602.0   678.2   942.3  7555.1 26567.7  55070.9    55460
read      359.6   256.0    74.4   131.8   153.3   321.9   401.1   450.6   489.1   536.9   599.4   693.2   998.8  1780.7  8527.5  85815.4    85984
read      358.5   313.3    74.4   129.4   149.6   318.2   398.3   447.8   486.5   534.4   595.5   687.2  1057.8  2140.1 12129.9  81634.3    82043
read      354.9   230.8    74.4   126.3   145.2   326.2   408.0   455.4   491.4   534.4   587.5   663.9   902.5  2646.0  6578.6  53246.3    52873
read      368.1   296.5    80.4   131.6   154.0   341.1   414.6   456.0   487.2   524.6   574.8   649.2   960.5  4048.4 11243.6  13846.3    13911
read      379.2   341.9    74.4   124.8   143.6   319.0   406.6   464.2   510.4   565.1   629.5   750.8  1585.2  2840.2  9688.9  49793.7    49984
read      347.3   354.2    80.4   144.1   172.1   325.1   374.1   399.5   419.4   442.8   474.1   529.0   793.8  4697.5 12393.5   9358.3     9274
read      365.1   295.9    74.4   122.5   140.8   316.3   418.8   480.6   518.7   558.8   609.7   697.6  1106.7  2664.9  9598.2  26995.4    27187
read      389.0   455.9    74.4   125.9   147.0   337.6   429.7   477.3   508.1   547.0   599.2   700.0  1117.5  7796.4 14151.0  18720.6    18735
read      493.6   582.1    74.4   148.7   179.4   396.4   484.8   542.8   593.8   676.4   810.8  1164.9  2034.3  6560.4 19392.1  86747.4    86505
read      366.2   317.0    68.9   133.8   156.2   324.4   403.6   454.1   494.1   542.7   606.6   702.9  1024.7  2674.6  9637.6  93100.0    93039
read      357.6   279.9    74.4   128.9   148.9   320.3   402.0   452.3   490.6   537.9   598.3   685.2   931.1  3875.7  9365.5  75852.0    75999
read      355.1   247.0    74.4   123.1   141.3   312.7   409.3   474.8   515.6   557.6   604.7   674.2   933.1  1727.2  8567.7  32624.0    32324
read      376.3   289.7    74.4   135.2   157.1   331.7   417.8   470.3   510.2   560.8   624.8   726.8  1096.7  2619.7 10522.7  84070.9    84255
read      355.2   239.9    74.4   129.5   150.1   318.2   398.9   451.6   492.2   539.0   597.8   685.0   920.0  1991.8  7903.8  81954.9    81759
read      365.3   316.2    74.4   123.5   142.5   317.7   406.6   468.9   513.1   559.7   615.7   699.5  1171.9  2744.5 13233.2  37386.3    37291
read      368.4   483.0    74.4   125.5   144.2   317.4   403.5   458.3   500.8   550.0   609.8   690.9  1079.7  6065.2 21469.4  53749.7    53818
read      342.4   260.0    74.4   121.5   139.0   300.7   399.6   461.7   503.5   543.2   587.5   641.6   778.2  1588.0  9814.3  30345.1    30297
read      358.6   335.1    74.4   124.0   141.6   311.7   409.2   471.6   512.9   553.2   599.2   663.9   947.4  4830.8 11722.3  31625.7    31569
read      364.0   388.2    74.4   123.3   142.1   315.4   403.4   464.7   509.3   557.3   611.2   682.2  1003.0  5821.1  9541.8  38910.3    38927
read      390.3   412.2    80.4   142.7   167.0   357.3   424.0   464.0   492.8   525.3   568.0   641.0  1111.4  5833.2 13518.4  10478.3    10652
read      451.6   365.0    74.4   149.5   179.7   376.8   458.3   514.6   568.5   640.2   749.8   940.9  1908.1  2961.7  9613.1  97770.3    98119
read      360.1   323.6    74.4   126.5   145.0   322.1   406.4   462.3   505.8   553.6   608.9   682.1   876.2  2726.9  9888.4  48457.1    48176
read      347.2   217.6    74.4   122.8   140.6   306.8   398.8   462.8   507.4   551.6   599.7   663.7   917.6  1486.2  6949.2  34923.4    34929
read      361.5   402.7    68.9   127.6   146.8   318.4   403.0   455.4   494.4   540.2   597.3   681.4   982.6  4378.7 22033.9  69632.6    69735
read      391.6   494.3    68.9   123.8   143.2   340.1   445.0   498.3   533.5   574.2   628.8   737.3  1229.7  4655.4 30336.3  20757.7    20753
read      451.4   431.5    74.4   136.4   162.6   354.5   437.8   499.6   555.4   629.9   741.9  1392.3  2005.9  3075.8 12067.0  84425.7    84642
read      356.8   306.4    74.4   124.3   142.8   317.0   400.9   457.0   499.3   546.3   598.5   670.7   873.0  4621.4  8101.7  42486.9    42333
read      373.1   269.7    74.4   130.4   150.3   336.8   426.2   480.4   521.0   568.2   626.0   715.0  1020.9  1889.4  9927.3  61230.9    61587
read      366.0   457.5    68.9   128.5   149.2   319.9   400.9   450.6   490.0   539.8   600.5   690.2   970.1  6037.3 15799.5  78479.4    77998
read      391.2   554.9    74.4   136.8   161.1   333.4   413.6   461.7   500.1   550.3   622.0   738.1  1150.9  7172.1 28169.5  97742.3    97625
read      370.8   434.6    74.4   124.1   142.6   320.9   416.3   470.1   505.5   543.0   590.2   674.3  1249.7  5657.8 14998.3  23881.7    23781
read      399.8   653.6    74.4   129.3   149.2   330.6   418.4   470.6   509.9   558.1   618.3   720.5  1624.8  8978.0 30288.8  66510.9    66723
read      375.9   417.0    74.4   125.8   144.4   321.9   417.2   478.4   519.7   560.6   608.9   682.1  1253.8  4067.9 12447.4  31130.9    31016
read      347.2   232.8    74.4   122.9   141.3   312.8   396.4   451.0   493.0   539.7   592.1   668.6   865.2  1630.1  9675.0  47332.0    47394
read      363.5   281.9    74.4   132.9   155.3   319.5   398.4   448.3   488.0   537.3   601.2   706.2  1186.6  2265.8  7935.7  95424.6    95335
read      371.5   799.8    86.8   165.7   196.9   307.7   344.0   366.3   383.6   404.3   437.2   519.4  1656.3 13186.9 38110.5   5386.3     5252
read      438.4   431.3    74.4   135.5   157.3   350.8   446.8   511.8   562.9   624.8   714.4   995.6  2194.6  3841.1 12450.2  65334.3    65908
read      386.5   667.9    74.4   127.8   149.1   347.1   432.6   480.4   512.5   550.7   609.9   713.8  1100.0  3473.1 40246.9  16883.4    16889
read      376.2   485.7    74.4   124.9   143.7   320.0   409.1   468.8   514.7   565.9   623.6   713.1  1281.8  7448.3 15280.7  42645.7    42912
read      434.9   466.3    74.4   146.4   176.5   375.9   458.9   508.9   550.5   610.0   697.9   859.0  1471.5  7248.7 15352.5 100130.9    99898
read      383.8   430.9    74.4   123.9   142.3   322.2   427.3   487.2   524.2   564.8   615.8   712.1  1337.5  7114.9 14085.2  26480.6    26385
read      518.2  1321.0    74.4   126.6   146.3   359.9   486.8   554.4   605.1   673.4   765.5   919.3  3320.9 20282.8 36702.2  22585.7    22616
read      344.3   208.3    74.4   123.4   142.2   311.2   395.1   449.0   491.7   538.9   591.2   663.1   853.8  1431.6  4444.4  50664.6    50605
read      352.2   207.6    68.9   130.3   151.4   315.9   395.0   444.6   484.4   532.9   594.1   685.8   964.6  1733.1  4348.0  90044.0    90283
read      340.7   257.5    74.4   120.2   138.0   306.8   407.2   465.5   500.5   535.5   573.5   625.1   764.6  1476.2  9771.8  26477.7    26273
read      354.3   239.6    74.4   124.9   143.7   320.0   403.5   459.0   499.9   547.5   604.0   682.3   895.8  1586.4  9685.1  48546.3    48521
read      345.8   337.2    74.4   121.0   138.8   305.1   395.7   457.2   500.8   544.1   589.3   651.7   868.9  1616.0  7986.9  34342.9    34058
read      365.3   429.0    74.4   127.8   147.0   318.2   403.3   455.5   495.8   542.0   600.7   689.6   990.1  5972.2 16886.8  75789.1    75648
read      382.1   479.5    74.4   126.1   145.6   338.7   433.4   482.4   512.7   545.9   588.1   673.8  1074.3  6806.0 11575.7  19616.0    19482
read      402.3   328.7    74.4   130.8   153.1   370.1   459.1   509.7   544.8   585.2   635.5   727.0  1157.8  4052.9 11819.3  15034.3    15054
read      349.6   268.9    74.4   126.3   145.9   313.4   396.9   447.2   487.3   534.6   590.5   672.5   909.5  1889.6  9456.1  75502.9    75754
read      480.8  1782.3    74.4   165.4   194.2   301.9   338.3   359.9   376.0   397.4   428.8   519.1  5377.2 29703.0 53822.3   5310.3     5187
read      383.2   455.9    74.4   124.5   144.1   346.5   435.6   482.8   514.2   552.6   603.2   706.3  1098.5  4208.4 24506.8  17474.3    17656
read      460.6   565.4    74.4   144.1   173.3   361.0   445.3   504.5   557.8   631.3   742.6  1190.6  1984.6  4728.2 21867.3  96101.7    96343
read      342.0   240.6    68.9   118.5   136.9   301.7   393.5   456.5   501.0   545.0   592.6   655.7   816.7  1553.1  9069.4  36642.3    36665
read      354.9   268.4    68.9   128.4   149.0   314.8   395.9   447.4   487.6   535.6   596.7   685.6   933.7  3262.7  9410.4  85405.1    85269
read      359.9   542.7    74.4   120.3   137.6   303.7   401.2   462.1   503.6   544.3   587.7   647.8   906.4 10430.9 23419.1  31715.4    31525
read      355.6   290.7    68.9   125.7   144.9   317.7   402.2   455.4   494.8   541.8   601.3   685.8   954.6  2044.6  6112.5  61305.1    61798
read      382.5   581.7    74.4   130.4   154.0   342.9   411.3   453.0   482.2   517.3   566.3   646.4  1016.5  5933.3 29978.7  12126.9    12253
read      513.9  1417.2    80.4   125.0   145.3   339.9   463.2   532.5   581.5   644.3   765.6  1008.9  1999.4 18911.1 38260.8  25516.6    25710
read      457.2   495.2    68.9   134.0   157.9   347.1   434.6   501.5   560.5   633.2   742.9  1474.3  2017.7  3402.8 14662.2  79829.7    79937
read      381.8   800.6    86.8   151.5   180.2   318.6   361.5   385.9   403.9   430.1   467.6   538.5  1462.6  9547.6 42165.1   7265.7     7271
read      360.8   294.2    74.4   130.7   152.4   320.1   401.2   451.6   490.0   538.1   602.5   696.3   982.6  3525.9  8000.1  85273.7    85861
read      374.8   278.1    74.4   135.3   157.9   333.2   417.3   468.2   507.1   556.0   621.0   730.7  1112.2  2336.7  9209.3  91548.6    91467
read      364.6   231.7    74.4   128.7   148.5   329.2   413.3   465.2   504.2   550.6   611.1   700.6  1007.6  2319.1  5717.7  71986.3    72217
read      342.3   403.1    74.4   119.8   137.1   302.8   377.0   426.2   464.9   507.5   555.7   624.0   914.2  5720.2 13196.2  31184.6    31080
read      347.3   220.3    74.4   125.4   144.9   314.1   395.8   445.8   484.5   530.6   587.5   673.3   899.3  1599.9  5505.8  76623.4    76878
read      346.9   230.9    74.4   126.7   147.2   311.8   390.0   437.8   475.8   524.1   585.2   675.6   917.0  1749.3  7557.8  84488.6    84584
read      342.7   560.9    80.4   121.5   138.9   300.4   353.7   385.4   409.2   437.3   482.9   559.5  1047.3  7872.0 16044.4  12499.4    12492
read      345.9   239.7    74.4   125.3   144.8   315.7   392.8   437.2   471.1   513.9   565.4   639.6   912.1  2500.3  7685.7  57239.4    57106
read      365.4   276.3    68.9   132.8   155.7   323.6   399.8   447.8   486.1   534.1   596.2   697.0  1257.2  2192.0  7652.1  96490.9    96245
read      370.2  1032.6    74.4   135.0   160.0   277.5   316.6   337.7   353.9   375.5   408.0   487.7  2508.8 11144.1 31806.3   6811.4     6791
read      364.2   267.0    68.9   131.0   153.3   326.9   407.2   456.9   495.0   541.4   605.1   707.3  1020.3  1918.8 10159.5  89934.3    90728
read      318.5   577.1    86.8   140.9   168.0   269.4   306.3   328.1   345.2   365.1   395.5   471.4  1364.4  8102.6 28066.8   5246.9     5151
read      376.1   319.3    74.4   129.4   151.5   323.8   404.0   456.6   496.7   545.2   614.2   728.9  1494.6  3204.4 10370.0  82454.3    82969
read      357.3   518.9    74.4   122.6   140.7   313.6   390.6   436.8   474.6   516.7   568.8   641.2   950.4  8896.4 27109.4  42860.6    42635
read      367.2   338.3    68.9   132.4   155.7   320.4   398.5   448.6   488.3   536.9   602.0   715.3  1155.1  3888.4  8676.0  99452.6    99337
read      378.8   283.6    74.4   136.4   160.4   334.6   419.7   471.0   511.4   561.5   627.3   735.2  1117.8  2654.7  9457.5  95527.4    95192
read      353.0   251.2    74.4   126.5   145.7   318.7   400.7   451.0   488.2   533.5   588.8   671.9   948.5  1861.7  9297.7  68933.1    69200
read      345.1   257.1    68.9   123.3   142.6   315.9   391.5   437.0   473.0   515.0   567.3   639.3   911.2  1942.1 10636.7  49860.6    49459
read      328.8   233.0    74.4   123.4   140.5   297.8   375.5   424.2   460.1   499.5   543.8   603.7   797.7  1691.6  9857.2  29054.3    29055
read      372.8   330.2    68.9   126.8   147.7   331.9   417.9   467.2   505.1   549.8   608.7   708.1  1088.5  3526.7  9967.1  64333.1    64324
read      332.3   535.3    86.8   145.7   175.6   290.2   329.4   351.8   369.7   393.3   424.8   490.0  1254.1 11974.7 15078.7   5649.1     5705
read      444.2   443.8    74.4   138.2   163.6   355.6   443.8   502.7   554.1   622.7   726.3  1063.0  1946.0  4066.5 11624.9  84312.0    84816
read      357.3   254.7    74.4   125.7   144.4   313.6   405.0   459.2   497.2   540.7   603.6   724.0  1013.6  2076.2  8988.3  23743.4    23714
read      358.4   400.3    68.9   127.7   147.6   315.3   396.9   447.3   485.4   531.0   588.3   679.6   993.9  2904.2 13915.4  74163.4    74116
read      439.1  1044.3    68.9   128.2   148.0   337.7   433.9   486.7   521.3   565.3   633.3   766.3  1701.2 13729.3 36501.7  20060.0    19948
read      388.1   449.6    74.4   125.2   144.7   318.4   412.6   477.0   526.0   580.0   646.1   792.3  1526.4  4288.2 20124.1  44197.1    44213
read      381.5   575.5    74.4   129.1   148.1   334.9   423.7   469.0   498.5   530.8   570.0   637.3  1312.2  5371.0 29800.4  19560.6    19454
read      487.7  1524.3    80.4   155.9   189.3   342.2   394.3   424.6   449.0   481.7   526.1   635.7  3966.5 31169.6 37833.1   7392.0     7190
read      400.2   380.0    74.4   132.1   152.5   338.8   435.2   497.8   545.7   601.0   667.4   789.1  1563.1  4758.9  8125.0  47325.1    47657
read      378.2   359.5    74.4   127.6   146.7   331.3   420.9   478.6   522.4   570.6   627.3   715.5  1100.3  5386.4  9734.0  44192.0    44399
read      406.6   816.1    93.8   156.1   188.0   327.9   371.3   398.4   420.2   447.1   486.6   607.1  1988.5  9991.5 36337.7   6501.1     6481
read      517.0  1803.6    86.8   169.4   203.5   325.2   368.1   394.1   414.6   442.6   489.9   598.2  5087.1 34028.1 43144.3   5777.1     5807
read      488.0   555.9    80.4   144.2   172.2   386.4   478.4   537.3   588.6   666.6   797.6  1222.4  2196.6  6193.1 16019.5  82377.7    83137
read      380.5   590.8    80.4   145.2   169.8   342.2   395.4   426.2   450.3   479.6   519.6   593.3  1178.7  5697.7 30493.8   9632.0     9580
read      367.0   327.4    74.4   125.0   143.4   321.3   415.8   477.9   520.9   568.4   621.8   698.9  1085.4  2263.1  9366.9  37373.1    37385
read      354.2   248.3    74.4   123.6   142.1   309.4   410.0   476.7   518.9   562.0   609.8   677.2   884.4  2557.8  7562.6  33786.3    33706
read      392.2   588.6    74.4   131.0   151.7   334.7   432.8   497.2   541.1   587.4   638.4   719.4  1110.1  5093.6 35777.2  35124.0    35204
read      383.1   266.4    74.4   134.2   154.9   346.0   441.2   499.3   542.0   591.5   649.6   734.3   986.7  1980.8  8903.2  50510.9    50438
read      359.8   298.4    74.4   128.1   147.7   324.8   406.4   459.7   499.5   546.5   604.1   683.1   959.5  1748.7 13653.5  48984.0    48878
read      353.4   233.3    74.4   127.9   147.4   317.8   399.9   453.0   494.8   542.2   595.2   669.4   914.0  2086.3  7868.0  42569.7    42682
read      365.8   274.8    80.4   133.0   152.3   319.5   427.1   489.4   526.8   565.6   611.5   679.7   957.2  2620.8  8041.2  27500.0    27416
read      355.8   221.5    74.4   129.2   148.7   321.1   407.4   459.7   499.2   544.7   600.1   680.2   927.1  1819.9  5368.6  64277.1    64424
read      370.8   397.6    74.4   131.0   150.6   326.3   412.0   465.5   505.6   552.6   611.7   693.0  1018.0  4474.6 15929.6  64472.0    64364
read      597.6  2282.2    93.8   170.2   200.5   324.3   365.5   389.2   404.8   431.6   476.7   595.0  9196.4 32355.8 38006.4   5582.3     5481
read      400.4   329.1    74.4   128.0   147.3   335.3   454.1   519.1   561.3   609.9   680.3   848.9  1336.4  4022.8 11335.3  25832.0    26227
read      345.9   326.3    74.4   122.5   140.6   309.1   395.9   449.1   486.2   524.8   569.6   633.1   821.1  3966.2  9996.7  26713.1    26586
read      365.4   238.7    74.4   133.5   156.4   326.1   406.1   457.9   497.8   547.2   614.9   715.1  1001.4  2129.2  7958.6  86264.6    86286
read      487.4  1604.2    74.4   124.7   145.0   322.8   418.5   479.7   522.1   575.2   662.9   863.9  1723.9 23383.4 51025.6  24609.7    24452
read      418.6   391.8    74.4   129.5   150.8   341.0   444.2   517.0   569.7   639.1   762.3   968.7  1356.4  4186.0 10372.7  26904.0    26832
read      374.9   428.4    74.4   128.7   148.0   330.8   416.0   470.2   511.5   553.8   605.9   685.4  1065.4  5487.4 12685.4  29947.4    29795
read      355.5   290.6    74.4   126.0   145.0   323.3   404.4   454.6   494.6   540.1   593.5   675.8   904.0  1885.7 11493.1  46309.1    46224
read      370.3   405.3    68.9   132.2   154.1   325.5   407.3   458.5   497.8   545.6   607.9   699.5  1028.1  3838.5 13291.5  84676.6    84587
read      359.9   265.0    74.4   128.3   148.4   329.5   410.6   458.0   493.4   535.1   588.1   669.4   959.1  1792.3 10434.7  63507.4    63389
read      350.6   271.1    74.4   125.4   145.3   323.5   395.3   437.1   471.7   515.7   569.8   644.2   984.0  1842.0 10076.7  47040.6    46953
read      379.5   337.4    68.9   134.7   159.6   336.6   419.2   469.2   508.2   556.9   621.7   728.9  1051.5  2677.8 11980.5  90278.9    90536
read      362.8   544.1    80.4   127.7   146.9   313.3   377.9   417.8   449.7   489.2   540.1   631.0  1120.1  7868.3 26749.0  12562.9    12508
read      410.9   791.8    74.4   129.3   149.9   320.9   401.8   459.7   504.8   555.2   623.1   811.5  1594.6 12931.5 31519.5  38129.7    38491
read      363.0   271.1    74.4   134.0   157.4   324.0   401.6   451.0   489.9   538.9   604.4   702.3   991.3  2054.5 10994.7  97689.7    97806
read      353.0   327.3    80.4   130.5   152.2   326.0   384.6   419.7   448.1   483.8   530.1   602.4   919.7  3929.4 12831.1  11934.9    11813
read      368.6   337.9    68.9   124.6   143.3   315.9   403.5   464.2   509.3   559.7   621.5   728.6  1276.9  2589.5 14815.1  39405.1    39665
read      362.1   396.1    74.4   127.5   146.7   324.2   407.0   457.6   496.7   541.7   594.2   671.7   870.6  4049.1 12819.4  53824.0    53571
read      368.4   392.8    68.9   127.7   148.0   324.5   406.3   455.8   492.8   537.3   596.1   690.0  1150.2  2749.5 10214.7  63186.3    63215
read      360.1   268.2    74.4   128.7   149.4   321.2   403.1   453.3   493.1   541.6   604.6   703.7  1025.8  1849.7 11441.7  78584.6    78767
read      366.7   599.2    80.4   142.1   168.7   318.0   368.1   397.3   420.9   451.5   492.5   556.5  1194.5 11854.6 18549.2   8706.3     8615
read      395.6   512.1    74.4   130.8   151.7   331.1   419.0   474.4   517.9   568.3   632.0   748.5  1556.5  6159.8 20799.4  67513.1    67903
read      463.4  1185.0    80.4   130.8   152.5   356.9   443.5   488.4   518.7   555.3   608.1   716.1  1983.3 17956.4 36889.1  16361.1    16398
read      372.6   323.2    74.4   129.0   148.9   333.3   420.8   475.4   517.8   566.3   624.6   709.3  1008.7  2571.9  8105.1  53041.1    53434
read      367.0   258.3    74.4   128.4   147.6   329.1   422.0   481.5   524.4   569.8   620.9   689.3   958.1  1690.1  9106.4  38007.4    38068
read      359.0   415.0    74.4   141.1   167.1   332.5   383.8   412.7   434.9   464.0   501.2   573.7  1016.4  4248.0 28339.7   9095.4     9130
read      372.8   268.7    74.4   132.1   152.9   334.6   422.8   476.4   515.7   563.5   624.1   715.5  1021.5  2014.0 10019.0  69036.0    69227
read      392.1   545.7    74.4   128.4   148.0   335.5   430.6   493.8   538.1   584.3   637.3   721.1  1116.3  8530.8 21977.4  37590.3    37496
read      379.1   351.7    74.4   137.8   159.6   335.9   421.2   473.1   513.5   562.2   626.7   728.9  1047.5  2927.0  9725.9  83965.7    83925
read      363.8   244.6    68.9   131.3   150.4   328.0   414.3   468.1   511.7   562.6   619.9   695.1   943.2  1822.9  7855.8  51085.1    51037
read      354.6   271.7    74.4   127.9   145.8   311.9   404.5   468.6   512.7   556.1   602.9   671.3   923.8  1764.1 11690.9  33761.7    33690
read      368.3   267.4    74.4   132.2   152.0   332.4   418.6   472.5   515.0   563.5   622.3   703.2   993.6  1936.5 10064.2  51395.4    51474
read      355.6   246.5    74.4   133.2   154.0   320.7   403.2   455.1   492.8   537.6   593.3   675.6   914.1  1579.3  8974.0  74027.4    73708
read      361.9   304.8    74.4   137.4   160.2   324.8   401.7   450.2   487.1   533.7   593.5   688.9   931.5  1905.5  8620.3  98889.1    98618
read      373.3   248.6    74.4   135.9   157.9   334.5   420.4   470.7   511.0   558.5   619.0   713.9  1020.4  2370.5  7637.7  81817.1    81977
read      381.0   382.8    68.9   138.0   162.0   336.0   419.4   467.8   505.4   551.7   617.6   728.8  1113.0  3423.6 12593.2  91495.4    91567
read      386.1   289.5    74.4   136.9   158.1   352.7   436.8   488.8   527.4   572.5   629.4   716.9  1107.7  2796.0  6424.0  48370.3    48236
read      381.3   343.7    74.4   138.3   163.0   337.6   420.1   470.8   510.8   560.5   623.8   729.1  1077.3  2966.8 12782.8  91763.4    91726
read      360.3   340.1    74.4   128.1   147.5   325.3   406.8   456.3   493.7   537.3   588.7   664.5   909.6  3964.4  8785.7  52812.6    52458
read      373.7   342.0    80.4   131.6   151.8   333.0   420.0   471.3   511.7   557.1   619.0   709.6  1017.9  2969.5 10788.9  70552.6    70467
read      361.9   219.4    74.4   130.3   150.5   325.8   413.6   467.8   507.7   556.4   616.5   698.4   956.7  1655.4  3823.3  71258.3    71151
read      371.2   243.5    74.4   131.9   152.6   334.4   424.8   477.5   517.4   566.7   626.6   714.8  1013.5  2013.0  5493.4  65416.0    65016
read      355.9   311.5    74.4   125.1   143.3   315.8   402.7   462.1   506.0   554.4   607.6   679.3   891.1  1722.2  9409.0  42060.6    42057
read      359.5   246.2    74.4   130.3   150.7   322.2   405.7   457.7   497.5   546.7   607.5   695.0   986.8  1854.9  6509.7  78925.7    78821
read      375.1   393.1    74.4   128.2   147.5   326.8   416.3   472.3   515.7   567.3   629.2   727.8  1131.8  3515.3 16729.4  60841.1    60720
read      359.8   278.5    74.4   125.4   143.8   319.7   406.1   464.0   509.8   557.1   609.9   683.9   949.9  2262.6  8787.9  40041.1    39911
read      745.6  2726.6    74.4   140.8   165.8   355.5   423.4   461.9   491.2   527.5   581.6   744.7 15053.3 34506.2 46140.8  10640.6    10628
read      452.1   947.4    74.4   135.3   157.9   346.0   433.6   492.1   538.8   597.1   681.6   854.0  1953.1 15220.1 32084.3  73392.0    73736
read      449.3  1411.3    86.8   153.4   182.4   315.8   359.0   382.9   400.3   427.1   464.6   533.0  4093.1 24095.6 39992.3   7372.0     7334
read      365.7   242.9    74.4   135.2   158.2   329.5   410.3   461.8   500.5   547.6   611.5   705.8   947.4  1827.0  8461.9  91526.9    91868
read      377.4   284.3    74.4   133.9   156.0   337.7   422.7   472.7   512.1   562.4   625.9   726.4  1022.5  2856.5  8486.7  76564.6    76670
read      627.2  2175.5    80.4   141.3   166.1   355.0   416.2   450.9   477.8   508.6   555.0   683.3  9534.7 34898.9 42894.8  10435.4    10405
read      598.9  2002.7    74.4   131.7   152.1   355.1   477.1   542.6   587.4   645.1   745.2  1013.6  4757.2 31428.4 53524.4  25924.6    26019
read      481.0  1142.8    74.4   128.9   149.8   338.4   429.0   491.6   541.7   606.1   705.2  1302.9  2054.2 16237.8 36305.0  55471.4    55530
read      361.4   275.1    80.4   124.7   142.9   316.8   426.6   490.8   529.5   568.7   614.7   678.6   887.2  2592.7 11027.0  29537.7    29615
read      363.4   269.5    74.4   129.7   148.8   325.3   413.0   465.4   504.7   551.6   611.6   694.2   991.7  2336.4 10037.2  66104.0    66057
read      362.9   314.9    74.4   128.5   147.6   324.5   408.8   461.4   501.5   548.9   608.4   685.2   984.3  3160.4  8703.1  55256.6    55281
read      617.2  2125.8    74.4   127.0   146.2   347.1   456.7   509.4   544.8   590.1   662.2   869.9  8715.3 31427.2 53199.0  21106.9    21177
read      388.9   327.3    74.4   136.7   160.3   337.8   423.2   474.8   516.3   569.9   638.6   756.0  1365.9  3154.8  8022.2  87757.7    88239
read      373.5   229.1    80.4   133.5   154.3   337.4   427.0   481.3   523.0   572.9   634.5   726.9   968.8  1885.7  6680.1  70314.9    70227
read      556.6  1742.4    74.4   125.9   145.1   337.8   447.9   506.1   544.9   591.6   665.3   913.9  7255.2 28692.4 37360.0  23437.1    23421
read      362.8   258.2    74.4   135.2   157.6   323.6   404.9   455.3   493.5   539.4   599.5   697.5  1007.6  2252.6  9496.3  97078.9    97104
read      421.5  1076.7    86.8   156.8   186.8   313.0   353.2   375.6   396.2   423.3   465.0   581.2  3436.4 15431.0 32480.5   6336.6     6235
read      390.6   334.6    74.4   132.4   152.7   337.0   430.9   488.5   531.3   581.9   645.3   756.1  1430.3  3328.3 11836.8  57932.0    58045
read      616.7  2148.9    80.4   126.6   147.4   340.4   453.5   507.9   544.0   585.8   643.2   871.9  9686.8 31030.0 35590.9  23846.3    23729
read      374.5   465.7    74.4   124.7   143.5   316.6   410.8   474.3   521.3   568.7   620.4   690.6  1085.7  6619.3 15262.7  41028.0    40897
read      374.4   252.3    80.4   131.0   150.2   338.2   427.3   482.5   525.3   575.1   632.2   711.4  1046.7  2100.6  6355.8  53262.3    53312
read      377.9   315.8    74.4   134.8   156.7   334.6   419.6   471.9   511.9   561.6   627.3   733.0  1078.6  2361.5 10129.3  87445.1    87262
read      360.8   247.6    74.4   130.9   151.7   321.4   404.0   457.8   499.4   547.7   612.3   708.8   995.7  1871.2  9674.6  81625.7    81836
read      387.4   337.0    74.4   137.9   161.7   334.5   417.3   468.9   509.9   564.6   638.9   763.9  1354.3  3598.3  7703.6  92384.0    92274
read      353.6   237.8    74.4   126.3   144.3   317.4   402.9   457.0   501.0   550.5   605.9   679.4   903.8  1601.0  8091.3  47074.3    47252
read      370.9   257.7    74.4   131.6   152.3   332.7   418.9   470.6   509.8   559.5   624.8   722.5  1019.9  1878.9  9702.5  75703.4    75747
read      367.7   462.0    74.4   129.8   150.2   320.1   404.1   456.3   497.3   546.1   610.4   713.5  1070.5  3792.7 10115.1  81037.1    80994
read      382.6   520.2    68.9   136.6   159.9   328.7   409.3   457.4   495.1   543.0   610.3   724.8  1014.0  8247.8 15386.5  98284.6    98224
read      340.4   298.4    86.8   147.8   177.0   320.1   366.4   390.7   407.6   430.5   465.3   526.2   847.2  4168.5 10760.7   7891.4     7737
read      377.6   320.1    74.4   123.9   142.3   311.7   411.2   481.7   531.4   583.3   650.7   796.5  1323.0  2944.5 12192.0  37368.6    37514
read      375.3   474.3    80.4   138.0   162.5   344.3   406.0   443.0   471.4   505.1   546.9   622.1  1012.9  5182.2 24147.1  10709.1    10640
read      357.8   286.5    68.9   133.7   154.6   319.0   399.5   449.6   488.1   535.8   596.6   690.5   938.5  1702.1 15360.7  90237.7    90490
read      357.3   242.2    74.4   133.4   155.4   322.1   399.9   447.7   486.1   534.6   596.6   690.6   921.7  1819.5  8477.5  93055.4    92514
read      374.1   383.7    74.4   134.6   156.9   326.4   407.6   458.3   497.6   546.4   614.2   720.5  1143.4  3293.4 20324.8  88932.6    89245
read      364.6   282.4    68.9   128.6   148.3   322.6   407.2   461.4   502.2   549.5   613.3   709.0  1106.9  2441.6  7873.9  73600.0    73823
read      362.2   477.8    74.4   123.4   142.2   314.6   397.8   453.9   497.9   547.7   605.2   680.5   924.0  4637.7 11954.1  46619.4    46565
read      377.6   341.0    74.4   124.6   142.6   325.4   429.6   486.2   521.4   561.2   618.0   738.7  1246.7  4315.2 12169.5  21600.6    21419
read      407.8   386.3    74.4   131.1   151.6   330.6   422.6   481.3   528.0   586.4   667.1   859.7  1965.4  3895.9 10191.6  66552.6    66915
read      347.1   263.4    74.4   121.9   139.4   306.5   401.2   462.6   505.1   546.4   592.4   653.6   869.2  2059.0 10379.8  31636.0    31667
read      356.5   272.1    74.4   127.9   147.3   315.8   401.6   456.1   497.5   544.6   602.5   687.8   967.3  2340.2  8597.6  72365.7    72255
read      387.2   310.0    74.4   139.7   164.4   338.9   422.1   472.6   513.3   563.9   633.3   761.4  1280.6  3507.6  8755.5  99586.9    99535
read      376.9   622.6    86.8   142.7   167.9   331.9   383.8   411.3   431.6   458.2   492.2   550.0  1518.0 10351.0 24639.9   9236.6     9226
read      373.6   305.1    74.4   130.9   151.1   334.0   420.6   472.6   512.8   562.4   623.1   716.0  1106.9  2408.9 10101.4  67420.0    67844
read      373.2   459.1    74.4   130.0   150.1   326.0   411.9   465.2   504.5   551.9   614.7   702.9  1043.5  4449.2 17200.5  71831.4    71413
read      414.1   574.7    74.4   142.6   168.7   354.8   439.8   492.4   533.7   587.5   661.2   794.6  1213.3  9152.3 28620.4  97200.0    97328
read      360.7   437.8    68.9   126.7   145.8   319.4   401.9   456.4   497.1   544.5   601.5   678.3   890.1  3966.5 17110.4  55480.0    55113
read      352.9   240.7    74.4   125.8   144.8   318.1   400.8   451.4   491.7   539.8   597.3   675.9   953.1  1960.1  7708.1  53885.1    53743
read      388.5   300.2    80.4   130.0   151.1   357.7   445.9   495.6   529.1   567.9   617.9   709.8  1135.5  3514.3 10540.7  15138.9    15253
read      453.4   507.8    74.4   140.2   166.7   359.3   445.4   502.7   557.3   632.4   744.7  1063.9  2020.3  3887.3 12861.1  90285.7    90605
read      476.0  1215.0    74.4   124.1   143.6   330.9   449.6   512.3   551.3   598.4   670.4   887.6  2293.0 17253.3 32343.6  25709.1    25767
read      511.9   846.6    68.9   152.5   186.0   391.1   471.9   534.6   594.0   681.5   812.1  1171.5  2081.8 14281.2 31060.6  93300.6    93458
read      377.9   268.4    74.4   138.5   162.2   335.7   419.0   470.0   510.2   560.9   627.2   732.7  1061.4  2037.2  8861.2  95414.3    95080
read      390.4   486.3    68.9   136.3   160.2   338.4   423.7   477.3   518.9   569.8   635.7   746.8  1131.4  3830.3 18908.7  88114.3    88399
read      369.7   305.5    68.9   135.8   158.5   325.7   404.7   455.7   494.1   542.6   609.7   722.3  1085.0  2787.0  9827.8  95996.6    95681
read      362.0   329.8    80.4   125.0   143.2   315.3   415.3   481.2   523.1   566.8   614.1   681.4   882.0  5164.8  9554.1  32918.3    33003
read      408.0   295.7    74.4   147.9   175.9   364.5   449.4   501.7   543.3   596.5   670.9   794.6  1166.4  2141.0 10040.1  98526.9    98809
read      353.2   257.8    68.9   127.9   146.6   317.4   399.2   448.7   487.4   533.9   590.7   675.0   947.5  2376.1 10130.1  64537.7    64610
read      368.6   290.4    74.4   127.0   145.6   325.3   411.5   465.0   506.9   555.8   615.4   704.0  1178.4  2962.4 10561.9  51356.0    51183
read      407.4   655.1    74.4   125.2   143.7   335.2   433.3   487.7   523.9   564.8   622.9   749.5  1783.2  9177.4 29432.7  20168.0    20194
read      334.6   377.5    86.8   148.2   176.4   314.4   357.4   381.2   398.9   422.6   453.6   505.0   675.6  4370.0 18046.1   7572.6     7602
read      357.4   241.6    74.4   125.9   144.4   321.8   407.2   463.2   506.7   553.6   610.1   686.4   910.9  1847.1  7826.9  46327.4    46677
read      379.9  1118.2    80.4   155.7   182.5   295.2   331.4   351.8   367.3   387.9   417.3   473.4  1479.5 16741.4 35227.9   5507.4     5577
read      352.8   320.4    74.4   123.7   141.7   315.8   415.6   469.6   501.4   533.7   570.6   624.5   773.7  5786.0 11115.0  22587.4    23035
read      353.5   245.5    74.4   126.8   145.5   318.8   402.0   454.3   493.9   541.4   598.3   676.9   913.3  2137.1  9469.1  57538.9    57516
read      350.3   227.2    74.4   127.1   145.5   317.1   399.7   450.6   488.3   533.1   589.9   671.6   912.9  1698.0  7846.5  62689.7    62851
read      364.4   302.1    74.4   126.3   144.8   320.9   416.2   479.7   523.6   570.7   622.9   693.0   962.6  2063.3  8225.4  38485.7    38431
read      358.5   325.1    74.4   125.4   143.2   317.7   419.6   476.8   513.1   548.2   590.7   653.2   871.1  3055.3 13420.7  25908.6    25729
read      349.9   246.1    74.4   127.0   145.7   327.4   418.2   463.8   493.4   523.9   556.8   605.3   775.7  3448.8  9638.5  19583.4    19443
read      350.9   307.2    80.4   126.6   144.1   322.8   413.8   462.2   493.5   525.2   560.6   613.8   832.8  3434.0 13490.4  19679.4    19461
read      357.7   254.6    74.4   126.2   144.6   321.6   405.3   462.5   504.8   552.8   606.9   680.3   872.2  2547.1  8091.1  42276.0    42341
read      335.8   466.0    93.8   154.6   180.5   296.5   333.1   353.5   368.1   386.7   412.6   471.5  1370.5  8324.6 13948.5   5717.7     5691
read      354.7   288.5    74.4   125.0   143.6   312.4   396.3   456.5   502.0   550.2   606.4   682.0   932.6  2009.4  8163.1  39790.3    40223
read      369.4   476.1    74.4   125.3   143.1   314.5   413.7   475.1   515.1   557.3   604.8   671.3   983.1  8680.2 12299.7  29827.4    29941
read      375.7   399.2    80.4   128.0   147.1   330.6   420.8   481.2   524.3   572.1   628.6   709.4  1083.3  2437.4 15800.1  40973.1    41162
read      350.6   257.7    74.4   123.9   142.1   314.4   397.1   452.3   496.1   544.7   600.3   671.7   914.1  1757.9  9580.2  43758.3    43863
read      349.7   311.4    74.4   125.0   143.3   324.1   417.0   466.6   496.3   526.6   560.8   611.1   747.1  3712.5 12398.0  20235.4    20318
read      363.9   299.3    74.4   134.7   156.5   322.2   401.0   450.3   488.1   534.4   594.1   689.7  1038.7  3271.0 12115.9  93397.1    93421
read      351.5   245.7    68.9   124.6   143.1   314.2   400.0   458.3   502.6   550.8   604.0   675.0   900.2  1596.6 11417.8  48252.6    48578
read      351.2   233.5    74.4   124.6   142.5   313.4   400.1   460.1   504.2   549.7   598.9   666.3   873.7  1715.3  8519.8  40441.1    40595
read      364.7   481.4    74.4   128.1   147.1   331.4   414.1   457.6   485.6   514.7   546.9   599.0   855.7  7777.1 19660.0  17720.0    17677
read      383.0   349.3    68.9   134.7   156.8   336.9   423.0   473.5   514.1   565.4   632.3   734.6  1121.6  3512.9 12628.0  78885.7    78948
read      335.2   314.3    80.4   140.9   165.1   323.4   370.2   395.8   414.9   436.6   467.0   517.0   741.7  3903.4 15424.3   9725.1     9703
read      363.9   734.0    86.8   141.0   165.9   316.7   364.9   389.8   406.4   427.6   456.9   503.5  1174.1 10693.2 30850.1   9685.1     9686
read      339.3   422.0    80.4   146.8   170.3   306.5   347.7   370.7   387.5   405.7   433.7   484.1  1443.7  6046.2 17068.5   7924.0     7968
read      337.3   373.2    74.4   125.8   145.1   320.6   395.8   433.0   458.5   485.3   515.0   563.3   746.2  2505.2 17080.4  15743.4    15830
read      327.3   277.5    74.4   144.6   171.2   315.1   358.5   381.6   398.2   419.4   446.9   493.5   630.3  3892.4  8084.1   8323.4     8192
read      353.4   232.5    74.4   128.6   148.5   313.6   394.7   444.9   485.0   534.3   595.0   685.5  1052.5  2185.3  6155.5  79518.9    79410
read      342.1   253.9    74.4   127.3   146.2   308.5   388.1   436.3   474.2   519.9   576.5   653.6   847.6  2479.0  5346.4  76634.3    76582
read      351.5   390.9    74.4   124.0   142.5   310.6   392.1   444.5   486.2   533.5   588.8   665.4   906.8  3874.2 14454.2  54556.6    54634
read      345.9   256.5    74.4   127.7   146.3   311.9   394.4   446.0   485.5   531.7   587.4   659.9   840.3  1471.1 10304.7  72124.6    72177
read      352.8   306.9    74.4   129.8   151.0   340.5   415.2   452.6   477.6   502.5   533.5   580.1   712.4  4323.6 14139.7  15190.9    15101
read      329.4   228.2    80.4   150.9   175.9   319.6   362.8   384.8   399.8   420.1   446.7   491.1   621.0  3852.6  8500.4   8258.3     8167
read      354.8   207.7    74.4   125.6   144.3   318.9   407.9   467.2   510.7   559.7   613.4   683.0   857.3  1798.8  5598.0  44202.9    44130
read      371.8   479.1    74.4   127.5   147.0   330.6   415.2   463.8   500.7   545.9   600.6   684.3   955.9  6813.5 15928.5  52961.7    53047
read      358.9   304.4    74.4   134.4   156.8   319.9   398.3   447.1   485.3   532.1   592.1   684.7   965.7  2211.0 11555.2  97228.0    97171
read      370.8   323.4    74.4   133.0   154.5   327.9   410.8   462.9   503.5   553.0   617.2   713.3  1018.8  2890.4 11747.9  81362.3    81360
read      352.7   326.6    74.4   127.4   147.0   312.0   393.7   444.5   484.3   531.5   588.6   673.2   923.3  2730.3  9873.7  77139.4    77277
read      363.5   380.8    74.4   126.8   146.0   316.4   408.4   470.2   514.8   563.3   617.0   690.4   993.6  3279.7 12214.8  38472.6    38294
read      330.4   241.4    80.4   134.3   156.1   317.4   369.9   397.5   418.7   443.7   474.8   526.9   715.9  3693.5  9271.6  11123.4    11165
read      354.0   269.3    74.4   128.1   147.9   318.5   400.3   450.2   488.3   535.6   594.5   680.2   922.6  1739.2  9696.0  73905.7    74155
read      339.2   366.7    74.4   132.8   154.1   322.5   382.1   413.5   433.5   458.5   489.5   536.4   681.0  4240.2 15411.5  12214.9    12255
read      344.0   218.7    68.9   123.3   142.2   310.2   390.3   443.0   484.8   533.5   590.8   667.2   866.6  1645.7  7378.3  52182.9    52404
read      342.0   334.8    74.4   127.6   146.4   323.0   400.3   438.7   466.5   494.5   529.0   582.8   758.8  2568.1 13951.5  17130.3    17057
read      330.4   527.3    86.8   157.2   188.0   302.5   336.6   355.6   369.2   386.8   410.1   467.8   687.5  6092.8 28939.5   6022.3     6005
read      387.0   430.5    74.4   138.5   162.1   339.9   425.9   479.0   518.7   565.7   628.2   731.9  1103.2  3562.1 17787.5  84837.7    85707
read      355.9   292.9    68.9   129.3   149.8   318.5   403.0   455.4   493.3   538.0   594.9   682.0   929.8  1911.2  9326.8  79702.9    79742
read      351.6   255.4    68.9   125.5   145.2   317.8   400.4   451.4   490.3   536.2   589.7   668.8   900.5  2556.0  6665.7  58334.9    58322
read      342.6   405.9    74.4   126.6   145.0   302.4   393.0   446.7   482.7   518.5   556.9   614.3   782.3  3775.3 16095.8  26165.7    26212
read      344.4   215.2    74.4   125.2   144.9   312.4   394.6   444.3   482.5   527.0   580.2   659.2   864.2  1617.1  6367.2  69692.6    69487
read      339.0   256.6    74.4   125.0   143.4   302.6   393.2   450.2   487.1   525.9   569.6   628.2   802.6  1865.9 10586.7  29635.4    29507
read      349.5   231.1    68.9   124.4   143.5   314.5   399.2   452.0   491.5   537.8   591.7   666.9   913.5  1954.1  8146.6  51297.1    51412
read      353.0   293.3    74.4   125.7   144.5   312.8   398.1   450.0   489.5   535.8   591.2   674.9   948.3  3026.8  8091.7  67356.0    67374
read      343.9   211.8    68.9   123.6   143.3   310.6   392.5   444.3   485.2   531.2   585.0   660.3   859.1  1598.9  6806.3  55206.3    55125
read      352.4   363.5    74.4   123.9   143.2   310.4   392.5   442.7   483.7   531.6   585.7   659.6   856.4  3795.1 10701.4  52952.6    53048
read      358.0   463.8    80.4   135.1   157.0   331.3   389.0   420.0   442.8   469.7   503.0   558.0   945.6  5493.0 19625.2  12268.0    12192
read      339.0   279.6    74.4   127.2   146.3   299.8   385.0   442.7   485.0   528.1   575.4   635.4   797.1  1689.7  8628.5  35705.7    36138
read      353.8   254.8    68.9   125.9   145.8   320.2   402.6   454.8   494.5   540.4   597.4   676.4   899.2  1733.1 12227.3  60562.3    60799
read      346.6   339.8    74.4   127.4   146.8   299.9   389.7   450.5   495.0   539.5   584.7   646.1   892.7  1840.8 12812.7  36132.6    36368
read      355.9   316.5    68.9   128.6   149.0   314.5   400.1   455.9   498.6   545.4   596.3   671.7   910.5  2586.6 12603.6  39760.0    39729
read      351.5   348.6    68.9   129.4   150.9   311.6   390.2   437.7   475.9   522.6   583.0   676.2   937.5  2405.3 11476.8  95555.4    95693
read      346.6   222.4    68.9   127.0   146.9   312.5   394.9   449.1   489.5   533.6   584.8   655.7   832.7  1702.9  7510.9  40777.7    40999
read      339.6   258.8    74.4   121.8   140.9   305.0   386.9   434.9   472.1   517.2   572.7   645.6   851.0  1837.4 11000.1  64894.3    65037
read      339.7   339.7    80.4   132.4   152.8   325.4   383.1   413.4   435.1   461.4   492.8   538.1   679.6  7163.5 10075.4  12765.1    12633
read      355.5   251.2    68.9   126.4   146.4   318.8   405.2   459.0   500.1   548.7   604.8   681.9   895.8  1713.5 11119.1  49949.1    50117
read      370.7   546.5    74.4   125.4   145.0   317.6   402.7   454.1   493.4   539.5   597.4   680.0  1031.5  7462.9 28440.7  62870.3    62765
read      347.0   305.8    80.4   133.1   154.5   334.1   392.1   421.5   442.5   466.5   498.0   546.4   691.3  4860.7  9709.3  12272.0    12379
read      367.1   282.7    74.4   127.7   147.5   329.3   419.1   473.9   515.5   562.8   620.6   701.0   962.3  1936.7 11227.4  49439.4    49369
read      347.6   239.8    74.4   125.3   144.6   306.6   393.8   454.6   498.3   542.7   593.3   662.0   871.4  1785.8  8066.2  39124.0    39111
read      344.1   242.9    74.4   122.4   141.7   309.9   391.1   442.5   484.4   532.4   586.8   659.9   843.6  1688.2  9274.0  52849.7    52692
read      342.5   268.7    74.4   124.8   142.7   309.9   408.8   460.7   493.9   529.0   568.3   622.7   773.8  1993.8 11706.7  24485.1    24539
read      367.2   334.1    74.4   126.4   146.4   321.2   406.9   459.3   499.2   546.6   607.6   692.2  1175.3  4353.2  9245.0  61182.3    61591
read      342.4   211.9    68.9   123.2   142.9   309.6   388.8   438.6   479.2   527.4   583.1   661.4   881.6  1661.4  6058.1  47818.3    47864
read      345.3   285.7    74.4   127.4   145.8   328.4   405.7   446.2   473.3   501.6   535.1   585.8   736.5  3132.3 12367.2  16382.3    16479
read      352.5   400.5    74.4   126.8   146.5   311.4   394.6   445.1   483.7   528.9   582.9   661.4   865.4  4035.9 15602.7  74901.7    75268
read      333.4   343.1    80.4   140.1   164.9   316.0   362.7   387.3   403.6   425.9   454.1   501.5   681.5  5109.8 12549.8   8745.1     8714
read      357.6   628.6    86.8   131.2   151.3   325.7   385.5   418.1   441.0   467.4   500.0   549.2   727.2  9733.4 31158.1  12961.1    13002
read      359.8   384.1    74.4   128.0   148.1   317.0   399.2   449.7   487.8   534.4   593.3   679.5   933.2  4711.2 17697.3  76940.6    77147
read      344.5   274.0    74.4   125.2   145.3   305.1   385.9   442.3   486.7   535.5   587.4   656.7   848.9  1597.2 10583.6  43410.9    43518
read      356.5   275.0    74.4   132.5   152.1   318.6   417.3   476.0   512.6   550.8   594.2   654.6   820.9  1831.0  7489.7  27146.3    27206
read      347.2   245.6    74.4   125.8   145.5   316.7   396.1   445.6   483.1   527.6   581.1   658.2   864.8  1568.6 10764.9  55724.0    55859
read      352.8   286.4    74.4   129.2   149.8   313.6   399.3   457.6   500.5   545.0   594.3   664.4   865.6  1736.7 10754.4  37457.1    37448
read      350.0   219.3    74.4   126.1   146.2   315.5   397.9   453.2   495.4   541.1   591.4   664.8   872.3  1930.6  8182.3  44956.6    45026
read      404.9   393.8    74.4   146.0   174.3   359.1   444.5   497.1   536.9   587.7   659.5   778.8  1118.8  2693.0 10839.2 100403.4    99974
read      349.0   267.6    74.4   125.9   145.1   316.0   397.4   447.0   486.1   531.9   587.0   664.5   885.2  1847.4  5969.5  64706.3    64632
read      353.3   381.4    74.4   123.3   142.7   313.4   393.9   445.9   486.7   532.5   586.3   661.1   849.3  4058.2 11008.9  49193.7    49061
read      348.7   214.5    74.4   128.2   148.0   312.4   393.1   443.1   482.8   530.1   589.1   674.8   927.8  1990.6  5972.2  80132.6    80418
read      352.2   379.9    74.4   128.3   147.8   327.9   405.5   445.0   470.9   499.1   532.6   583.8   779.3  5380.0 13487.7  16532.0    16471
read      347.8   245.3    68.9   124.5   143.7   305.6   395.7   458.3   501.9   545.8   592.3   658.1   921.3  1808.0  9046.4  35309.1    35694
read      341.0   336.5    74.4   129.6   148.8   327.9   391.9   425.8   451.3   479.9   511.1   566.0   761.9  1587.4 17281.2  13980.6    13935
read      358.8   252.0    74.4   129.5   150.7   321.4   401.8   451.8   490.3   538.1   598.4   688.2   998.7  2651.9  7557.2  79405.1    79838
read      354.6   301.0    74.4   124.6   144.5   314.9   398.1   451.5   493.6   541.4   593.5   670.8   940.4  3246.2 10024.2  49157.7    48842
read      337.6   345.1    74.4   125.2   143.2   318.2   394.6   433.4   460.3   489.1   522.2   570.7   706.7  4218.6 15617.0  17622.9    17708
read      345.4   311.3    74.4   128.8   147.8   303.2   394.9   454.3   493.8   533.5   578.0   637.8   811.4  2771.8 12679.4  31395.4    31401
read      360.8   335.8    74.4   125.2   144.9   319.1   400.0   451.7   491.8   537.4   591.4   677.5  1129.7  4094.1  8899.4  61970.3    62091
read      354.7   298.8    74.4   129.4   150.6   313.4   394.7   445.4   483.9   530.5   589.9   678.5   942.4  2783.8 12864.7  86936.0    87121
read      372.6   378.5    74.4   131.7   154.3   327.1   412.6   464.9   504.0   552.6   616.8   714.8  1057.9  2817.3 11848.5  82117.7    81929
read      363.8   257.2    74.4   131.1   152.6   327.4   414.8   470.3   511.8   556.9   610.7   686.4   890.4  1874.6 10080.6  42066.9    42013
read      360.3   267.3    68.9   132.1   154.9   322.4   404.3   454.7   492.4   538.0   595.6   684.5   946.5  1966.7  8885.6  90949.1    90709
read      345.5   259.2    68.9   126.1   145.2   315.3   395.9   443.1   479.9   524.3   579.4   654.1   836.8  1488.7 10103.5  67357.7    67578
read      365.8   390.1    74.4   128.6   147.4   323.8   409.9   462.7   502.1   547.1   602.8   684.5  1025.8  3309.1 12903.4  57960.0    58116
read      344.3   231.8    68.9   128.6   147.4   310.8   390.9   440.1   479.4   526.0   582.1   662.5   864.3  1634.4  9592.6  69066.9    68886
read      350.9   240.4    74.4   131.9   153.4   313.2   390.3   437.5   475.6   523.5   584.6   678.3   955.5  2026.5  6775.5  93430.3    93119
read      352.8   223.9    74.4   133.7   155.4   317.1   395.7   445.2   482.9   529.3   588.5   676.4   926.4  1760.0  7560.7  95289.7    95079
read      370.2   325.2    74.4   133.7   154.6   329.3   416.1   469.1   508.0   556.0   617.1   712.0  1033.6  2367.5  9556.7  77623.4    77456
read      387.7   823.4    74.4   133.2   153.0   336.6   409.5   448.2   472.9   500.9   534.8   588.4   924.3 12765.1 31945.6  15545.7    15723
read      354.1   446.3    74.4   142.8   165.7   327.4   378.1   403.8   424.2   448.2   480.9   535.3   833.8  7125.6 18171.3   9832.6     9867
read      319.6   307.4    80.4   142.4   167.8   302.7   342.5   366.9   384.8   404.4   434.7   495.1   674.6  3909.1 11768.1   8177.7     8176
read      355.0   227.3    68.9   132.4   153.4   317.2   395.4   446.1   485.1   533.9   594.9   689.7   998.8  1843.8  4822.7  89214.9    89745
read      337.1   299.1    80.4   136.2   158.2   322.6   373.3   401.1   422.1   447.1   480.8   528.3   704.7  4978.3 10286.9  11192.6    11058
read      347.8   311.3    74.4   126.8   146.0   308.3   391.1   440.2   478.3   525.1   582.1   668.2   873.9  2761.3 11586.6  81168.6    81413
read      338.2   326.1    74.4   121.8   140.0   312.5   402.1   447.2   478.0   508.5   544.5   592.7   732.3  2673.3 12252.9  21553.1    21659
read      342.5   269.1    74.4   122.5   140.2   308.7   404.2   460.1   495.3   531.2   571.9   629.0   775.9  1466.4 13016.1  26906.9    27181
read      342.1   311.8    74.4   124.6   143.4   325.1   404.9   444.7   471.4   499.7   533.0   580.7   723.8  1773.1 11940.4  17384.6    17420
read      336.8   288.0    74.4   121.4   138.9   306.5   397.1   447.4   480.3   512.5   549.1   605.1   770.4  1857.9 13590.9  23086.3    23028
read      350.9   454.0    68.9   121.9   139.7   298.4   389.6   450.9   493.3   535.4   580.4   640.9   871.6  7699.3 11050.0  33433.1    33694
read      340.0   232.3    68.9   122.2   140.3   300.1   391.4   452.5   493.8   534.5   579.8   640.8   872.9  1573.8  8968.1  32841.1    32735
read      346.5   220.2    74.4   124.8   144.1   314.4   395.5   445.1   482.7   528.8   582.1   656.5   903.0  1898.8  5749.1  57449.1    57645
read      341.2   223.3    74.4   122.4   141.0   310.0   389.9   440.8   481.8   528.4   580.6   651.1   826.4  1555.7  8502.3  45054.9    45216
read      347.3   270.0    74.4   124.4   143.0   311.0   394.2   446.3   487.0   532.5   586.4   665.5   866.6  2446.2  8124.9  57818.9    57659
read      365.8   279.9    74.4   132.9   154.4   325.0   407.9   459.9   500.7   549.9   614.1   709.5  1050.8  2044.3  9890.7  85188.6    85443
read      358.0   647.1    74.4   128.6   147.9   324.2   390.3   424.9   448.7   475.2   506.3   557.9   805.9  8374.1 35565.5  14462.9    14390
read      342.5   279.6    74.4   122.2   139.9   303.5   397.4   458.4   499.6   538.5   582.9   643.9   833.0  1700.2  4345.6  31294.3    31520
read      354.7   395.6    74.4   126.6   146.1   315.2   396.9   444.9   481.9   526.9   584.2   664.2   921.3  3135.0 14032.0  66873.7    67089
read      345.3   305.2    74.4   125.8   144.2   326.0   401.8   440.7   468.5   498.2   533.9   589.5   768.4  4616.1 11998.2  16675.4    16537
read      378.4   816.9    74.4   125.4   143.6   320.8   402.9   444.8   474.7   507.3   547.4   614.5  1104.6 11339.6 35764.2  18965.1    18930
read      327.4   183.9    68.9   122.7   141.6   300.9   376.2   425.1   463.8   506.5   554.4   619.8   736.1  1242.5  4744.8  46208.0    46784
read      333.2   232.7    74.4   128.3   148.3   302.9   378.2   424.3   459.7   502.6   557.3   637.9   789.1  1202.3 10141.9  93100.6    93102
read      339.8   242.9    74.4   131.1   151.5   307.9   385.2   432.8   468.3   512.2   569.9   651.2   801.4  1179.5  9253.7  89745.1    89799
read      342.2   199.7    68.9   127.7   147.0   314.8   397.2   448.0   485.9   528.6   579.7   645.8   772.1  1019.5  7101.3  66716.6    66551
read      331.3   179.6    68.9   128.3   148.3   302.8   377.9   422.9   458.8   502.7   560.4   640.2   792.3  1023.3  4143.6  93354.9    93104
read      336.8   296.6    68.9   122.6   141.5   304.3   385.9   439.1   479.2   523.4   571.6   634.7   744.2  1436.1  9601.7  44085.7    43768
read      333.0   196.2    68.9   124.4   143.4   304.3   383.7   432.7   471.1   517.2   568.5   634.3   755.2  1257.3  6776.4  54344.0    54006
read      330.9   185.0    68.9   125.8   144.7   304.7   383.7   431.7   467.5   510.5   561.7   626.1   736.3   978.9  6312.1  64636.0    64618
read      334.7   182.8    68.9   128.0   148.1   305.7   382.4   428.1   464.2   508.6   566.0   644.8   800.6  1239.8  4213.3  86203.4    86482
read      338.0   202.9    68.9   126.9   146.5   310.1   389.1   436.7   474.2   516.7   568.0   640.0   788.5  1171.2  7778.1  77673.7    77459
read      338.8   235.8    68.9   126.9   145.7   311.6   391.7   440.0   477.6   519.9   571.6   638.2   772.9  1175.7 12998.0  61494.3    61365
read      331.6   178.2    68.9   124.4   143.0   304.0   381.7   431.3   470.1   514.6   566.3   632.7   757.5  1073.0  4269.8  52428.6    52346
read      337.7   241.0    68.9   128.9   149.8   305.6   381.3   428.1   464.9   510.5   569.7   651.7   801.9  1248.0 11895.6  87351.4    87286
read      326.9   207.4    68.9   125.2   144.9   317.2   388.1   424.0   449.2   476.8   507.7   549.2   656.1  1608.7  7497.9  17535.4    17384
read      357.0   234.4    74.4   135.7   158.5   321.5   399.7   448.2   486.3   532.3   590.5   684.9   935.5  1544.2  5533.7  98413.1    98165
read      345.6   226.0    74.4   128.0   147.5   318.8   401.3   449.8   485.8   527.4   578.0   647.9   769.7  1157.3  9249.8  63308.6    63330
read      335.4   524.4    80.4   158.5   186.8   299.2   334.0   354.1   369.4   389.0   417.9   471.5   821.4  9986.6 16245.9   5944.6     5866
read      343.1   248.4    74.4   125.1   143.7   309.1   395.8   450.2   489.7   531.6   578.9   639.6   767.9  1585.8 10102.8  37676.6    37693
read      336.8   206.2    68.9   125.6   145.5   307.1   386.3   434.4   471.3   516.0   570.5   642.8   790.5  1429.3  6954.3  75335.4    75360
read      328.5   197.8    74.4   121.0   139.1   293.9   381.1   439.3   480.1   521.2   564.5   621.0   734.8  1434.4  5504.9  34765.1    34753
read      335.5   240.5    68.9   125.3   144.1   306.4   385.1   433.4   470.8   515.5   569.0   636.3   766.4  1136.4  7507.2  59822.3    59823
read      333.0   216.9    74.4   125.7   144.3   304.9   385.1   432.3   468.9   511.0   562.4   629.4   748.8  1016.2  7550.5  68301.7    68266
read      329.3   209.7    74.4   122.3   140.6   294.5   377.0   433.9   477.3   520.7   567.5   626.4   743.0  1396.1  7594.3  39449.7    39383
read      331.2   227.3    68.9   125.7   144.8   303.5   381.0   428.7   464.8   506.5   556.3   624.7   743.2   969.3  9538.3  65204.0    65072
read      327.2   288.1    74.4   122.0   139.7   290.7   377.6   431.9   471.8   511.5   552.9   609.0   703.3  1537.7  9951.7  33104.6    33192
read      335.0   251.3    68.9   124.5   143.6   305.6   381.6   430.7   469.4   512.8   566.4   635.3   752.1  1374.8 12082.0  52003.4    51847
read      331.9   201.2    68.9   124.6   143.9   304.7   383.7   430.9   467.5   509.1   561.5   628.3   744.8  1299.5  7801.5  62405.1    62362
read      335.4   226.7    68.9   128.4   149.3   305.7   380.8   427.6   465.1   509.7   565.5   639.8   780.8  1392.6  7570.0  84114.9    84073
read      334.0   223.1    68.9   126.0   145.2   306.1   385.5   432.7   469.3   511.8   562.6   631.9   755.2  1088.8  8066.3  64237.7    64213
read      331.2   198.8    74.4   123.6   140.6   300.4   392.2   445.7   481.7   516.4   555.8   610.8   728.9  1558.3  7126.8  27048.6    27059
read      336.8   193.1    68.9   125.5   144.4   307.1   388.6   438.4   476.2   521.3   573.5   639.8   787.7  1303.9  4562.9  54453.7    54703
read      371.2   288.3    74.4   137.1   160.6   330.8   412.1   461.9   499.2   545.0   609.0   711.8   999.5  3059.2  9248.3  98193.1    98366
read      335.9   259.4    68.9   121.9   140.3   300.7   394.4   452.6   491.1   529.2   570.8   627.6   740.7  1476.6  8076.0  29768.0    29565
read      336.3   189.7    68.9   126.3   145.9   308.6   388.5   437.1   475.1   518.3   570.6   640.7   777.2  1030.2  4495.6  75209.7    75000
read      332.1   188.5    74.4   125.4   144.3   305.4   384.6   432.4   469.4   512.4   564.7   629.0   740.4  1100.4  5416.1  62291.4    62235
read      335.6   271.9    68.9   123.4   141.9   303.0   379.1   430.9   472.7   519.6   572.6   636.8   757.3  1471.9 12533.4  47998.3    47788
read      329.9   209.5    74.4   125.1   143.9   303.2   381.1   427.4   462.5   505.2   556.2   623.2   742.0   992.2  6411.6  69162.9    68928
read      328.0   252.0    74.4   120.7   139.5   291.8   373.2   430.4   472.1   516.9   564.1   627.3   746.8  1359.2 11556.9  36355.4    36478
read      332.6   215.6    68.9   125.8   144.6   303.5   382.2   430.4   467.4   509.1   561.2   628.4   750.8  1366.4  8624.4  75741.1    76067
read      329.5   215.8    74.4   123.3   141.8   301.4   376.9   427.1   467.5   510.9   560.5   623.8   743.4  1236.1  5938.9  46840.6    47020
read      332.4   243.9    74.4   125.4   145.0   302.1   378.3   425.0   461.7   505.4   558.4   634.1   767.8  1308.8 10455.6  81478.9    81656
read      326.6   354.3    74.4   126.4   145.0   315.1   383.3   416.2   438.3   465.0   496.4   537.9   629.1  1568.9 16998.9  16458.9    16396
read      327.9   297.5    74.4   122.1   140.2   304.0   385.0   430.0   459.2   490.2   524.9   571.7   679.7  3344.8 10937.8  21861.7    21661
read      335.4   258.2    68.9   124.8   143.5   307.9   385.0   433.3   470.7   515.0   566.3   631.0   746.0  1107.8  9685.9  49903.4    50156
read      339.1   194.6    74.4   127.6   146.7   312.6   392.6   440.9   478.3   522.4   572.7   639.0   763.6  1086.3  6226.5  54229.7    54102
read      334.4   198.8    68.9   125.5   145.0   308.2   387.6   434.5   470.4   511.9   564.9   634.2   748.2  1050.9  7637.1  65702.9    65670
read      336.2   264.0    74.4   125.7   144.9   318.3   395.6   432.4   457.5   485.0   516.8   562.1   680.3  3680.6  8769.4  17874.9    17584
read      327.5   264.8    74.4   121.2   138.9   290.7   377.7   432.9   470.0   508.9   549.6   608.0   722.5  2198.1  9626.2  30291.4    30347
read      324.1   251.4    74.4   122.3   140.8   303.6   382.5   423.5   452.0   483.4   518.3   567.9   671.5  1630.3 10442.5  21537.1    21534
read      330.0   323.4    74.4   139.1   162.0   320.1   369.2   394.6   412.4   432.8   459.6   500.5   600.9  4019.8  8705.0  10204.6    10216
read      340.4   201.6    74.4   127.4   147.4   311.2   391.1   437.2   474.3   519.2   574.5   654.6   810.1  1439.4  5824.0  80416.6    80544
read      331.9   183.9    68.9   122.4   141.0   303.0   383.8   436.0   477.5   522.4   571.8   630.3   735.6  1174.0  5562.6  45414.9    45508
read      335.6   245.1    74.4   123.9   142.9   315.8   408.9   453.3   479.9   506.1   537.1   581.9   673.0  1506.4 11216.7  21931.4    21591
read      339.0   276.8    74.4   130.5   150.6   333.7   403.0   436.4   459.3   483.8   510.3   551.6   656.8  1588.6 18008.7  15366.9    15435
read      337.7   273.9    74.4   131.9   153.5   330.6   392.8   424.4   446.1   470.3   499.9   543.9   671.4  3058.2 11002.4  14388.6    14502
read      339.4   359.6    74.4   128.9   148.2   325.3   396.4   431.1   455.8   482.9   513.7   560.3   668.2  3814.1 13290.4  16641.7    16369
read      334.9   254.2    68.9   123.5   142.1   298.5   383.5   440.0   482.0   527.9   578.6   636.7   746.6  1404.7 12281.2  41808.0    42077
read      329.6   232.7    74.4   121.4   139.9   291.1   377.3   436.9   479.6   521.3   565.5   621.1   729.8  2092.6  9372.8  38209.7    38334
read      342.1   279.5    74.4   128.9   148.3   331.5   410.1   447.6   471.0   495.4   524.2   566.9   654.7  2182.0 12320.6  17776.6    17694
read      330.4   182.7    68.9   126.4   145.2   302.2   382.3   429.5   465.5   506.9   559.6   631.1   747.8  1175.3  4554.9  74882.3    75056
read      333.9   215.1    68.9   124.5   143.4   304.7   383.9   433.7   473.3   518.8   570.6   633.1   741.0  1070.1  7501.6  53911.4    53845
read      339.1   234.5    74.4   136.7   159.8   338.3   395.9   423.3   441.8   463.8   490.9   529.2   638.7  3053.1 11361.3   9570.3    13319

Total QPS = 50126.7 (39098864 / 780.0s)

Total connections = 64
Misses = 0 (0.0%)
Skipped TXs = 0 (0.0%)

RX 9657419655 bytes :   11.8 MB/s
TX          0 bytes :    0.0 MB/s
Warning! Detected max cpu usage > 95%
CPU Usage Stats (avg/min/max): 100.00%,48.99%,100.00%
